  -0.0041724141
  -0.0073122169
   0.0072538558
   0.0012803133
  -0.0153684743
   0.0117362440
  -0.0055204848
  -0.0031023734
  -0.0147925768
  -0.0110395222
  -0.0034012249
   0.0030359237
  -0.0164607846
  -0.0135098878
   0.0068367254
  -0.0013969029
  -0.0035338420
  -0.0107423494
  -0.0165334700
  -0.0139125244
  -0.0150250064
  -0.0051917940
  -0.0123074523
  -0.0135739592
  -0.0186959479
  -0.0064122527
  -0.0154842872
  -0.0149344628
  -0.0139882062
  -0.0205282314
  -0.0242887241
  -0.0308247067
  -0.0391576187
  -0.0437773877
  -0.0269203554
  -0.0366007164
  -0.0538819353
  -0.0477336411
  -0.0238855258
  -0.0487801943
  -0.0520879355
  -0.0306568108
  -0.0235284050
  -0.0197627950
  -0.0365922793
  -0.0416260480
  -0.0300262925
  -0.0136731637
  -0.0056649475
  -0.0180945744
  -0.0161221236
  -0.0134908828
  -0.0047681029
  -0.0093729534
  -0.0167682706
  -0.0093374757
   0.0050187012
  -0.0063243826
  -0.0157590600
  -0.0081854126
  -0.0049531891
  -0.0154087575
   0.0102599497
   0.0182300847
   0.0181142189
   0.0213821435
   0.0223203632
   0.0225032074
   0.0217750580
   0.0209516572
   0.0204284847
   0.0203101837
   0.0194675783
   0.0126103893
   0.0114706333
   0.0109227458
   0.0147021987
   0.0170780207
   0.0193522787
   0.0198536529
   0.0249223798
   0.0154038182
   0.0179637838
   0.0186882396
   0.0177609339
   0.0175770654
   0.0118172006
   0.0104641180
   0.0061042812
  -0.0050010631
   0.0121491735
   0.0165673506
  -0.0101306234
   0.0056048317
   0.0124798129
   0.0147647877
  -0.0099521091
   0.0062645714
   0.0070412149
   0.0044011845
  -0.0042655295
  -0.0030617323
   0.0070262943
  -0.0047906450
   0.0183245117
   0.0134154961
   0.0079886282
  -0.0048641910
   0.0141214395
   0.0124191922
   0.0073850034
  -0.0066722734
   0.0035360673
   0.0048604404
  -0.0095909347
   0.0046099698
   0.0155621082
   0.0116300602
   0.0200285222
   0.0197891682
   0.0181864337
   0.0164698214
   0.0170793797
   0.0179782876
   0.0174863740
   0.0208267745
   0.0093597225
   0.0097123305
  -0.0034317006
  -0.0056994529
   0.0045750493
   0.0072954479
   0.0002401650
  -0.0122693460
   0.0057234624
   0.0072388489
   0.0055008899
  -0.0059994974
  -0.0041853448
  -0.0127849870
  -0.0084933524
  -0.0034747895
   0.0013638306
  -0.0147264595
  -0.0113355058
   0.0050910202
   0.0088902034
   0.0023207309
  -0.0032435406
  -0.0038975094
  -0.0090905110
  -0.0148718453
  -0.0116850776
  -0.0135197368
  -0.0064384269
  -0.0128648326
   0.0032059502
  -0.0171721153
   0.0055297275
  -0.0041032063
  -0.0067608750
  -0.0135419933
  -0.0149364083
  -0.0133419889
  -0.0176530347
  -0.0196410317
  -0.0233879523
  -0.0282700775
  -0.0312477194
  -0.0215176836
  -0.0313815785
  -0.0391257094
  -0.0327853567
  -0.0347187242
  -0.0421886792
  -0.0349329680
  -0.0217330621
  -0.0363013126
  -0.0381254585
  -0.0249103634
  -0.0204708816
  -0.0179780570
  -0.0195443192
  -0.0282414884
  -0.0310481120
  -0.0239550262
  -0.0121399560
  -0.0161309593
  -0.0067844307
  -0.0155545018
  -0.0090244315
   0.0011016261
  -0.0161190944
  -0.0119000193
  -0.0064598156
  -0.0112829197
  -0.0157642608
  -0.0070433222
   0.0029171036
   0.0015445109
  -0.0056730768
  -0.0130385237
   0.0034832574
   0.0030015578
   0.0055906181
  -0.0073821596
  -0.0053980844
  -0.0131509765
   0.0076175736
   0.0132236041
   0.0144033699
   0.0113301772
   0.0164005654
   0.0174776473
   0.0179573708
   0.0175196364
   0.0175316765
   0.0180843792
   0.0181237313
   0.0180230870
   0.0179246467
   0.0149810891
   0.0150105930
   0.0142134575
   0.0082759233
   0.0072419515
   0.0104865536
   0.0122737211
   0.0144449164
   0.0155056538
   0.0179919201
   0.0147214991
   0.0155944589
   0.0160484804
   0.0165325019
   0.0160363615
   0.0134468746
   0.0136214278
   0.0130021790
   0.0114175674
   0.0076220387
   0.0072142065
   0.0024220148
   0.0077937124
   0.0117029809
  -0.0083194062
   0.0024852047
   0.0096297193
   0.0126367748
  -0.0031545144
   0.0053214211
   0.0079945173
   0.0097882665
  -0.0080598382
   0.0031178957
   0.0029594206
   0.0020526627
  -0.0041852665
   0.0054989268
   0.0010309472
   0.0113885577
   0.0076545701
   0.0016399819
  -0.0102754557
   0.0121061202
   0.0093249329
   0.0048491048
  -0.0040996704
   0.0084979298
   0.0063603440
   0.0001888787
  -0.0144976227
   0.0018385968
  -0.0016686786
   0.0112637412
   0.0104854651
   0.0051643284
   0.0167157474
   0.0155834741
   0.0146274230
   0.0125562502
   0.0163072659
   0.0158460884
   0.0154121671
   0.0147835904
   0.0115766467
   0.0124857456
   0.0127098489
   0.0127654756
   0.0061412417
  -0.0024309389
  -0.0039758664
   0.0033900260
   0.0053087361
   0.0003085681
  -0.0092712032
   0.0029139243
   0.0040459866
   0.0028054318
  -0.0053503519
  -0.0041016944
  -0.0106414416
  -0.0062743635
  -0.0028966355
   0.0009204039
  -0.0119322951
  -0.0090455632
   0.0025945193
   0.0033600390
   0.0006442786
  -0.0035571978
  -0.0073321942
  -0.0124996896
  -0.0096608017
  -0.0114729399
  -0.0063094285
  -0.0113958977
   0.0003578704
  -0.0147226482
  -0.0049146905
   0.0023140530
  -0.0052554968
  -0.0063796989
  -0.0114693503
  -0.0136220299
  -0.0119870161
  -0.0149323320
  -0.0159810877
  -0.0183353126
  -0.0213712467
  -0.0233697122
  -0.0173778929
  -0.0234176607
  -0.0288638530
  -0.0247122602
  -0.0207184350
  -0.0306368199
  -0.0315804912
  -0.0235697378
  -0.0275456727
  -0.0326003306
  -0.0273428669
  -0.0187387038
  -0.0278130519
  -0.0288589388
  -0.0203642409
  -0.0172599244
  -0.0155127843
  -0.0166848881
  -0.0223107705
  -0.0239961736
  -0.0193700653
  -0.0101501542
  -0.0139988226
  -0.0066290741
  -0.0130440708
   0.0037030356
  -0.0088557201
  -0.0009848308
  -0.0150619884
  -0.0144722399
  -0.0102375246
  -0.0068490388
  -0.0112545599
  -0.0140451756
  -0.0050726096
   0.0021900456
   0.0009648388
  -0.0045664416
  -0.0102427681
   0.0011250700
   0.0105713896
   0.0010943743
   0.0023391085
   0.0024020154
  -0.0062164531
  -0.0050568292
  -0.0110482943
   0.0110691792
   0.0120688783
   0.0141259972
   0.0146603918
   0.0150622349
   0.0149803661
   0.0150047394
   0.0156586723
   0.0152486984
   0.0152153299
   0.0151641144
   0.0166134076
   0.0126894233
   0.0126403994
   0.0122545783
   0.0058118523
   0.0088211943
   0.0100835900
   0.0118434488
   0.0129666088
   0.0148793117
   0.0122199742
   0.0128359842
   0.0133736295
   0.0139899623
   0.0111514292
   0.0112222608
   0.0110242537
   0.0102758349
   0.0060506505
   0.0058143552
   0.0011830082
   0.0059001144
   0.0095242064
  -0.0070733220
   0.0013534418
   0.0073850746
   0.0103271508
  -0.0172559014
  -0.0032426055
   0.0035814646
   0.0058637302
   0.0078413095
  -0.0069270835
   0.0017016411
   0.0013651224
  -0.0055788314
  -0.0002623190
   0.0119680340
   0.0077481504
   0.0039533375
  -0.0024614411
   0.0119113266
   0.0086651398
   0.0056790981
   0.0006851780
  -0.0088389201
   0.0070832355
   0.0058814016
   0.0026823333
  -0.0043760971
   0.0005304468
  -0.0031084207
   0.0096184517
   0.0086359979
   0.0157822641
   0.0134775162
   0.0126245250
   0.0113832945
   0.0095637251
   0.0148301344
   0.0134353954
   0.0129975954
   0.0124520524
   0.0125872275
   0.0102691563
   0.0105099350
   0.0103627667
   0.0048085823
  -0.0016251894
  -0.0027244536
   0.0027305069
   0.0041527233
   0.0005018008
  -0.0069642384
   0.0082789574
   0.0080444648
   0.0066513396
   0.0014826846
   0.0023431393
   0.0013970538
  -0.0037370095
  -0.0088706561
  -0.0046385943
  -0.0023219785
   0.0007882148
  -0.0072139128
   0.0013660182
   0.0048424988
   0.0068207719
   0.0060823262
   0.0028240170
   0.0019305484
  -0.0000629968
  -0.0031793470
  -0.0059855654
  -0.0104467180
  -0.0081138540
  -0.0095801184
  -0.0057750093
  -0.0098919957
  -0.0010113485
  -0.0124685822
  -0.0053455575
  -0.0075112451
   0.0005120965
  -0.0056089366
  -0.0059004479
  -0.0097567172
  -0.0120900496
  -0.0105928582
  -0.0125783120
  -0.0147713520
  -0.0167640211
  -0.0181625021
  -0.0142541905
  -0.0198355031
  -0.0220001739
  -0.0184286151
  -0.0189346003
  -0.0244712649
  -0.0239290537
  -0.0174669506
  -0.0204709257
  -0.0258788239
  -0.0250864633
  -0.0180932930
  -0.0164379537
  -0.0237757692
  -0.0254533697
  -0.0207966384
  -0.0159733722
  -0.0219396988
  -0.0225640398
  -0.0168565809
  -0.0145530977
  -0.0132355941
  -0.0141720725
  -0.0180424880
  -0.0191169248
  -0.0159303020
  -0.0117651264
  -0.0060856486
  -0.0109227674
   0.0018009167
  -0.0018376471
  -0.0081112514
  -0.0094151327
  -0.0019662208
  -0.0013051635
  -0.0088868452
  -0.0067519207
  -0.0105653779
  -0.0123250226
  -0.0036494374
   0.0018542784
   0.0007529859
  -0.0036233482
  -0.0080187320
   0.0080287177
   0.0043989857
   0.0000887262
   0.0066206976
   0.0058484265
   0.0001891428
   0.0009372299
   0.0006369921
  -0.0052548981
  -0.0046365866
   0.0089134699
   0.0097662085
   0.0120390674
   0.0124514018
   0.0124099400
   0.0121879443
   0.0137589658
   0.0133174413
   0.0133168394
   0.0133234822
   0.0138582491
   0.0134045953
   0.0125529194
   0.0124162332
   0.0123258633
   0.0127527555
   0.0097077676
   0.0097190788
   0.0093133294
   0.0068637573
   0.0075649981
   0.0093449615
   0.0105594896
   0.0123190153
   0.0098175188
   0.0106426872
   0.0113891219
   0.0122716757
   0.0148302315
   0.0103435967
   0.0105285391
   0.0108622244
   0.0111782845
   0.0122964622
   0.0085080735
   0.0085622766
   0.0083344783
   0.0037220484
  -0.0075849857
  -0.0004001937
   0.0056156424
   0.0085736579
  -0.0133135766
  -0.0032338041
   0.0022247924
   0.0055178132
   0.0079060375
  -0.0134374492
  -0.0031696697
   0.0022929185
   0.0035098148
   0.0051776775
  -0.0076316257
  -0.0002296425
  -0.0004598838
  -0.0063385589
   0.0056143680
   0.0021145567
  -0.0034156616
   0.0088981247
   0.0060215639
   0.0027993697
  -0.0023184723
  -0.0114749089
   0.0075510936
   0.0053429011
   0.0022540512
  -0.0030725875
  -0.0131547723
   0.0041744149
   0.0033443687
   0.0004133267
  -0.0058649029
  -0.0045601060
   0.0076170242
   0.0066909522
   0.0111157481
   0.0101911135
   0.0089271017
   0.0068785550
   0.0149234243
   0.0122987908
   0.0114598738
   0.0108283640
   0.0101804314
   0.0102343349
   0.0109996772
   0.0105638270
   0.0102415638
   0.0101052634
   0.0075083255
   0.0077753872
   0.0076339328
