#! FIELDS phi psi file.free der_phi der_psi
#! SET min_phi -pi
#! SET max_phi pi
#! SET nbins_phi  36
#! SET periodic_phi true
#! SET min_psi -pi
#! SET max_psi pi
#! SET nbins_psi  18
#! SET periodic_psi true
   -3.141592654   -3.141592654   17.447383081  -52.888714691   18.048858897
   -2.967059728   -3.141592654    9.681671986  -35.560766998   20.161246901
   -2.792526803   -3.141592654    5.123026970  -16.911271921   21.422087323
   -2.617993878   -3.141592654    3.619419073   -1.136149280   21.947174192
   -2.443460953   -3.141592654    4.393785514    8.909393351   22.072552599
   -2.268928028   -3.141592654    6.371030026   12.790126811   22.266905684
   -2.094395102   -3.141592654    8.602576520   12.257007190   22.993519731
   -1.919862177   -3.141592654   10.569216982   10.276405079   24.564054501
   -1.745329252   -3.141592654   12.283122486    9.770830911   27.021552815
   -1.570796327   -3.141592654   14.191681864   12.714477994   30.077982604
   -1.396263402   -3.141592654   16.968467936   19.668567393   33.158292464
   -1.221730476   -3.141592654   21.253405374   29.689610237   35.543126967
   -1.047197551   -3.141592654   27.400474688   40.560784817   36.572011421
   -0.872664626   -3.141592654   35.305793836   49.330266430   35.807420248
   -0.698131701   -3.141592654   44.354791517   53.260563679   33.107410991
   -0.523598776   -3.141592654   53.525712692   50.533336886   28.600637645
   -0.349065850   -3.141592654   61.593350137   40.652770924   22.611136039
   -0.174532925   -3.141592654   67.356412588   24.327859821   15.608531096
    0.000000000   -3.141592654   69.840062815    3.509291652    8.165430178
    0.174532925   -3.141592654   68.517694835  -18.662009716    0.897791117
    0.349065850   -3.141592654   63.518776017  -37.819150421   -5.587025668
    0.523598776   -3.141592654   55.795480036  -49.059724072  -10.755969028
    0.698131701   -3.141592654   47.102365962  -48.480497949  -14.214576015
    0.872664626   -3.141592654   39.650413521  -34.970288079  -15.771131407
    1.047197551   -3.141592654   35.497014438  -11.511255223  -15.511603364
    1.221730476   -3.141592654   35.843233426   15.308375347  -13.819699000
    1.396263402   -3.141592654   40.576022846   37.503124212  -11.270290386
    1.570796327   -3.141592654   48.284164310   48.580109173   -8.436259833
    1.745329252   -3.141592654   56.718749108   45.730106796   -5.684804436
    1.919862177   -3.141592654   63.505697040   30.217696225   -3.105286705
    2.094395102   -3.141592654   66.781607753    6.390169302   -0.566820751
    2.268928028   -3.141592654   65.585300567  -20.066904016    2.133032662
    2.443460953   -3.141592654   59.945806235  -43.703206511    5.133544389
    2.617993878   -3.141592654   50.745216248  -60.332455675    8.433316606
    2.792526803   -3.141592654   39.449957987  -67.474311475   11.881314703
    2.967059728   -3.141592654   27.793950594  -64.548284990   15.197240332

   -3.141592654   -2.792526803   25.276232377  -48.609343096   26.328128036
   -2.967059728   -2.792526803   18.081031890  -33.320695808   28.146861896
   -2.792526803   -2.792526803   13.743395198  -16.555457372   28.880114141
   -2.617993878   -2.792526803   12.178119605   -2.070353620   28.813505472
   -2.443460953   -2.792526803   12.742144753    7.595544166   28.421990438
   -2.268928028   -2.792526803   14.530140496   12.093620271   28.239459038
   -2.094395102   -2.792526803   16.757953414   13.024838126   28.699404177
   -1.919862177   -2.792526803   19.024536502   12.987617853   30.001027988
   -1.745329252   -2.792526803   21.379259072   14.338424862   32.036126505
   -1.570796327   -2.792526803   24.196551357   18.385245364   34.377221025
   -1.396263402   -2.792526803   27.963740024   25.089677173   36.359689835
   -1.221730476   -2.792526803   33.051070775   33.197447515   37.237760168
   -1.047197551   -2.792526803   39.527613492   40.621398707   36.394434741
   -0.872664626   -2.792526803   47.065615114   44.970231520   33.509553245
   -0.698131701   -2.792526803   54.947572186   44.299205808   28.634758435
   -0.523598776   -2.792526803   62.191701236   37.585613303   22.152693955
   -0.349065850   -2.792526803   67.739904791   24.990841978   14.662099876
   -0.174532925   -2.792526803   70.653657394    7.655029159    6.866504516
    0.000000000   -2.792526803   70.273208232  -12.330786977   -0.515216904
    0.174532925   -2.792526803   66.384116861  -31.974983179   -6.841505044
    0.349065850   -2.792526803   59.376744303  -47.351800460  -11.609809583
    0.523598776   -2.792526803   50.369559619  -54.185480645  -14.524103652
    0.698131701   -2.792526803   41.166124630  -49.258483775  -15.537876364
    0.872664626   -2.792526803   33.908931346  -32.109499951  -14.858129823
    1.047197551   -2.792526803   30.486279667   -6.209112172  -12.921079016
    1.221730476   -2.792526803   31.869590722   21.683926340  -10.293821983
    1.396263402   -2.792526803   37.721575825   43.810622292   -7.500074227
    1.570796327   -2.792526803   46.477641524   54.251822623   -4.849843057
    1.745329252   -2.792526803   55.847416849   50.837474419   -2.349624291
    1.919862177   -2.792526803   63.512108548   35.272608397    0.230154511
    2.094395102   -2.792526803   67.709461147   11.971163623    3.190911134
    2.268928028   -2.792526803   67.560341986  -13.635135894    6.726593004
    2.443460953   -2.792526803   63.116180955  -36.497745488   10.818492546
    2.617993878   -2.792526803   55.210861386  -52.801418100   15.228500628
    2.792526803   -2.792526803   45.209519846  -60.318747369   19.569812427
    2.967059728   -2.792526803   34.715736505  -58.524110694   23.398366452

   -3.141592654   -2.443460953   34.241681440  -44.375397693   24.024548251
   -2.967059728   -2.443460953   27.606768664  -31.119589961   25.472791238
   -2.792526803   -2.443460953   23.497948354  -16.042748049   26.049939399
   -2.617993878   -2.443460953   21.924712499   -2.534534765   26.011965055
   -2.443460953   -2.443460953   22.388475452    7.061551969   25.710208126
   -2.268928028   -2.443460953   24.139336677   12.319372110   25.506209637
   -2.094395102   -2.443460953   26.512184462   14.504475893   25.666982689
   -1.919862177   -2.443460953   29.149397306   15.709420366   26.270411161
   -1.745329252   -2.443460953   32.047862531   17.707018343   27.159235290
   -1.570796327   -2.443460953   35.431695600   21.300251761   27.942659926
   -1.396263402   -2.443460953   39.567276994   26.167656537   28.081686019
   -1.221730476   -2.443460953   44.583597293   31.131848525   27.028178798
   -1.047197551   -2.443460953   50.358333606   34.576024430   24.402209841
   -0.872664626   -2.443460953   56.481782038   34.871338951   20.117481727
   -0.698131701   -2.443460953   62.293955113   30.872271356   14.418858636
   -0.523598776   -2.443460953   66.997955431   22.174918437    7.816471950
   -0.349065850   -2.443460953   69.802333458    9.251517311    0.959672535
   -0.174532925   -2.443460953   70.061432817   -6.752055339   -5.484142683
    0.000000000   -2.443460953   67.385396667  -24.029070178  -10.921045040
    0.174532925   -2.443460953   61.760722774  -40.049586145  -14.921557472
    0.349065850   -2.443460953   53.688437535  -51.459021430  -17.264221649
    0.523598776   -2.443460953   44.298032435  -54.538691356  -17.963226163
    0.698131701   -2.443460953   35.313942410  -46.520832397  -17.246571034
    0.872664626   -2.443460953   28.733232785  -27.258948350  -15.489826545
    1.047197551   -2.443460953   26.260282830   -0.344667434  -13.140239401
    1.221730476   -2.443460953   28.682528046   27.599558641  -10.613353907
    1.396263402   -2.443460953   35.525901501   49.207753813   -8.177038419
    1.570796327   -2.443460953   45.172900174   59.107176551   -5.878925659
    1.745329252   -2.443460953   55.372813764   55.592620447   -3.552110154
    1.919862177   -2.443460953   63.905603970   40.561763165   -0.927717372
    2.094395102   -2.443460953   69.111491527   18.284891301    2.218276617
    2.268928028   -2.443460953   70.165231818   -6.198891532    5.941320406
    2.443460953   -2.443460953   67.096222477  -28.279899294   10.087879821
    2.617993878   -2.443460953   60.646650687  -44.474929949   14.336686740
    2.792526803   -2.443460953   52.049445222  -52.703249903   18.297246998
    2.967059728   -2.443460953   42.769110182  -52.361836832   21.609061768

   -3.141592654   -2.094395102   40.803027274  -41.030074202   14.229252227
   -2.967059728   -2.094395102   34.631407781  -29.135404396   15.132217025
   -2.792526803   -2.094395102   30.767342306  -15.169144537   15.620858409
   -2.617993878   -2.094395102   29.277353612   -2.383509122   15.827371767
   -2.443460953   -2.094395102   29.738202377    6.950597761   15.866261226
   -2.268928028   -2.094395102   31.476498666   12.338888980   15.827297891
   -2.094395102   -2.094395102   33.878276952   14.817677412   15.754266306
   -1.919862177   -2.094395102   36.584910623   16.132836679   15.606180113
   -1.745329252   -2.094395102   39.527904227   17.675443706   15.233090616
   -1.570796327   -2.094395102   42.806485898   19.982458565   14.377254250
   -1.396263402   -2.094395102   46.534892054   22.693622010   12.740387320
   -1.221730476   -2.094395102   50.708178584   24.893465496   10.085015833
   -1.047197551   -2.094395102   55.140890132   25.482206615    6.354794785
   -0.872664626   -2.094395102   59.463334769   23.474829684    1.736820049
   -0.698131701   -2.094395102   63.161487918   18.267864961   -3.358578141
   -0.523598776   -2.094395102   65.659790098    9.752747564   -8.397053687
   -0.349065850   -2.094395102   66.412046353   -1.623416039  -12.852249307
   -0.174532925   -2.094395102   64.988734293  -15.002102010  -16.317595617
    0.000000000   -2.094395102   61.147972176  -29.070986296  -18.566797756
    0.174532925   -2.094395102   54.928599266  -41.855560729  -19.590701140
    0.349065850   -2.094395102   46.791043000  -50.503318047  -19.566607505
    0.523598776   -2.094395102   37.751871617  -51.609280066  -18.795301018
    0.698131701   -2.094395102   29.387675626  -42.476105301  -17.600070932
    0.872664626   -2.094395102   23.553306274  -22.850180753  -16.227155789
    1.047197551   -2.094395102   21.841453225    3.909182830  -14.802673405
    1.221730476   -2.094395102   24.974498825   31.483396732  -13.336659465
    1.396263402   -2.094395102   32.469142330   52.826260124  -11.746198049
    1.570796327   -2.094395102   42.750580876   62.831209263   -9.901588295
    1.745329252   -2.094395102   53.644793897   59.892046916   -7.673404540
    1.919862177   -2.094395102   63.006903265   45.795079567   -4.992562232
    2.094395102   -2.094395102   69.216852869   24.530829678   -1.891546787
    2.268928028   -2.094395102   71.433912246    0.807337038    1.480451640
    2.443460953   -2.094395102   69.619602221  -21.016700266    4.882436972
    2.617993878   -2.094395102   64.416791079  -37.556580116    8.040129949
    2.792526803   -2.094395102   56.956762216  -46.678402203   10.719955100
    2.967059728   -2.094395102   48.622863192  -47.605845799   12.788989797

   -3.141592654   -1.745329252   42.849477797  -39.681865131    5.115514798
   -2.967059728   -1.745329252   36.883549830  -28.096055505    5.607091255
   -2.792526803   -1.745329252   33.186293050  -14.291488356    6.026310096
   -2.617993878   -1.745329252   31.834379185   -1.698969562    6.344939719
   -2.443460953   -1.745329252   32.388043909    7.299112281    6.440683770
   -2.268928028   -1.745329252   34.143792049   12.157790669    6.154593793
   -2.094395102   -1.745329252   36.450786487   13.868421597    5.341465454
   -1.919862177   -1.745329252   38.902717485   14.106087134    3.894906921
   -1.745329252   -1.745329252   41.370158770   14.185998266    1.763729594
   -1.570796327   -1.745329252   43.884872765   14.675421120   -1.034688490
   -1.396263402   -1.745329252   46.515273097   15.427392613   -4.389833688
   -1.221730476   -1.745329252   49.265336666   15.944069683   -8.096431464
   -1.047197551   -1.745329252   52.041873111   15.624237909  -11.870059408
   -0.872664626   -1.745329252   54.648721627   13.888485686  -15.387133985
   -0.698131701   -1.745329252   56.791834114   10.243396889  -18.328793284
   -0.523598776   -1.745329252   58.105482533    4.347249606  -20.422798614
   -0.349065850   -1.745329252   58.186159393   -3.869155136  -21.485532363
   -0.174532925   -1.745329252   56.644790414  -14.166177003  -21.471821499
    0.000000000   -1.745329252   53.173970058  -25.818524131  -20.517363887
    0.174532925   -1.745329252   47.657115085  -37.251086338  -18.956842715
    0.349065850   -1.745329252   40.353314054  -45.741579376  -17.252628916
    0.523598776   -1.745329252   32.084130884  -47.677591887  -15.853400613
    0.698131701   -1.745329252   24.293259268  -39.869753390  -15.024762934
    0.872664626   -1.745329252   18.800170899  -21.484555188  -14.743150184
    1.047197551   -1.745329252   17.256326687    4.580075949  -14.725392640
    1.221730476   -1.745329252   20.501015013   32.208626051  -14.569466385
    1.396263402   -1.745329252   28.178272529   54.276820140  -13.913433237
    1.570796327   -1.745329252   38.808918056   65.410439828  -12.559514177
    1.745329252   -1.745329252   50.260041874   63.666648884  -10.507989480
    1.919862177   -1.745329252   60.370547385   50.524764533   -7.931352171
    2.094395102   -1.745329252   67.458654807   29.767879438   -5.105218764
    2.268928028   -1.745329252   70.595885549    6.017104837   -2.333099166
    2.443460953   -1.745329252   69.651893873  -16.332841016    0.121777800
    2.617993878   -1.745329252   65.193660247  -33.750494166    2.087584067
    2.792526803   -1.745329252   58.310771973  -43.872708622    3.513439302
    2.967059728   -1.745329252   50.388211640  -45.678343462    4.473566070

   -3.141592654   -1.396263402   41.952023705  -39.549190524    1.013186922
   -2.967059728   -1.396263402   36.027755957  -27.743922524    0.963480775
   -2.792526803   -1.396263402   32.408993543  -13.791710796    0.956913322
   -2.617993878   -1.396263402   31.131549612   -1.431015541    0.919339516
   -2.443460953   -1.396263402   31.673097392    6.797699785    0.652958501
   -2.268928028   -1.396263402   33.235177709   10.363729941   -0.103422261
   -2.094395102   -1.396263402   35.087003922   10.401004347   -1.608288021
   -1.919862177   -1.396263402   36.774588789    8.811322462   -4.041720687
   -1.745329252   -1.396263402   38.165920182    7.197528965   -7.425945575
   -1.570796327   -1.396263402   39.345528534    6.476187481  -11.561384304
   -1.396263402   -1.396263402   40.496960011    6.840957265  -16.022565896
   -1.221730476   -1.396263402   41.790405100    8.021476623  -20.245275727
   -1.047197551   -1.396263402   43.319872522    9.416069436  -23.671894241
   -0.872664626   -1.396263402   45.055448068   10.217892658  -25.882495730
   -0.698131701   -1.396263402   46.813293944    9.533898188  -26.659703920
   -0.523598776   -1.396263402   48.263885081    6.589960534  -25.986711569
   -0.349065850   -1.396263402   48.965178940    0.901515214  -24.026804790
   -0.174532925   -1.396263402   48.421276558   -7.664059972  -21.114114389
    0.000000000   -1.396263402   46.156970069  -18.704499565  -17.743363038
    0.174532925   -1.396263402   41.840803110  -30.826768998  -14.515687867
    0.349065850   -1.396263402   35.508022951  -41.211353506  -12.002452424
    0.523598776   -1.396263402   27.806733918  -45.765271945  -10.569627721
    0.698131701   -1.396263402   20.120247551  -40.510527164  -10.241908362
    0.872664626   -1.396263402   14.351920814  -23.804321715  -10.691800102
    1.047197551   -1.396263402   12.355794057    1.945657275  -11.375542879
    1.221730476   -1.396263402   15.215622559   30.617985090  -11.748275271
    1.396263402   -1.396263402   22.776347404   54.611085088  -11.440442755
    1.570796327   -1.396263402   33.652526488   67.851142322  -10.341163223
    1.745329252   -1.396263402   45.684541340   67.754927054   -8.573850629
    1.919862177   -1.396263402   56.593326314   55.420089469   -6.412566834
    2.094395102   -1.396263402   64.540401629   34.566971066   -4.184799564
    2.268928028   -1.396263402   68.453273440   10.008219893   -2.188708890
    2.443460953   -1.396263402   68.104678639  -13.533052787   -0.634817182
    2.617993878   -1.396263402   64.026461991  -32.170880993    0.385313615
    2.792526803   -1.396263402   57.331350065  -43.234449801    0.900763299
    2.967059728   -1.396263402   49.471867909  -45.527318822    1.049307335

   -3.141592654   -1.047197551   39.196623960  -41.399113971    2.638251391
   -2.967059728   -1.047197551   32.997916446  -29.008135615    1.531346465
   -2.792526803   -1.047197551   29.216470180  -14.417390056    0.345269638
   -2.617993878   -1.047197551   27.865150416   -1.736488025   -0.883077535
   -2.443460953   -1.047197551   28.338642610    6.204966553   -2.240668081
   -2.268928028   -1.047197551   29.718219155    8.742280613   -3.926632021
   -2.094395102   -1.047197551   31.147209967    7.088168962   -6.203922113
   -1.919862177   -1.047197551   32.080475960    3.460789515   -9.286235124
   -1.745329252   -1.047197551   32.370197792    0.008710543  -13.189080421
   -1.570796327   -1.047197551   32.192504617   -1.695861509  -17.608750795
   -1.396263402   -1.047197551   31.929690900   -0.936527130  -21.935786824
   -1.221730476   -1.047197551   32.012758887    2.167070985  -25.420602803
   -1.047197551   -1.047197551   32.780501644    6.692473030  -27.426356728
   -0.872664626   -1.047197551   34.360481139   11.185379199  -27.618524337
   -0.698131701   -1.047197551   36.602675949   14.029880821  -26.019401541
   -0.523598776   -1.047197551   39.095340841   13.867973334  -22.942397921
   -0.349065850   -1.047197551   41.227633230    9.805558957  -18.886996080
   -0.174532925   -1.047197551   42.278790564    1.462786889  -14.451590395
    0.000000000   -1.047197551   41.519449780  -10.827109116  -10.259092059
    0.174532925   -1.047197551   38.373577856  -25.473060906   -6.848853811
    0.349065850   -1.047197551   32.696722008  -39.107339440   -4.551482947
    0.523598776   -1.047197551   25.080644721  -46.805853991   -3.397365564
    0.698131701   -1.047197551   17.004391806  -43.727211659   -3.127547818
    0.872664626   -1.047197551   10.594623978  -27.680162845   -3.317120980
    1.047197551   -1.047197551    7.979666347   -1.058650782   -3.545682675
    1.221730476   -1.047197551   10.473528065   29.531762933   -3.523353012
    1.396263402   -1.047197551   18.040274766   55.742964115   -3.119168159
    1.570796327   -1.047197551   29.283424401   70.802397375   -2.324885938
    1.745329252   -1.047197551   41.930799345   71.689409684   -1.207594979
    1.919862177   -1.047197551   53.542070752   59.375869487    0.118447274
    2.094395102   -1.047197551   62.120383340   37.728767083    1.496777275
    2.268928028   -1.047197551   66.476109999   11.867236406    2.741995726
    2.443460953   -1.047197551   66.324202742  -13.127957690    3.670130236
    2.617993878   -1.047197551   62.199910598  -33.054178974    4.140183571
    2.792526803   -1.047197551   55.267451577  -44.987337088    4.085230097
    2.967059728   -1.047197551   47.066411734  -47.605205811    3.544637201

   -3.141592654   -0.698131701   38.738495178  -45.281233269    2.773631167
   -2.967059728   -0.698131701   31.848944463  -32.976602915    0.611393389
   -2.792526803   -0.698131701   27.391293193  -18.164424994   -1.651481127
   -2.617993878   -0.698131701   25.410555468   -5.221892408   -3.876066757
   -2.443460953   -0.698131701   25.280684796    2.708014903   -6.058069889
   -2.268928028   -0.698131701   26.011447890    4.707729586   -8.343176349
   -2.094395102   -0.698131701   26.647362423    1.959195307  -10.972179936
   -1.919862177   -0.698131701   26.568265913   -3.005488565  -14.131917779
   -1.745329252   -0.698131701   25.636738072   -7.386712595  -17.772232921
   -1.570796327   -0.698131701   24.165324593   -8.884756289  -21.481209796
   -1.396263402   -0.698131701   22.778251625   -6.359215415  -24.549555436
   -1.221730476   -0.698131701   22.175351744   -0.081430320  -26.210968547
   -1.047197551   -0.698131701   22.886755803    8.340826004  -25.959345570
   -0.872664626   -0.698131701   25.088165750   16.555706339  -23.742628725
   -0.698131701   -0.698131701   28.529677892   22.198044889  -19.956493403
   -0.523598776   -0.698131701   32.596730181   23.495470162  -15.276971065
   -0.349065850   -0.698131701   36.430744807   19.438784985  -10.446808783
   -0.174532925   -0.698131701   39.064915486    9.760945437   -6.109751847
    0.000000000   -0.698131701   39.560629240   -4.874626637   -2.702407917
    0.174532925   -0.698131701   37.210119711  -22.332861034   -0.364753492
    0.349065850   -0.698131701   31.848277750  -38.542749114    1.072640880
    0.523598776   -0.698131701   24.167756914  -47.932381888    2.003805498
    0.698131701   -0.698131701   15.836233861  -45.337978123    2.853919321
    0.872664626   -0.698131701    9.185247160  -28.704705779    3.868668626
    1.047197551   -0.698131701    6.490619984   -0.911120843    5.020150065
    1.221730476   -0.698131701    9.119624148   30.891153515    6.091294093
    1.396263402   -0.698131701   17.007826459   57.989863542    6.863028170
    1.570796327   -0.698131701   28.689326369   73.500770255    7.266339120
    1.745329252   -0.698131701   41.818448658   74.451033779    7.397498561
    1.919862177   -0.698131701   53.893408377   61.879218814    7.422918446
    2.094395102   -0.698131701   62.864514485   39.678035787    7.453310813
    2.268928028   -0.698131701   67.490812660   12.975693798    7.474965838
    2.443460953   -0.698131701   67.439466569  -13.111868663    7.363004126
    2.617993878   -0.698131701   63.210851738  -34.281047294    6.941762514
    2.792526803   -0.698131701   55.958023169  -47.408535182    6.054181983
    2.967059728   -0.698131701   47.247541842  -50.966652588    4.643530563

   -3.141592654   -0.349065850   39.404453779  -50.630383668    3.208942402
   -2.967059728   -0.349065850   31.540110042  -38.701604765    0.269219862
   -2.792526803   -0.349065850   26.087391687  -23.765404435   -2.742881236
   -2.617993878   -0.349065850   23.162281793  -10.421974373   -5.620716237
   -2.443460953   -0.349065850   22.156901286   -2.161979450   -8.295392136
   -2.268928028   -0.349065850   22.040160225   -0.208342983  -10.861794362
   -2.094395102   -0.349065850   21.781714835   -3.423744872  -13.505199637
   -1.919862177   -0.349065850   20.712074170   -8.937805464  -16.329490102
   -1.745329252   -0.349065850   18.734319825  -13.280102839  -19.175148031
   -1.570796327   -0.349065850   16.324663953  -13.494091698  -21.542542322
   -1.396263402   -0.349065850   14.353075046   -8.210486660  -22.734938158
   -1.221730476   -0.349065850   13.749159819    1.863522703  -22.156321314
   -1.047197551   -0.349065850   15.145649259   14.170274336  -19.627447166
   -0.872664626   -0.349065850   18.641429038   25.328424690  -15.503323495
   -0.698131701   -0.349065850   23.756829253   32.300924312  -10.547865562
   -0.523598776   -0.349065850   29.575289446   33.177613410   -5.650876067
   -0.349065850   -0.349065850   34.953386527   27.249356325   -1.536473478
   -0.174532925   -0.349065850   38.720077619   14.835644691    1.411928987
    0.000000000   -0.349065850   39.850273285   -2.627502877    3.210314115
    0.174532925   -0.349065850   37.691416046  -22.205254534    4.253926931
    0.349065850   -0.349065850   32.261031032  -39.211812653    5.166351102
    0.523598776   -0.349065850   24.503045541  -47.944371669    6.551994155
    0.698131701   -0.349065850   16.303845699  -43.738083869    8.709554143
    0.872664626   -0.349065850   10.083974011  -25.455366662   11.456802629
    1.047197551   -0.349065850    8.046443085    3.178093169   14.207458945
    1.221730476   -0.349065850   11.379736939   34.686676042   16.277801803
    1.396263402   -0.349065850   19.839821857   60.654564807   17.226854834
    1.570796327   -0.349065850   31.867503365   74.818006431   17.035060201
    1.745329252   -0.349065850   45.129289833   74.734878217   16.032104563
    1.919862177   -0.349065850   57.199174239   61.618056885   14.673840344
    2.094395102   -0.349065850   66.102280320   39.189793040   13.316482996
    2.268928028   -0.349065850   70.625489536   12.259123073   12.096792814
    2.443460953   -0.349065850   70.409447244  -14.338415772   10.941424136
    2.617993878   -0.349065850   65.894103065  -36.411484825    9.648363665
    2.792526803   -0.349065850   58.169942660  -50.709200443    7.990853597
    2.967059728   -0.349065850   48.778047554  -55.441024519    5.837311896

   -3.141592654    0.000000000   40.682561139  -56.200912247    2.563393136
   -2.967059728    0.000000000   31.809679037  -44.602002957   -0.310592631
   -2.792526803    0.000000000   25.330575057  -29.551124419   -3.120857251
   -2.617993878    0.000000000   21.427909805  -15.809515971   -5.700332814
   -2.443460953    0.000000000   19.517737373   -7.164528336   -8.014895800
   -2.268928028    0.000000000   18.543781986   -5.073865583  -10.169310519
   -2.094395102    0.000000000   17.430807963   -8.357253107  -12.310307890
   -1.919862177    0.000000000   15.504022689  -13.741117964  -14.454030453
   -1.745329252    0.000000000   12.754879463  -17.121193165  -16.343330288
   -1.570796327    0.000000000    9.851613584  -15.075173163  -17.441755868
   -1.396263402    0.000000000    7.892417667   -6.323904804  -17.140792264
   -1.221730476    0.000000000    7.959353032    7.641729299  -15.074096286
   -1.047197551    0.000000000   10.658283806   23.093988176  -11.381345072
   -0.872664626    0.000000000   15.863161769   35.641621589   -6.726135997
   -0.698131701    0.000000000   22.745990911   41.889589562   -2.058370867
   -0.523598776    0.000000000   30.045282132   40.332709576    1.748004302
   -0.349065850    0.000000000   36.393756019   31.166856925    4.206837078
   -0.174532925    0.000000000   40.573944759   15.775095504    5.336282347
    0.000000000    0.000000000   41.690446512   -3.463326209    5.609480064
    0.174532925    0.000000000   39.356965052  -23.059213005    5.798687165
    0.349065850    0.000000000   33.906870918  -38.338296465    6.708491518
    0.523598776    0.000000000   26.537766044  -44.289870461    8.875067290
    0.698131701    0.000000000   19.218519075  -37.463017124   12.308201898
    0.872664626    0.000000000   14.230861508  -17.929156229   16.419357498
    1.047197551    0.000000000   13.473204345    9.984688981   20.239672255
    1.221730476    0.000000000   17.804070128   39.103657346   22.842241053
    1.396263402    0.000000000   26.767505697   61.989631842   23.723364677
    1.570796327    0.000000000   38.779942541   73.446862534   22.951154436
    1.745329252    0.000000000   51.638709968   71.685631391   21.023178079
    1.919862177    0.000000000   63.110573312   57.979533040   18.574718563
    2.094395102    0.000000000   71.382845000   35.677450295   16.111802855
    2.268928028    0.000000000   75.322793798    9.084466388   13.875626642
    2.443460953    0.000000000   74.568714593  -17.385738212   11.855057014
    2.617993878    0.000000000   69.502905745  -39.757246934    9.879343346
    2.792526803    0.000000000   61.140278304  -54.730395820    7.735369442
    2.967059728    0.000000000   50.971814574  -60.300256424    5.291930479

   -3.141592654    0.349065850   41.936502134  -61.206949990    1.460770539
   -2.967059728    0.349065850   32.175332108  -49.701668133   -0.401283093
   -2.792526803    0.349065850   24.824216681  -34.375095191   -2.057041430
   -2.617993878    0.349065850   20.123435787  -20.100734886   -3.487004896
   -2.443460953    0.349065850   17.513058449  -10.909969512   -4.752289207
   -2.268928028    0.349065850   15.920206636   -8.451594374   -5.975881532
   -2.094395102    0.349065850   14.238552667  -11.491303746   -7.258180895
   -1.919862177    0.349065850   11.798631892  -16.404628290   -8.556871966
   -1.745329252    0.349065850    8.674190957  -18.598453717   -9.614037553
   -1.570796327    0.349065850    5.687088976  -14.397122758   -9.999030330
   -1.396263402    0.349065850    4.088928405   -2.798949809   -9.303185623
   -1.221730476    0.349065850    5.017365281   13.881693139   -7.378816703
   -1.047197551    0.349065850    8.967119627   30.927625755   -4.493467598
   -0.872664626    0.349065850   15.551146101   43.296104710   -1.266158153
   -0.698131701    0.349065850   23.626956554   47.653641524    1.587745678
   -0.523598776    0.349065850   31.689235101   43.229672520    3.566728776
   -0.349065850    0.349065850   38.290825218   31.268042437    4.593546179
   -0.174532925    0.349065850   42.316926545   14.144395282    5.014549071
    0.000000000    0.349065850   43.120648447   -5.098551839    5.456237490
    0.174532925    0.349065850   40.638728194  -22.834700345    6.610921817
    0.349065850    0.349065850   35.498836875  -34.856702154    8.985793737
    0.523598776    0.349065850   29.056891843  -37.212573629   12.690290974
    0.698131701    0.349065850   23.222280491  -27.821179202   17.321149113
    0.872664626    0.349065850   19.992053371   -7.852049621   22.023924696
    1.047197551    0.349065850   20.852964343   18.087192391   25.780882682
    1.221730476    0.349065850   26.290635541   43.498873251   27.800829443
    1.396263402    0.349065850   35.654393959   62.225188120   27.792390268
    1.570796327    0.349065850   47.393362702   70.284144497   26.006651534
    1.745329252    0.349065850   59.505031216   66.543800418   23.042394163
    1.919862177    0.349065850   70.011002445   52.259569315   19.572060840
    2.094395102    0.349065850   77.306456745   30.306786256   16.124208640
    2.268928028    0.349065850   80.368191824    4.400692362   12.989062183
    2.443460953    0.349065850   78.848787542  -21.523142852   10.239914783
    2.617993878    0.349065850   73.081549788  -43.736299694    7.809689796
    2.792526803    0.349065850   64.009698021  -58.930137302    5.580062596
    2.967059728    0.349065850   53.070042488  -64.923040679    3.467108275

   -3.141592654    0.698131701   43.413846208  -63.976699003   -0.193316360
   -2.967059728    0.698131701   33.167285271  -52.468803028   -0.716915418
   -2.792526803    0.698131701   25.339289147  -37.044649475   -0.933689479
   -2.617993878    0.698131701   20.186923050  -22.590132536   -0.978104514
   -2.443460953    0.698131701   17.158121142  -13.213649278   -0.999120210
   -2.268928028    0.698131701   15.176188332  -10.607128095   -1.130306280
   -2.094395102    0.698131701   13.132561446  -13.461087822   -1.444655234
   -1.919862177    0.698131701   10.380546052  -17.947011655   -1.909105238
   -1.745329252    0.698131701    7.056239485  -19.252932384   -2.378160606
   -1.570796327    0.698131701    4.068299819  -13.684164598   -2.639050820
   -1.396263402    0.698131701    2.730039416   -0.544265806   -2.519018057
   -1.221730476    0.698131701    4.162911720   17.292971031   -1.984794497
   -1.047197551    0.698131701    8.745977321   34.594344362   -1.174369028
   -0.872664626    0.698131701   15.913919898   46.157552211   -0.321134755
   -0.698131701    0.698131701   24.363757018   49.009547189    0.395734621
   -0.523598776    0.698131701   32.527657455   43.112602814    0.984092155
   -0.349065850    0.698131701   39.034106311   30.477741738    1.685030104
   -0.174532925    0.698131701   42.957437743   13.990183492    2.885528591
    0.000000000    0.698131701   43.892016159   -3.230819451    4.976138433
    0.174532925    0.698131701   41.989417576  -17.953106910    8.201387384
    0.349065850    0.698131701   37.987194173  -26.756592849   12.525966252
    0.523598776    0.698131701   33.188886296  -26.705565504   17.566555432
    0.698131701    0.698131701   29.275490292  -16.672516484   22.616952352
    0.872664626    0.698131701   27.885736242    1.713240559   26.795328821
    1.047197551    0.698131701   30.131587573   24.140893108   29.319653820
    1.221730476    0.698131701   36.239532288   45.069914765   29.781163202
    1.396263402    0.698131701   45.495384724   59.555048138   28.254409058
    1.570796327    0.698131701   56.479639559   64.553135859   25.215292235
    1.745329252    0.698131701   67.438105279   59.322087209   21.311836167
    1.919862177    0.698131701   76.659479698   44.961393458   17.148583651
    2.094395102    0.698131701   82.746735203   23.864098136   13.160594814
    2.268928028    0.698131701   84.789772742   -0.812085124    9.596711200
    2.443460953    0.698131701   82.463965789  -25.593058341    6.564026276
    2.617993878    0.698131701   76.061786170  -47.010388731    4.087085613
    2.792526803    0.698131701   66.458503811  -61.796847455    2.153761059
    2.967059728    0.698131701   55.029468276  -67.670531296    0.738387675

   -3.141592654    1.047197551   42.148531380  -64.008978289   -4.977211670
   -2.967059728    1.047197551   31.988417685  -51.501237403   -4.183448978
   -2.792526803    1.047197551   24.383315076  -35.534180013   -3.069631181
   -2.617993878    1.047197551   19.505918931  -21.019028459   -1.897028010
   -2.443460953    1.047197551   16.726830668  -11.966950654   -0.861100121
   -2.268928028    1.047197551   14.918543862   -9.875998033   -0.065652079
   -2.094395102    1.047197551   12.956657924  -13.236857317    0.469974414
   -1.919862177    1.047197551   10.208712296  -18.096468200    0.770909837
   -1.745329252    1.047197551    6.837408381  -19.618732771    0.850944236
   -1.570796327    1.047197551    3.773468063  -14.185786677    0.686110805
   -1.396263402    1.047197551    2.334756840   -1.211534513    0.231671283
   -1.221730476    1.047197551    3.630511115   16.368574576   -0.512466122
   -1.047197551    1.047197551    8.026749107   33.378716460   -1.431694178
   -0.872664626    1.047197551   14.966975025   44.810590612   -2.270591254
   -0.698131701    1.047197551   23.201346393   47.985782441   -2.664961096
   -0.523598776    1.047197551   31.265916230   43.137465304   -2.224907128
   -0.349065850    1.047197551   37.928885569   32.377345157   -0.628310816
   -0.174532925    1.047197551   42.398715931   18.432924418    2.286978414
    0.000000000    1.047197551   44.352461491    4.001573101    6.467529362
    0.174532925    1.047197551   43.933677465   -8.301130906   11.620172456
    0.349065850    1.047197551   41.756550106  -15.725195806   17.209280177
    0.523598776    1.047197551   38.890868951  -15.887254889   22.508772754
    0.698131701    1.047197551   36.713931890   -7.889916285   26.721349483
    0.872664626    1.047197551   36.563754456    6.931410504   29.161807916
    1.047197551    1.047197551   39.348284919   25.059150038   29.468809605
    1.221730476    1.047197551   45.252961096   41.942847252   27.721379324
    1.396263402    1.047197551   53.682671110   53.432015829   24.370773144
    1.570796327    1.047197551   63.435341183   56.780960755   20.047559194
    1.745329252    1.047197551   72.982554638   51.084720133   15.338189711
    1.919862177    1.047197551   80.786056613   37.041907751   10.673315625
    2.094395102    1.047197551   85.550660607   16.670488243    6.325367097
    2.268928028    1.047197551   86.415959575   -7.091183804    2.480586057
    2.443460953    1.047197551   83.082718582  -30.834101954   -0.705606557
    2.617993878    1.047197551   75.865954537  -51.071297605   -3.095253276
    2.792526803    1.047197551   65.666815504  -64.529106561   -4.591218091
    2.967059728    1.047197551   53.880949470  -68.998279983   -5.185279552

   -3.141592654    1.396263402   37.209330719  -62.633895140  -10.544918925
   -2.967059728    1.396263402   27.435536226  -48.538355799   -8.948538883
   -2.792526803    1.396263402   20.440478334  -31.616969580   -7.047196426
   -2.617993878    1.396263402   16.281535292  -16.801622873   -5.169726150
   -2.443460953    1.396263402   14.223696463   -7.990101355   -3.498675876
   -2.268928028    1.396263402   13.062528653   -6.475635555   -2.054828529
   -2.094395102    1.396263402   11.630733001  -10.583048078   -0.764541091
   -1.919862177    1.396263402    9.271369907  -16.328940479    0.415589809
   -1.745329252    1.396263402    6.115650162  -18.969388069    1.393601035
   -1.570796327    1.396263402    3.045843897  -14.954938578    1.945339569
   -1.396263402    1.396263402    1.336652365   -3.547846906    1.844373323
   -1.221730476    1.396263402    2.105819373   12.756578331    1.057423880
   -1.047197551    1.396263402    5.820767357   29.365944216   -0.129126325
   -0.872664626    1.396263402   12.119520342   41.705797814   -1.152574292
   -0.698131701    1.396263402   19.993417115   47.171244691   -1.363472606
   -0.523598776    1.396263402   28.194971851   45.647638267   -0.258673499
   -0.349065850    1.396263402   35.620542151   38.605161001    2.364834024
   -0.174532925    1.396263402   41.480556793   28.007669900    6.376430185
    0.000000000    1.396263402   45.322605910   15.831355380   11.361071801
    0.174532925    1.396263402   47.048136283    4.127747610   16.698792063
    0.349065850    1.396263402   46.952277277   -4.636081649   21.638359994
    0.523598776    1.396263402   45.768521233   -7.969293000   25.402764160
    0.698131701    1.396263402   44.598482740   -4.402515254   27.342902814
    0.872664626    1.396263402   44.641788224    5.705601964   27.116287639
    1.047197551    1.396263402   46.851198402   19.898639952   24.818068652
    1.221730476    1.396263402   51.617015894   34.317411783   20.953273506
    1.396263402    1.396263402   58.615138941   44.874355617   16.230504056
    1.570796327    1.396263402   66.873129977   48.317416176   11.301695362
    1.745329252    1.396263402   74.982161210   43.075769130    6.577228882
    1.919862177    1.396263402   81.423405481   29.408330125    2.221859279
    2.094395102    1.396263402   84.878528167    9.298557436   -1.733728726
    2.268928028    1.396263402   84.486997704  -14.065852932   -5.242252104
    2.443460953    1.396263402   80.000537209  -36.977050315   -8.166518118
    2.617993878    1.396263402   71.825848507  -55.792853433  -10.294022850
    2.792526803    1.396263402   60.963241710  -67.328777080  -11.420178860
    2.967059728    1.396263402   48.874049306  -69.643559867  -11.467430184

   -3.141592654    1.745329252   30.940404416  -59.810164648  -17.118964502
   -2.967059728    1.745329252   21.794012426  -44.307567361  -15.678981938
   -2.792526803    1.745329252   15.597006250  -26.843280211  -13.780587502
   -2.617993878    1.745329252   12.264365059  -12.199559811  -11.669481239
   -2.443460953    1.745329252   10.964728381   -3.934798387   -9.476166235
   -2.268928028    1.745329252   10.459865710   -2.998119575   -7.207938621
   -2.094395102    1.745329252    9.592237487   -7.587480819   -4.808506705
   -1.919862177    1.745329252    7.711354464  -13.884423568   -2.279966081
   -1.745329252    1.745329252    4.909158167  -17.454786495    0.208626899
   -1.570796327    1.745329252    1.984807074  -14.889669973    2.318964378
   -1.396263402    1.745329252    0.141824578   -5.143668772    3.695781879
   -1.221730476    1.745329252    0.519298097   10.005373282    4.199855311
   -1.047197551    1.745329252    3.742570898   26.732831170    4.070097119
   -0.872664626    1.745329252    9.710811056   40.814698485    3.875937916
   -0.698131701    1.745329252   17.682548387   49.351016422    4.279396110
   -0.523598776    1.745329252   26.577194126   51.414303971    5.747686118
   -0.349065850    1.745329252   35.297458016   47.523648453    8.371102626
   -0.174532925    1.745329252   42.904085882   38.846161381   11.859386920
    0.000000000    1.745329252   48.682866767   26.877395487   15.645110110
    0.174532925    1.745329252   52.219019051   13.518564297   19.025419058
    0.349065850    1.745329252   53.493495707    1.430521549   21.291623776
    0.523598776    1.745329252   52.991005218   -6.341172997   21.870865096
    0.698131701    1.745329252   51.693306707   -7.436484560   20.481992395
    0.872664626    1.745329252   50.852265702   -1.178839288   17.261600364
    1.047197551    1.745329252   51.637558572   10.762647942   12.769114971
    1.221730476    1.745329252   54.744318086   24.709476557    7.807163358
    1.396263402    1.745329252   60.125223133   36.097774770    3.114538361
    1.570796327    1.745329252   66.964036800   40.832795573   -0.890900472
    1.745329252    1.745329252   73.863279518   36.611748381   -4.189850462
    1.919862177    1.745329252   79.223550372   23.393541478   -7.022774914
    2.094395102    1.745329252   81.636095982    3.344958816   -9.662653208
    2.268928028    1.745329252   80.211319936  -19.888568452  -12.219294031
    2.443460953    1.745329252   74.755595148  -42.136004654  -14.582448977
    2.617993878    1.745329252   65.793107107  -59.514360484  -16.483145153
    2.792526803    1.745329252   54.455132521  -68.954370774  -17.624749528
    2.967059728    1.745329252   42.287012445  -68.911180364  -17.832692056

   -3.141592654    2.094395102   23.817755826  -58.037629176  -18.933578238
   -2.967059728    2.094395102   15.091061549  -41.353373092  -17.543822639
   -2.792526803    2.094395102    9.477006017  -23.199933952  -15.609702472
   -2.617993878    2.094395102    6.812859543   -8.227613566  -13.338176904
   -2.443460953    2.094395102    6.223719925    0.227367948  -10.841720132
   -2.268928028    2.094395102    6.466025035    1.415926157   -8.115349335
   -2.094395102    2.094395102    6.398370048   -2.835746350   -5.080644427
   -1.919862177    2.094395102    5.370769645   -8.910416908   -1.706486552
   -1.745329252    2.094395102    3.426855651  -12.699980392    1.863663501
   -1.570796327    2.094395102    1.268271959  -10.981163275    5.279873191
   -1.396263402    2.094395102    0.000000000   -2.512299594    8.118569634
   -1.221730476    2.094395102    0.732208924   11.510637763   10.115441900
   -1.047197551    2.094395102    4.175849459   27.922246299   11.341295152
   -0.872664626    2.094395102   10.406670904   42.818714582   12.176100424
   -0.698131701    2.094395102   18.868558929   53.067952460   13.085496282
   -0.523598776    2.094395102   28.582932197   57.051820758   14.353271929
   -0.349065850    2.094395102   38.418424182   54.504552820   15.924594766
   -0.174532925    2.094395102   47.276838751   45.972878208   17.440475144
    0.000000000    2.094395102   54.205117836   32.665928166   18.373265648
    0.174532925    2.094395102   58.529209328   16.535257119   18.188594982
    0.349065850    2.094395102   60.007220748    0.617286178   16.489848130
    0.523598776    2.094395102   58.994726679  -11.353075993   13.151344192
    0.698131701    2.094395102   56.488473380  -16.089820240    8.423394684
    0.872664626    2.094395102   53.920214063  -12.010588549    2.947748069
    1.047197551    2.094395102   52.766633490   -0.293815549   -2.393196666
    1.221730476    2.094395102   54.055974643   15.172941317   -6.780674341
    1.396263402    2.094395102   57.979171016   28.994957933   -9.773582593
    1.570796327    2.094395102   63.788083088   36.037610112  -11.452237690
    1.745329252    2.094395102   69.990805360   33.252654162  -12.310967397
    1.919862177    2.094395102   74.812065241   20.423882692  -12.975659893
    2.094395102    2.094395102   76.684430903    0.067994405  -13.914120680
    2.268928028    2.094395102   74.648306791  -23.571999282  -15.271966145
    2.443460953    2.094395102   68.543114941  -45.780206860  -16.880447862
    2.617993878    2.094395102   58.998848342  -62.399392319  -18.376336993
    2.792526803    2.094395102   47.270516314  -70.448899407  -19.365406694
    2.967059728    2.094395102   34.987314817  -68.714453026  -19.577268379

   -3.141592654    2.443460953   17.449901283  -57.001044134  -12.983482532
   -2.967059728    2.443460953    9.009881767  -39.139853942  -11.568519284
   -2.792526803    2.443460953    3.870973016  -20.012067019   -9.793018649
   -2.617993878    2.443460953    1.835770297   -4.232959203   -7.788263549
   -2.443460953    2.443460953    2.009294394    4.967065076   -5.592638980
   -2.268928028    2.443460953    3.147806090    6.954217508   -3.131401840
   -2.094395102    2.443460953    4.122129751    3.561289036   -0.249974594
   -1.919862177    2.443460953    4.279633709   -1.778575597    3.178320497
   -1.745329252    2.443460953    3.614683045   -5.286664744    7.114974931
   -1.570796327    2.443460953    2.724428822   -3.994428724   11.277880217
   -1.396263402    2.443460953    2.589590976    3.396036877   15.209170323
   -1.221730476    2.443460953    4.238416331   16.104000486   18.460738098
   -1.047197551    2.443460953    8.387862231   31.497913864   20.784142404
   -0.872664626    2.443460953   15.196262341   45.956036028   22.186227844
   -0.698131701    2.443460953   24.200477923   56.177950146   22.816555444
   -0.523598776    2.443460953   34.451220057   60.011872425   22.789936209
   -0.349065850    2.443460953   44.744915305   56.641485630   22.064170966
   -0.174532925    2.443460953   53.832672901   46.287501420   20.459732720
    0.000000000    2.443460953   60.585026614   30.190549540   17.755955132
    0.174532925    2.443460953   64.186187779   10.665828628   13.809985329
    0.349065850    2.443460953   64.339184863   -8.630555470    8.663372162
    0.523598776    2.443460953   61.469091418  -23.183444038    2.623800119
    0.698131701    2.443460953   56.780600768  -28.944237773   -3.707493816
    0.872664626    2.443460953   52.023337374  -23.891967732   -9.509188642
    1.047197551    2.443460953   49.017625954   -9.380988234  -13.960164464
    1.221730476    2.443460953   49.044790097    9.869827141  -16.537579999
    1.396263402    2.443460953   52.367313206   27.294424512  -17.225738847
    1.570796327    2.443460953   58.112498951   36.766335162  -16.515604016
    1.745329252    2.443460953   64.537611853   34.818064192  -15.174081346
    1.919862177    2.443460953   69.601392421   21.466569226  -13.933614401
    2.094395102    2.443460953   71.551579450   -0.127265049  -13.245303574
    2.268928028    2.443460953   69.367881020  -25.006688848  -13.197690246
    2.443460953    2.443460953   62.939877177  -47.924160259  -13.584578637
    2.617993878    2.443460953   53.013744937  -64.496471008  -14.047839107
    2.792526803    2.443460953   40.974050983  -71.824524904  -14.229764201
    2.967059728    2.443460953   28.547392465  -68.945320357  -13.897265921

   -3.141592654    2.792526803   14.584736527  -55.535473127    1.026521685
   -2.967059728    2.792526803    6.438545568  -37.259765836    2.691891158
   -2.792526803    2.792526803    1.660184774  -17.770644265    4.195018209
   -2.617993878    2.792526803    0.051076454   -1.575839200    5.539112241
   -2.443460953    2.792526803    0.737999205    8.230139840    6.859631566
   -2.268928028    2.792526803    2.521213289   11.129980451    8.397153597
   -2.094395102    2.792526803    4.328978902    8.978231545   10.431978717
   -1.919862177    2.792526803    5.554715494    5.044929643   13.175823860
   -1.745329252    2.792526803    6.192258491    2.739567344   16.647672568
   -1.570796327    2.792526803    6.764478194    4.594316439   20.589542951
   -1.396263402    2.792526803    8.111457742   11.621261509   24.502443193
   -1.221730476    2.792526803   11.096890090   23.060092239   27.795347700
   -1.047197551    2.792526803   16.301509889   36.559445943   29.977204708
   -0.872664626    2.792526803   23.803494989   48.811128835   30.773706720
   -0.698131701    2.792526803   33.101408582   56.665643588   30.118145757
   -0.523598776    2.792526803   43.216252535   57.921176813   28.063362383
   -0.349065850    2.792526803   52.900271480   51.698444843   24.695346242
   -0.174532925    2.792526803   60.860244099   38.293445495   20.126318288
    0.000000000    2.792526803   65.955183260   19.241838965   14.528292417
    0.174532925    2.792526803   67.425569618   -2.665839399    8.169495072
    0.349065850    2.792526803   65.120537829  -23.233083145    1.449230908
    0.523598776    2.792526803   59.702524802  -37.479330143   -5.092781285
    0.698131701    2.792526803   52.676551385  -41.121925372  -10.808955757
    0.872664626    2.792526803   46.098396302  -32.343762882  -15.049980919
    1.047197551    2.792526803   42.013674226  -13.221293854  -17.360694512
    1.221730476    2.792526803   41.767479300   10.465281652  -17.674443737
    1.396263402    2.792526803   45.499003904   31.132207401  -16.364178991
    1.570796327    2.792526803   52.070674974   42.112361164  -14.108139898
    1.745329252    2.792526803   59.436090042   40.020183711  -11.616120493
    1.919862177    2.792526803   65.310841689   25.449966501   -9.394776482
    2.094395102    2.792526803   67.819210846    2.294185213   -7.635722608
    2.268928028    2.792526803   65.936585237  -23.898015460   -6.262583626
    2.443460953    2.792526803   59.627930751  -47.562166180   -5.057482760
    2.617993878    2.792526803   49.744504372  -64.280323438   -3.797714049
    2.792526803    2.792526803   37.763446443  -71.324939374   -2.346272507
    2.967059728    2.792526803   25.466064706  -67.965703008   -0.702135554
