#! FIELDS phi psi file.free der_phi der_psi
#! SET min_phi -pi
#! SET max_phi pi
#! SET nbins_phi  36
#! SET periodic_phi true
#! SET min_psi -pi
#! SET max_psi pi
#! SET nbins_psi  18
#! SET periodic_psi true
   -3.141592654   -3.141592654   17.513627726  -52.669320606   17.090050440
   -2.967059728   -3.141592654    9.778707721  -35.367196945   19.299632216
   -2.792526803   -3.141592654    5.269484551  -16.498966647   20.704719645
   -2.617993878   -3.141592654    3.860677167   -0.469059941   21.385434651
   -2.443460953   -3.141592654    4.761174417    9.654136507   21.652223883
   -2.268928028   -3.141592654    6.855153465   13.346073675   21.959953269
   -2.094395102   -3.141592654    9.151744308   12.433357316   22.757939186
   -1.919862177   -3.141592654   11.111407628   10.033021239   24.333252644
   -1.745329252   -3.141592654   12.750514307    9.184500271   26.693322372
   -1.570796327   -3.141592654   14.533127200   11.878653976   29.516450004
   -1.396263402   -3.141592654   17.144672158   18.621697036   32.215357036
   -1.221730476   -3.141592654   21.223906533   28.372019686   34.093534742
   -1.047197551   -3.141592654   27.107195816   38.840065598   34.556005156
   -0.872664626   -3.141592654   34.666492569   47.078492243   33.267142128
   -0.698131701   -3.141592654   43.273764481   50.476012658   30.207802663
   -0.523598776   -3.141592654   51.927374498   47.465727628   25.620474267
   -0.349065850   -3.141592654   59.470964832   37.833096638   19.897397163
   -0.174532925   -3.141592654   64.811702028   22.432111186   13.496809012
    0.000000000   -3.141592654   67.085966595    3.079728480    6.886553602
    0.174532925   -3.141592654   65.829957289  -17.479869403    0.503311171
    0.349065850   -3.141592654   61.155109634  -35.371519258   -5.250018115
    0.523598776   -3.141592654   53.920612981  -46.020829824  -10.004096382
    0.698131701   -3.141592654   45.756074835  -45.556320783  -13.432618452
    0.872664626   -3.141592654   38.766298954  -32.647513339  -15.297041451
    1.047197551   -3.141592654   34.948390383   -9.996107160  -15.543664062
    1.221730476   -3.141592654   35.485602825   15.998148339  -14.379810953
    1.396263402   -3.141592654   40.271325816   37.450450130  -12.231922266
    1.570796327   -3.141592654   47.917014955   47.965674041   -9.597975729
    1.745329252   -3.141592654   56.217032904   44.875223849   -6.854282417
    1.919862177   -3.141592654   62.864090467   29.544522363   -4.160825084
    2.094395102   -3.141592654   66.066692302    6.272303532   -1.479005143
    2.268928028   -3.141592654   64.910075654  -19.490745226    1.317569624
    2.443460953   -3.141592654   59.420323308  -42.612098607    4.332725247
    2.617993878   -3.141592654   50.426487397  -59.113575969    7.576504849
    2.792526803   -3.141592654   39.324893429  -66.514139203   10.945087486
    2.967059728   -3.141592654   27.798857197  -64.017228454   14.214535349

   -3.141592654   -2.792526803   25.095768280  -48.096923861   25.149141345
   -2.967059728   -2.792526803   17.987015189  -32.792024394   27.153481796
   -2.792526803   -2.792526803   13.757213537  -15.817011505   28.075922258
   -2.617993878   -2.792526803   12.340780720   -1.111626370   28.162052211
   -2.443460953   -2.792526803   13.078564842    8.595668174   27.871909305
   -2.268928028   -2.792526803   15.024174032   12.857816640   27.740801226
   -2.094395102   -2.792526803   17.345868201   13.309856830   28.198244127
   -1.919862177   -2.792526803   19.608635267   12.652273393   29.422196200
   -1.745329252   -2.792526803   21.846772795   13.348028639   31.272010994
   -1.570796327   -2.792526803   24.435318142   16.772036451   33.298256787
   -1.396263402   -2.792526803   27.871189831   22.932302218   34.848577093
   -1.221730476   -2.792526803   32.540945505   30.597817559   35.232490505
   -1.047197551   -2.792526803   38.533205689   37.703643099   33.927071836
   -0.872664626   -2.792526803   45.545187940   41.901883225   30.723383501
   -0.698131701   -2.792526803   52.895449805   41.336202894   25.775426465
   -0.523598776   -2.792526803   59.658208889   35.118797048   19.529068838
   -0.349065850   -2.792526803   64.854000789   23.514110923   12.580885584
   -0.174532925   -2.792526803   67.628854167    7.609433257    5.552812809
    0.000000000   -2.792526803   67.378474667  -10.792829037   -0.988532956
    0.174532925   -2.792526803   63.877053595  -29.148122622   -6.585666549
    0.349065850   -2.792526803   57.425678738  -43.936294027  -10.896387672
    0.523598776   -2.792526803   49.003882371  -51.013604805  -13.706962906
    0.698131701   -2.792526803   40.283299050  -46.960048827  -14.948648273
    0.872664626   -2.792526803   33.331219227  -30.906373517  -14.716809916
    1.047197551   -2.792526803   30.030993729   -5.958795666  -13.292476792
    1.221730476   -2.792526803   31.395349836   21.274260872  -11.102407262
    1.396263402   -2.792526803   37.137586008   43.009529820   -8.588804125
    1.570796327   -2.792526803   45.734894165   53.274826565   -6.053572262
    1.745329252   -2.792526803   54.935164663   49.922530120   -3.552135015
    1.919862177   -2.792526803   62.466145528   34.706062395   -0.928123060
    2.094395102   -2.792526803   66.613825689   12.000273185    2.056472929
    2.268928028   -2.792526803   66.527530215  -12.946754677    5.563643785
    2.443460953   -2.792526803   62.248226991  -35.340948134    9.581184809
    2.617993878   -2.792526803   54.559616090  -51.522928036   13.909476879
    2.792526803   -2.792526803   44.766112618  -59.245290556   18.213406588
    2.967059728   -2.792526803   34.429897090  -57.786824421   22.087358404

   -3.141592654   -2.443460953   33.720558606  -43.433412549   23.277947354
   -2.967059728   -2.443460953   27.249106395  -30.156222846   24.903319251
   -2.792526803   -2.443460953   23.317640881  -14.954019804   25.625059758
   -2.617993878   -2.443460953   21.943950175   -1.345991172   25.670446694
   -2.443460953   -2.443460953   22.611587887    8.181238944   25.394249803
   -2.268928028   -2.443460953   24.532356255   13.104197971   25.176507485
   -2.094395102   -2.443460953   26.992692759   14.687290860   25.291479916
   -1.919862177   -2.443460953   29.593262625   15.088637053   25.802115610
   -1.745329252   -2.443460953   32.305266357   16.195298905   26.524900992
   -1.570796327   -2.443460953   35.348961586   18.940429762   27.057568990
   -1.396263402   -2.443460953   39.010290602   23.142116765   26.886685217
   -1.221730476   -2.443460953   43.460257001   27.730860573   25.527849722
   -1.047197551   -2.443460953   48.632916485   31.146715038   22.688084082
   -0.872664626   -2.443460953   54.181068301   31.777838503   18.361812568
   -0.698131701   -2.443460953   59.508403635   28.480114429   12.843445107
   -0.523598776   -2.443460953   63.882108460   20.851923324    6.643065509
   -0.349065850   -2.443460953   66.571992843    9.315538239    0.352514147
   -0.174532925   -2.443460953   66.974096649   -5.167760142   -5.470457578
    0.000000000   -2.443460953   64.693687485  -21.137099913  -10.371473140
    0.174532925   -2.443460953   59.645256685  -36.456461520  -14.047839000
    0.349065850   -2.443460953   52.199056137  -48.014193999  -16.348143658
    0.523598776   -2.443460953   43.337987152  -52.010255107  -17.270550082
    0.698131701   -2.443460953   34.682567607  -45.295330977  -16.946878336
    0.872664626   -2.443460953   28.205628086  -27.237199906  -15.617863515
    1.047197551   -2.443460953   25.660793126   -1.102966248  -13.610500578
    1.221730476   -2.443460953   27.915747010   26.510934375  -11.276842049
    1.396263402   -2.443460953   34.561563527   48.069240007   -8.889627216
    1.570796327   -2.443460953   44.014368604   58.039469654   -6.552463693
    1.745329252   -2.443460953   54.040658948   54.697702079   -4.171008349
    1.919862177   -2.443460953   62.444220466   40.011644200   -1.534190702
    2.094395102   -2.443460953   67.598109057   18.267793917    1.558075018
    2.268928028   -2.443460953   68.701011736   -5.612799918    5.173302086
    2.443460953   -2.443460953   65.778046292  -27.221562605    9.196703276
    2.617993878   -2.443460953   59.534529251  -43.204941521   13.357905030
    2.792526803   -2.443460953   51.156901489  -51.478928798   17.309265661
    2.967059728   -2.443460953   42.075725902  -51.303516804   20.705897765

   -3.141592654   -2.094395102   40.205586924  -39.813955425   14.149178898
   -2.967059728   -2.094395102   34.240601465  -27.966828330   15.138075014
   -2.792526803   -2.094395102   30.578755350  -14.005379187   15.659097555
   -2.617993878   -2.094395102   29.290079306   -1.242839284   15.835779364
   -2.443460953   -2.094395102   29.939523492    7.954113811   15.807017642
   -2.268928028   -2.094395102   31.825252616   12.987615756   15.698361775
   -2.094395102   -2.094395102   34.289696749   14.848174164   15.573277909
   -1.919862177   -2.094395102   36.929156525   15.306333629   15.384943439
   -1.745329252   -2.094395102   39.642498950   15.871859779   14.963805428
   -1.570796327   -2.094395102   42.523503201   17.265846243   14.043694447
   -1.396263402   -2.094395102   45.716086375   19.338130796   12.345912149
   -1.221730476   -2.094395102   49.277811111   21.328477519    9.676347670
   -1.047197551   -2.094395102   53.103922721   22.183283043    6.027359863
   -0.872664626   -2.094395102   56.904898075   20.872358173    1.613658638
   -0.698131701   -2.094395102   60.234053559   16.699125406   -3.163146726
   -0.523598776   -2.094395102   62.566072589    9.456140219   -7.816285848
   -0.349065850   -2.094395102   63.385658633   -0.542713381  -11.898362508
   -0.174532925   -2.094395102   62.263799753  -12.660892224  -15.096776069
    0.000000000   -2.094395102   58.912029726  -25.892927911  -17.270015455
    0.174532925   -2.094395102   53.269802990  -38.539428819  -18.450354601
    0.349065850   -2.094395102   45.665345782  -47.819382830  -18.788341410
    0.523598776   -2.094395102   36.996611867  -50.093017233  -18.486574471
    0.698131701   -2.094395102   28.784202826  -42.217164846  -17.729534860
    0.872664626   -2.094395102   22.907580691  -23.504419815  -16.638996870
    1.047197551   -2.094395102   21.040353837    2.873592649  -15.279891049
    1.221730476   -2.094395102   23.990186415   30.470123166  -13.684294425
    1.396263402   -2.094395102   31.320567214   51.963271566  -11.855861870
    1.570796327   -2.094395102   41.460184205   62.060659782   -9.773586823
    1.745329252   -2.094395102   52.224174075   59.180859775   -7.394573655
    1.919862177   -2.094395102   61.474610211   45.261190108   -4.688582347
    2.094395102   -2.094395102   67.621907791   24.386452288   -1.676139156
    2.268928028   -2.094395102   69.858728349    1.200918035    1.541275373
    2.443460953   -2.094395102   68.158312696  -20.116797542    4.784176381
    2.617993878   -2.094395102   63.143317143  -36.326609483    7.833842512
    2.792526803   -2.094395102   55.909457574  -45.338568777   10.488258597
    2.967059728   -2.094395102   47.806721298  -46.307745023   12.611717404

   -3.141592654   -1.745329252   42.374868644  -38.413578002    5.444595664
   -2.967059728   -1.745329252   36.620516547  -26.933834357    5.888032383
   -2.792526803   -1.745329252   33.116105735  -13.229331003    6.203347183
   -2.617993878   -1.745329252   31.940778402   -0.731201165    6.378750230
   -2.443460953   -1.745329252   32.651071371    8.121624960    6.335498920
   -2.268928028   -1.745329252   34.526275188   12.673865864    5.962584430
   -2.094395102   -1.745329252   36.878789540   13.835315007    5.142148447
   -1.919862177   -1.745329252   39.257795099   13.274287004    3.766189356
   -1.745329252   -1.745329252   41.499046645   12.428956201    1.763210735
   -1.570796327   -1.745329252   43.630646504   12.086681886   -0.868660345
   -1.396263402   -1.745329252   45.759276243   12.345155101   -4.024466746
   -1.221730476   -1.745329252   47.962938259   12.860113999   -7.494753012
   -1.047197551   -1.745329252   50.235967424   13.021097545  -10.993231868
   -0.872664626   -1.745329252   52.456443878   12.118727251  -14.212542653
   -0.698131701   -1.745329252   54.377028277    9.490150983  -16.872682481
   -0.523598776   -1.745329252   55.651280332    4.656361284  -18.757492760
   -0.349065850   -1.745329252   55.873250123   -2.573101981  -19.745744152
   -0.174532925   -1.745329252   54.627657104  -12.118646793  -19.844560395
    0.000000000   -1.745329252   51.548440668  -23.453260425  -19.211946327
    0.174532925   -1.745329252   46.429629963  -35.141371015  -18.151281562
    0.349065850   -1.745329252   39.431791368  -44.403228650  -17.032429186
    0.523598776   -1.745329252   31.309444634  -47.324085600  -16.167566814
    0.698131701   -1.745329252   23.504745038  -40.308277968  -15.686206416
    0.872664626   -1.745329252   17.899784258  -22.231475934  -15.482198901
    1.047197551   -1.745329252   16.234794018    4.005051871  -15.275492508
    1.221730476   -1.745329252   19.410378600   31.998344421  -14.748140947
    1.396263402   -1.745329252   27.073043463   54.280182523  -13.664935740
    1.570796327   -1.745329252   37.700130192   65.326205674  -11.948623911
    1.745329252   -1.745329252   49.114127352   63.324467529   -9.676163783
    1.919862177   -1.745329252   59.147854213   50.029891575   -7.039744554
    2.094395102   -1.745329252   66.156781712   29.415942898   -4.284659360
    2.268928028   -1.745329252   69.265302640    6.086460116   -1.655660020
    2.443460953   -1.745329252   68.378015519  -15.744439108    0.647151968
    2.617993878   -1.745329252   64.061491789  -32.728178297    2.499646814
    2.792526803   -1.745329252   57.380528731  -42.604879329    3.868633758
    2.967059728   -1.745329252   49.686419184  -44.350370706    4.813806372

   -3.141592654   -1.396263402   41.659544405  -38.494149148    1.087247197
   -2.967059728   -1.396263402   35.906707352  -26.832642574    0.908314025
   -2.792526803   -1.396263402   32.433237596  -13.019549393    0.710008537
   -2.617993878   -1.396263402   31.281090565   -0.750910937    0.455119440
   -2.443460953   -1.396263402   31.933932752    7.400729245    0.004894164
   -2.268928028   -1.396263402   33.587510578   10.787621000   -0.844603520
   -2.094395102   -1.396263402   35.482475869   10.436119562   -2.318090131
   -1.919862177   -1.396263402   37.123798182    8.217184815   -4.593400316
   -1.745329252   -1.396263402   38.345255154    5.849124435   -7.714870494
   -1.570796327   -1.396263402   39.228318968    4.472456608  -11.515469760
   -1.396263402   -1.396263402   39.995394424    4.515934413  -15.602179562
   -1.221730476   -1.396263402   40.886991223    5.825910561  -19.442179867
   -1.047197551   -1.396263402   42.072373835    7.729712233  -22.509998749
   -0.872664626   -1.396263402   43.572880703    9.236186606  -24.423360432
   -0.698131701   -1.396263402   45.221677040    9.264641782  -25.007157805
   -0.523598776   -1.396263402   46.679786944    6.932831710  -24.286728502
   -0.349065850   -1.396263402   47.482748875    1.704126775  -22.459300262
   -0.174532925   -1.396263402   47.103246776   -6.617593418  -19.872123487
    0.000000000   -1.396263402   45.020384841  -17.715085357  -16.996867029
    0.174532925   -1.396263402   40.846125258  -30.228533513  -14.362569550
    0.349065850   -1.396263402   34.565776405  -41.213723835  -12.425154024
    0.523598776   -1.396263402   26.814202530  -46.287452248  -11.420199461
    0.698131701   -1.396263402   19.016289793  -41.174397865  -11.271500277
    0.872664626   -1.396263402   13.155553562  -24.116538038  -11.619520859
    1.047197551   -1.396263402   11.160754129    2.300669714  -11.970519185
    1.221730476   -1.396263402   14.137442359   31.560237254  -11.891115482
    1.396263402   -1.396263402   21.882945123   55.704015621  -11.141696481
    1.570796327   -1.396263402   32.923586981   68.576561467   -9.716180281
    1.745329252   -1.396263402   45.026754816   67.836941774   -7.790459615
    1.919862177   -1.396263402   55.898943832   54.972308168   -5.634789657
    2.094395102   -1.396263402   63.748412276   33.978276556   -3.528362783
    2.268928028   -1.396263402   67.576097095    9.690288274   -1.701016608
    2.443460953   -1.396263402   67.212968860  -13.355866750   -0.300757942
    2.617993878   -1.396263402   63.209166399  -31.501601466    0.616770330
    2.792526803   -1.396263402   56.661744108  -42.237540506    1.078807480
    2.967059728   -1.396263402   48.988917613  -44.415443754    1.190119516

   -3.141592654   -1.047197551   39.074420785  -40.634525476    2.123936347
   -2.967059728   -1.047197551   32.985826495  -28.506670493    0.898297742
   -2.792526803   -1.047197551   29.270389519  -14.130896255   -0.473873023
   -2.617993878   -1.047197551   27.959470893   -1.525277863   -1.909673488
   -2.443460953   -1.047197551   28.471905297    6.466277262   -3.432725346
   -2.268928028   -1.047197551   29.901383275    9.044748836   -5.186255622
   -2.094395102   -1.047197551   31.375773483    7.276019535   -7.402703977
   -1.919862177   -1.047197551   32.314386055    3.303390535  -10.295455189
   -1.745329252   -1.047197551   32.533093020   -0.651501078  -13.902977082
   -1.570796327   -1.047197551   32.195918730   -2.831426341  -17.958681317
   -1.396263402   -1.047197551   31.708280570   -2.322868539  -21.894832413
   -1.221730476   -1.047197551   31.549541371    0.843110200  -25.004323419
   -1.047197551   -1.047197551   32.108705771    5.664829127  -26.690044940
   -0.872664626   -1.047197551   33.540729265   10.526215617  -26.654514363
   -0.698131701   -1.047197551   35.695003573   13.672107586  -24.953381808
   -0.523598776   -1.047197551   38.142386018   13.696422788  -21.926858254
   -0.349065850   -1.047197551   40.252418460    9.715158404  -18.087506623
   -0.174532925   -1.047197551   41.286882801    1.350204426  -14.020979338
    0.000000000   -1.047197551   40.496162256  -11.083203453  -10.300340715
    0.174532925   -1.047197551   37.283769698  -25.977263987   -7.375820547
    0.349065850   -1.047197551   31.496587161  -39.836695522   -5.466239657
    0.523598776   -1.047197551   23.749005885  -47.513823877   -4.501277463
    0.698131701   -1.047197551   15.579851740  -43.999551429   -4.168971757
    0.872664626   -1.047197551    9.188970628  -27.138118347   -4.061204561
    1.047197551   -1.047197551    6.748612230    0.385070675   -3.841722424
    1.221730476   -1.047197551    9.550400428   31.533372434   -3.344293748
    1.396263402   -1.047197551   17.467822402   57.649952345   -2.561359107
    1.570796327   -1.047197551   28.986844427   71.982127056   -1.571255986
    1.745329252   -1.047197551   41.752402932   71.864728537   -0.469218961
    1.919862177   -1.047197551   53.317714068   58.747949093    0.662442526
    2.094395102   -1.047197551   61.752504063   36.817290924    1.744823279
    2.268928028   -1.047197551   65.963667758   11.209320267    2.686707595
    2.443460953   -1.047197551   65.742876960  -13.226016314    3.381853625
    2.617993878   -1.047197551   61.652455963  -32.578681898    3.724094384
    2.792526803   -1.047197551   54.838312347  -44.145190266    3.627929606
    2.967059728   -1.047197551   46.794994340  -46.683293270    3.076044753

   -3.141592654   -0.698131701   38.568941019  -44.645411625    2.111213345
   -2.967059728   -0.698131701   31.749097023  -32.802268824   -0.115263608
   -2.792526803   -0.698131701   27.288560909  -18.317540923   -2.524221034
   -2.617993878   -0.698131701   25.271989695   -5.418546995   -4.920403883
   -2.443460953   -0.698131701   25.123218208    2.735409296   -7.232417134
   -2.268928028   -0.698131701   25.885439294    5.043224036   -9.554262885
   -2.094395102   -0.698131701   26.598103990    2.471217245  -12.104034930
   -1.919862177   -0.698131701   26.603793162   -2.588364058  -15.075610278
   -1.745329252   -0.698131701   25.716791236   -7.316569985  -18.447441262
   -1.570796327   -0.698131701   24.218050307   -9.258081371  -21.850584696
   -1.396263402   -0.698131701   22.732552836   -7.079291674  -24.622812465
   -1.221730476   -0.698131701   21.987877743   -0.938556280  -26.040318948
   -1.047197551   -0.698131701   22.549931214    7.519477344  -25.627004831
   -0.872664626   -0.698131701   24.615156125   15.825225938  -23.345779876
   -0.698131701   -0.698131701   27.933088350   21.506318768  -19.595856305
   -0.523598776   -0.698131701   31.876177487   22.762743273  -15.049528468
   -0.349065850   -0.698131701   35.574253987   18.618785622  -10.437942652
   -0.174532925   -0.698131701   38.056639620    8.849528203   -6.377830504
    0.000000000   -0.698131701   38.386092090   -5.850392369   -3.255674381
    0.174532925   -0.698131701   35.863265706  -23.300447673   -1.140761036
    0.349065850   -0.698131701   30.344081434  -39.327324242    0.210381337
    0.523598776   -0.698131701   22.563596771  -48.222515080    1.240546846
    0.698131701   -0.698131701   14.249904380  -44.779284010    2.374337625
    0.872664626   -0.698131701    7.786493892  -27.097863941    3.800727770
    1.047197551   -0.698131701    5.454677207    1.581492270    5.391636844
    1.221730476   -0.698131701    8.554898288   33.678344859    6.815982088
    1.396263402   -0.698131701   16.894467560   60.245546130    7.760724924
    1.570796327   -0.698131701   28.869696032   74.539441558    8.111317428
    1.745329252   -0.698131701   42.054482585   74.074601855    7.980443698
    1.919862177   -0.698131701   53.964119004   60.472210148    7.607206477
    2.094395102   -0.698131701   62.652505852   37.988168654    7.209007884
    2.268928028   -0.698131701   67.013393519   11.736583366    6.878512518
    2.443460953   -0.698131701   66.817101863  -13.495417680    6.561602441
    2.617993878   -0.698131701   62.596979255  -33.828191308    6.094641406
    2.792526803   -0.698131701   55.471871334  -46.465379380    5.271019780
    2.967059728   -0.698131701   46.934621618  -49.995557671    3.948925457

   -3.141592654   -0.349065850   39.082817428  -49.920120176    2.680223375
   -2.967059728   -0.349065850   31.281929550  -38.665525099   -0.234739554
   -2.792526803   -0.349065850   25.789476867  -24.178884938   -3.328190581
   -2.617993878   -0.349065850   22.782813872  -10.856897824   -6.324420748
   -2.443460953   -0.349065850   21.728668797   -2.221326556   -9.081843087
   -2.268928028   -0.349065850   21.646945259    0.259543917  -11.647424137
   -2.094395102   -0.349065850   21.507484962   -2.567848224  -14.193486718
   -1.919862177   -0.349065850   20.596427881   -8.034117041  -16.842584546
   -1.745329252   -0.349065850   18.752767880  -12.690660763  -19.475163999
   -1.570796327   -0.349065850   16.400693376  -13.432829385  -21.643417878
   -1.396263402   -0.349065850   14.392024319   -8.673920038  -22.699356577
   -1.221730476   -0.349065850   13.672060393    1.042904549  -22.076184121
   -1.047197551   -0.349065850   14.907168466   13.182500939  -19.594605554
   -0.872664626   -0.349065850   18.224154379   24.287720334  -15.581895639
   -0.698131701   -0.349065850   23.154714909   31.228269352  -10.763509092
   -0.523598776   -0.349065850   28.781571593   32.059753949   -5.997903332
   -0.349065850   -0.349065850   33.960589302   26.100539703   -1.992963648
   -0.174532925   -0.349065850   37.527913284   13.719820272    0.876125381
    0.000000000   -0.349065850   38.472816746   -3.604845993    2.639097852
    0.174532925   -0.349065850   36.164324475  -22.902921233    3.716684293
    0.349065850   -0.349065850   30.649359781  -39.434542636    4.763405185
    0.523598776   -0.349065850   22.911402694  -47.436810840    6.400087817
    0.698131701   -0.349065850   14.880719899  -42.276360329    8.907370107
    0.872664626   -0.349065850    9.002493624  -23.016987080   12.042597988
    1.047197551   -0.349065850    7.453331353    6.250363599   15.124991458
    1.221730476   -0.349065850   11.326298037   37.660328043   17.369527534
    1.396263402   -0.349065850   20.230560556   62.638075831   18.261861427
    1.570796327   -0.349065850   32.466158433   75.160056193   17.767547456
    1.745329252   -0.349065850   45.634246954   73.374289523   16.271808255
    1.919862177   -0.349065850   57.357014335   59.151218790   14.343478301
    2.094395102   -0.349065850   65.802876390   36.595900083   12.474905762
    2.268928028   -0.349065850   69.930260795   10.450732063   10.918897651
    2.443460953   -0.349065850   69.504965421  -14.890359028    9.660163531
    2.617993878   -0.349065850   64.999501925  -35.797389802    8.478197335
    2.792526803   -0.349065850   57.447609708  -49.451135322    7.058785398
    2.967059728   -0.349065850   48.282242574  -54.204918247    5.152207703

   -3.141592654    0.000000000   40.268404742  -55.161164762    2.332314203
   -2.967059728    0.000000000   31.490008407  -44.527910903   -0.464140266
   -2.792526803    0.000000000   24.960119322  -30.101333433   -3.310772100
   -2.617993878    0.000000000   20.948574962  -16.394279755   -5.964479408
   -2.443460953    0.000000000   18.972304292   -7.257704863   -8.319632208
   -2.268928028    0.000000000   18.042151450   -4.469910754  -10.441450052
   -2.094395102    0.000000000   17.085551401   -7.219621222  -12.475023168
   -1.919862177    0.000000000   15.373677055  -12.490912298  -14.466530327
   -1.745329252    0.000000000   12.816519935  -16.236331154  -16.207345151
   -1.570796327    0.000000000   10.009436110  -14.885305102  -17.215154377
   -1.396263402    0.000000000    8.015091977   -6.899896694  -16.922446947
   -1.221730476    0.000000000    7.924845467    6.471155391  -14.970762308
   -1.047197551    0.000000000   10.386731761   21.611671142  -11.467985597
   -0.872664626    0.000000000   15.324441728   34.108634305   -7.014922351
   -0.698131701    0.000000000   21.947479418   40.469460552   -2.496451145
   -0.523598776    0.000000000   29.014131917   39.099326658    1.253692230
   -0.349065850    0.000000000   35.165238832   30.150388224    3.752910657
   -0.174532925    0.000000000   39.188436208   15.004831873    4.996801669
    0.000000000    0.000000000   40.194839829   -3.933854640    5.431525239
    0.174532925    0.000000000   37.810870828  -23.134873681    5.814125111
    0.349065850    0.000000000   32.391682348  -37.866924794    6.948700946
    0.523598776    0.000000000   25.165875614  -43.074904570    9.370746634
    0.698131701    0.000000000   18.133403465  -35.370643743   13.070135897
    0.872664626    0.000000000   13.581974598  -15.060103095   17.409094706
    1.047197551    0.000000000   13.360543977   13.153658559   21.345748577
    1.221730476    0.000000000   18.211090404   41.740037092   23.881440982
    1.396263402    0.000000000   27.520125081   63.186752640   24.474502062
    1.570796327    0.000000000   39.570556998   72.654437784   23.214995687
    1.745329252    0.000000000   52.121812735   69.051125864   20.686927337
    1.919862177    0.000000000   63.031171677   54.363761969   17.654903962
    2.094395102    0.000000000   70.674868778   32.303716781   14.757014873
    2.268928028    0.000000000   74.126822444    7.012992093   12.326917408
    2.443460953    0.000000000   73.163879594  -17.682779942   10.376984749
    2.617993878    0.000000000   68.187690161  -38.520310714    8.683303981
    2.792526803    0.000000000   60.120465569  -52.728955475    6.920971292
    2.967059728    0.000000000   50.300074907  -58.450622481    4.830965366

   -3.141592654    0.349065850   41.483662001  -59.744028616    1.394565395
   -2.967059728    0.349065850   31.863520821  -49.500617911   -0.370714118
   -2.792526803    0.349065850   24.467205743  -34.959490341   -2.040148024
   -2.617993878    0.349065850   19.649256703  -20.722112650   -3.524493975
   -2.443460953    0.349065850   16.974736752  -10.934794406   -4.825493276
   -2.268928028    0.349065850   15.449171742   -7.651344869   -6.037339860
   -2.094395102    0.349065850   13.965799389  -10.085133029   -7.261432192
   -1.919862177    0.349065850   11.786701530  -14.917038272   -8.478647819
   -1.745329252    0.349065850    8.884420576  -17.625079078   -9.466120265
   -1.570796327    0.349065850    5.989038972  -14.358646393   -9.830747583
   -1.396263402    0.349065850    4.306086291   -3.787013031   -9.189134890
   -1.221730476    0.349065850    4.987418841   12.114129862   -7.387987866
   -1.047197551    0.349065850    8.591298934   28.828310710   -4.654863984
   -0.872664626    0.349065850   14.813029806   41.320876793   -1.545598718
   -0.698131701    0.349065850   22.578617114   46.114100189    1.279055901
   -0.523598776    0.349065850   30.419699755   42.243057700    3.336472778
   -0.349065850    0.349065850   36.894659915   30.796382334    4.524513881
   -0.174532925    0.349065850   40.874900448   14.078281874    5.138018599
    0.000000000    0.349065850   41.694439795   -4.852758290    5.754694762
    0.174532925    0.349065850   39.280109172  -22.286476468    7.042001627
    0.349065850    0.349065850   34.267893877  -33.904038159    9.510304095
    0.523598776    0.349065850   28.039363241  -35.676283982   13.282904231
    0.698131701    0.349065850   22.532278097  -25.587840593   17.957886494
    0.872664626    0.349065850   19.743827592   -5.071518418   22.656177953
    1.047197551    0.349065850   21.100275884   20.866115859   26.313329093
    1.221730476    0.349065850   26.959154405   45.392366149   28.093247885
    1.396263402    0.349065850   36.509222823   62.351971517   27.691677856
    1.570796327    0.349065850   48.079900203   68.229396781   25.399591962
    1.745329252    0.349065850   59.663119572   62.683051270   21.906419625
    1.919862177    0.349065850   69.414448521   47.709599679   17.999706388
    2.094395102    0.349065850   75.959083314   26.491440918   14.309297145
    2.268928028    0.349065850   78.505434534    2.458466707   11.178976865
    2.443460953    0.349065850   76.845249043  -21.192864125    8.671204749
    2.617993878    0.349065850   71.306537706  -41.577103758    6.645863982
    2.792526803    0.349065850   62.697540662  -55.976876534    4.871705195
    2.967059728    0.349065850   52.256917967  -62.326475000    3.150070904

   -3.141592654    0.698131701   42.978187066  -62.118681177   -0.509188418
   -2.967059728    0.698131701   32.921351802  -52.091674446   -0.992907369
   -2.792526803    0.698131701   25.066440820  -37.577316133   -1.214162148
   -2.617993878    0.698131701   19.802077648  -23.191847178   -1.265481989
   -2.443460953    0.698131701   16.713694844  -13.204898423   -1.275411008
   -2.268928028    0.698131701   14.806106023   -9.765265813   -1.381110845
   -2.094395102    0.698131701   12.966079526  -12.044386874   -1.669734537
   -1.919862177    0.698131701   10.470677176  -16.526360850   -2.121158355
   -1.745329252    0.698131701    7.347411293  -18.459509567   -2.595343380
   -1.570796327    0.698131701    4.409328525  -13.943476242   -2.877161254
   -1.396263402    0.698131701    2.926943049   -1.899826342   -2.783078163
   -1.221730476    0.698131701    4.049788081   15.193877056   -2.256880165
   -1.047197551    0.698131701    8.242447445   32.340140648   -1.408229156
   -0.872664626    0.698131701   15.045162207   44.316343039   -0.448066369
   -0.698131701    0.698131701   23.235903606   47.915370034    0.441789781
   -0.523598776    0.698131701   31.277550064   42.789535270    1.233886502
   -0.349065850    0.698131701   37.779656723   30.711728710    2.111830487
   -0.174532925    0.698131701   41.769968325   14.485074327    3.408415395
    0.000000000    0.698131701   42.796055928   -2.691022661    5.488833534
    0.174532925    0.698131701   40.986891738  -17.397833232    8.608743801
    0.349065850    0.698131701   37.092836082  -26.018734863   12.770573201
    0.523598776    0.698131701   32.458044784  -25.510537950   17.630647095
    0.698131701    0.698131701   28.806806370  -14.840086208   22.502286976
    0.872664626    0.698131701   27.784622343    4.039734818   26.495708027
    1.047197551    0.698131701   30.439239149   26.369982714   28.803144651
    1.221730476    0.698131701   36.860779652   46.275484249   28.994916271
    1.396263402    0.698131701   46.171136547   58.867335980   27.151435632
    1.570796327    0.698131701   56.840056470   61.649862915   23.789464535
    1.745329252    0.698131701   67.129926359   54.733127505   19.622028852
    1.919862177    0.698131701   75.492030035   39.966372360   15.317807401
    2.094395102    0.698131701   80.784095431   19.998056619   11.349759023
    2.268928028    0.698131701   82.339379477   -2.391518248    7.963872266
    2.443460953    0.698131701   79.966803349  -24.569741365    5.226008965
    2.617993878    0.698131701   73.931444960  -43.991600825    3.092550577
    2.792526803    0.698131701   64.941440125  -58.011044024    1.476715862
    2.967059728    0.698131701   54.142342285  -64.426356799    0.294898725

   -3.141592654    1.047197551   41.688841814  -62.064214751   -5.401151720
   -2.967059728    1.047197551   31.729887431  -51.069767007   -4.639739805
   -2.792526803    1.047197551   24.108053775  -36.000645167   -3.506310086
   -2.617993878    1.047197551   19.131637879  -21.542807054   -2.269459492
   -2.443460953    1.047197551   16.305148172  -11.906513831   -1.165361657
   -2.268928028    1.047197551   14.574785411   -9.051223744   -0.348122647
   -2.094395102    1.047197551   12.806144090  -11.921304366    0.135184129
   -1.919862177    1.047197551   10.291567461  -16.833676840    0.321418048
   -1.745329252    1.047197551    7.093157662  -18.978037323    0.272373799
   -1.570796327    1.047197551    4.058471084  -14.515727252    0.028706929
   -1.396263402    1.047197551    2.475905821   -2.480702930   -0.399263329
   -1.221730476    1.047197551    3.494319032   14.562831625   -0.984780224
   -1.047197551    1.047197551    7.570146605   31.628408580   -1.626933468
   -0.872664626    1.047197551   14.247175197   43.616947868   -2.121747599
   -0.698131701    1.047197551   22.338530771   47.547056408   -2.183924031
   -0.523598776    1.047197551   30.383579835   43.308358509   -1.508635812
   -0.349065850    1.047197551   37.103461126   32.801522290    0.161303700
   -0.174532925    1.047197551   41.641764634   18.754876444    2.965412941
    0.000000000    1.047197551   43.627664264    4.049447300    6.877708684
    0.174532925    1.047197551   43.197370961   -8.432239846   11.668192637
    0.349065850    1.047197551   41.002513498  -15.720620121   16.873861147
    0.523598776    1.047197551   38.176881374  -15.360221698   21.822738517
    0.698131701    1.047197551   36.154932230   -6.616339647   25.738918091
    0.872664626    1.047197551   36.283364481    8.789969559   27.931774440
    1.047197551    1.047197551   39.399595185   26.865495694   28.027600025
    1.221730476    1.047197551   45.545833674   42.745410600   26.106603329
    1.396263402    1.047197551   53.962712448   52.384716601   22.643273983
    1.570796327    1.047197551   63.345834685   53.630541846   18.303130696
    1.745329252    1.047197551   72.196840254   46.438789411   13.697108444
    1.919862177    1.047197551   79.151013098   32.220962066    9.250293876
    2.094395102    1.047197551   83.169757193   13.186790899    5.194855107
    2.268928028    1.047197551   83.626677906   -8.159477425    1.654687236
    2.443460953    1.047197551   80.339348904  -29.278349858   -1.276747611
    2.617993878    1.047197551   73.576914613  -47.596267639   -3.504111572
    2.792526803    1.047197551   64.059439841  -60.421726214   -4.941001263
    2.967059728    1.047197551   52.947165614  -65.571748961   -5.556185252

   -3.141592654    1.396263402   36.847468090  -60.975143980  -11.043614004
   -2.967059728    1.396263402   27.237739350  -48.237198760   -9.534832532
   -2.792526803    1.396263402   20.217806811  -32.056755230   -7.581720447
   -2.617993878    1.396263402   15.971845263  -17.237168090   -5.568592676
   -2.443460953    1.396263402   13.877486752   -7.916127385   -3.771892929
   -2.268928028    1.396263402   12.782656607   -5.805826092   -2.298109861
   -2.094395102    1.396263402   11.501936365   -9.584367263   -1.106804723
   -1.919862177    1.396263402    9.314247464  -15.430094549   -0.119237207
   -1.745329252    1.396263402    6.276736179  -18.559448150    0.661116093
   -1.570796327    1.396263402    3.220171371  -15.214010749    1.113999000
   -1.396263402    1.396263402    1.412799270   -4.358248582    1.086462183
   -1.221730476    1.396263402    2.016575680   11.757264477    0.557542504
   -1.047197551    1.396263402    5.571166071   28.606661509   -0.244491857
   -0.872664626    1.396263402   11.778362473   41.443493480   -0.865467966
   -0.698131701    1.396263402   19.647768169   47.349915088   -0.778498851
   -0.523598776    1.396263402   27.895789811   45.936296714    0.424125982
   -0.349065850    1.396263402   35.349893312   38.589401142    2.908745595
   -0.174532925    1.396263402   41.158103408   27.417722092    6.576656243
    0.000000000    1.396263402   44.845675324   14.691126564   11.098880487
    0.174532925    1.396263402   46.345598479    2.769429102   15.959434782
    0.349065850    1.396263402   46.029586692   -5.697468259   20.490990718
    0.523598776    1.396263402   44.722855246   -8.235181829   23.956130657
    0.698131701    1.396263402   43.595073835   -3.632703367   25.701152208
    0.872664626    1.396263402   43.851381667    7.306550427   25.357690342
    1.047197551    1.396263402   46.365199663   21.644150684   23.003621252
    1.221730476    1.396263402   51.377715681   35.241989682   19.153311544
    1.396263402    1.396263402   58.401647321   44.154451081   14.547010792
    1.570796327    1.396263402   66.366879819   45.721656055    9.865146677
    1.745329252    1.396263402   73.894872538   39.185951516    5.513328470
    1.919862177    1.396263402   79.629721169   25.448183001    1.603690699
    2.094395102    1.396263402   82.487707053    6.631334662   -1.923575421
    2.268928028    1.396263402   81.815193590  -14.513696818   -5.118217053
    2.443460953    1.396263402   77.457886636  -35.099380917   -7.910620842
    2.617993878    1.396263402   69.765728884  -52.312265946  -10.101652655
    2.792526803    1.396263402   59.562928854  -63.458851408  -11.438922496
    2.967059728    1.396263402   48.094673875  -66.556486103  -11.751758656

   -3.141592654    1.745329252   30.597088595  -58.704439003  -17.196330730
   -2.967059728    1.745329252   21.549688962  -44.194550106  -15.880054565
   -2.792526803    1.745329252   15.324343054  -27.158313198  -13.930212968
   -2.617993878    1.745329252   11.941218228  -12.378508921  -11.677139180
   -2.443460953    1.745329252   10.645482798   -3.687393474   -9.369194095
   -2.268928028    1.745329252   10.218939053   -2.376088972   -7.107076988
   -2.094395102    1.745329252    9.473758642   -6.854652459   -4.859043586
   -1.919862177    1.745329252    7.708687589  -13.326846740   -2.573319246
   -1.745329252    1.745329252    4.974193625  -17.244373372   -0.313358797
   -1.570796327    1.745329252    2.054939287  -15.017610546    1.693385562
   -1.396263402    1.745329252    0.171555601   -5.423697899    3.155644553
   -1.221730476    1.745329252    0.505148141    9.837759755    3.921087664
   -1.047197551    1.745329252    3.723003623   26.868052604    4.137997407
   -0.872664626    1.745329252    9.739717989   41.213325280    4.241747295
   -0.698131701    1.745329252   17.783119424   49.710412819    4.769098362
   -0.523598776    1.745329252   26.704773157   51.297041187    6.118970638
   -0.349065850    1.745329252   35.335414772   46.586142760    8.396442812
   -0.174532925    1.745329252   42.699344659   37.035951570   11.401617669
    0.000000000    1.745329252   48.104955339   24.497855190   14.696773058
    0.174532925    1.745329252   51.215783783   11.142507487   17.695342410
    0.349065850    1.745329252   52.122090936   -0.300108996   19.748750532
    0.523598776    1.745329252   51.410982732   -6.929908579   20.274761930
    0.698131701    1.745329252   50.123639507   -6.727569632   18.934484205
    0.872664626    1.745329252   49.501076924    0.534367649   15.802839033
    1.047197551    1.745329252   50.622560081   12.762243771   11.414312337
    1.221730476    1.745329252   54.035096074   26.069118284    6.596163997
    1.396263402    1.745329252   59.538244389   36.058284415    2.140468500
    1.570796327    1.745329252   66.226245552   39.179290994   -1.495314612
    1.745329252    1.745329252   72.726301516   33.840538998   -4.304223970
    1.919862177    1.745329252   77.577713805   20.540528256   -6.600730141
    2.094395102    1.745329252   79.568442917    1.540443385   -8.773009557
    2.268928028    1.745329252   77.977221435  -19.912649391  -11.043818209
    2.443460953    1.745329252   72.679345849  -40.356373728  -13.370782613
    2.617993878    1.745329252   64.140416333  -56.588198372  -15.480022148
    2.792526803    1.745329252   53.339331277  -65.897149964  -16.993464162
    2.967059728    1.745329252   41.647228447  -66.626758816  -17.605806864

   -3.141592654    2.094395102   23.581184247  -57.440964048  -18.646722554
   -2.967059728    2.094395102   14.899669873  -41.353160419  -17.371103649
   -2.792526803    2.094395102    9.265434810  -23.341159559  -15.388375294
   -2.617993878    2.094395102    6.590458955   -8.166799154  -12.990612738
   -2.443460953    2.094395102    6.036386424    0.563000757  -10.397983631
   -2.268928028    2.094395102    6.350224024    1.867543532   -7.682807824
   -2.094395102    2.094395102    6.355007112   -2.483967835   -4.779641366
   -1.919862177    2.094395102    5.370283391   -8.771892509   -1.605044549
   -1.745329252    2.094395102    3.433243830  -12.732619166    1.784906739
   -1.570796327    2.094395102    1.264304293  -11.027344891    5.119761330
   -1.396263402    2.094395102    0.000000000   -2.377347778    8.005965672
   -1.221730476    2.094395102    0.779831633   11.939441182   10.141652173
   -1.047197551    2.094395102    4.319699938   28.577446107   11.503943772
   -0.872664626    2.094395102   10.663657703   43.399913979   12.362682992
   -0.698131701    2.094395102   19.186953250   53.114998469   13.107834763
   -0.523598776    2.094395102   28.830188808   56.141405750   14.019462647
   -0.349065850    2.094395102   38.408149424   52.479001908   15.119775600
   -0.174532925    2.094395102   46.828951706   43.068800989   16.180826339
    0.000000000    2.094395102   53.213614971   29.466927905   16.809218045
    0.174532925    2.094395102   57.006525552   13.778960677   16.551813592
    0.349065850    2.094395102   58.089345179   -1.057936982   15.006335653
    0.523598776    2.094395102   56.906249257  -11.594291736   11.961573452
    0.698131701    2.094395102   54.482683219  -14.929366996    7.547630680
    0.872664626    2.094395102   52.210972532   -9.864783885    2.313674473
    1.047197551    2.094395102   51.466592454    2.121648433   -2.878433218
    1.221730476    2.094395102   53.139956251   17.036406097   -7.156001274
    1.396263402    2.094395102   57.289913720   29.665817914   -9.988237677
    1.570796327    2.094395102   63.093369233   35.334207151  -11.386309510
    1.745329252    2.094395102   69.077300928   31.570747231  -11.839449552
    1.919862177    2.094395102   73.577174023   18.587786025  -12.040053980
    2.094395102    2.094395102   75.181234436   -1.033527580  -12.569669726
    2.268928028    2.094395102   73.060248465  -23.386150412  -13.687624774
    2.443460953    2.094395102   67.102134793  -44.329825546  -15.294053753
    2.617993878    2.094395102   57.883973688  -60.228461868  -17.020233741
    2.792526803    2.094395102   46.540373303  -68.332169825  -18.388706891
    2.967059728    2.094395102   34.574025604  -67.267178370  -18.999141057

   -3.141592654    2.443460953   17.324701314  -56.724630590  -12.587896659
   -2.967059728    2.443460953    8.904178177  -39.123333593  -11.272988266
   -2.792526803    2.443460953    3.769519267  -19.920188739   -9.480673803
   -2.617993878    2.443460953    1.769098690   -3.916198265   -7.401369146
   -2.443460953    2.443460953    2.011334910    5.411777335   -5.142902354
   -2.268928028    2.443460953    3.221621210    7.298777326   -2.675556650
   -2.094395102    2.443460953    4.233667135    3.640544388    0.150009978
   -1.919862177    2.443460953    4.381155999   -1.947940175    3.488359386
   -1.745329252    2.443460953    3.676544300   -5.524038900    7.338172484
   -1.570796327    2.443460953    2.754983435   -4.072292317   11.439061662
   -1.396263402    2.443460953    2.631494714    3.630451913   15.321640822
   -1.221730476    2.443460953    4.346627439   16.616264987   18.493049387
   -1.047197551    2.443460953    8.591698578   32.030850650   20.645934831
   -0.872664626    2.443460953   15.463110568   46.070700402   21.745709335
   -0.698131701    2.443460953   24.415361483   55.405294553   21.950300889
   -0.523598776    2.443460953   34.430906231   58.080263516   21.446016515
   -0.349065850    2.443460953   44.290605881   53.666439398   20.311215941
   -0.174532925    2.443460953   52.803310801   42.803182338   18.495040297
    0.000000000    2.443460953   58.958615310   26.978940313   15.862084720
    0.174532925    2.443460953   62.078126377    8.472890686   12.269020308
    0.349065850    2.443460953   61.971737900   -9.359359562    7.661768101
    0.523598776    2.443460953   59.107404351  -22.405404355    2.190656985
    0.698131701    2.443460953   54.664335853  -26.976278214   -3.698209374
    0.872664626    2.443460953   50.315079834  -21.281057440   -9.270737171
    1.047197551    2.443460953   47.773398999   -6.775825821  -13.691505082
    1.221730476    2.443460953   48.207849700   11.849610969  -16.338048194
    1.396263402    2.443460953   51.786910131   28.219649885  -17.065056813
    1.570796327    2.443460953   57.591792529   36.558727588  -16.266935590
    1.745329252    2.443460953   63.902995684   33.819997224  -14.688543998
    1.919862177    2.443460953   68.768775137   20.321889005  -13.116646618
    2.094395102    2.443460953   70.555914284   -0.751250629  -12.105438482
    2.268928028    2.443460953   68.339142665  -24.725949130  -11.849721773
    2.443460953    2.443460953   62.037089361  -46.806764770  -12.211252150
    2.617993878    2.443460953   52.347964807  -62.983153327  -12.835411606
    2.792526803    2.443460953   40.564959195  -70.474526575  -13.301108132
    2.967059728    2.443460953   28.329934319  -68.127905564  -13.273373086

   -3.141592654    2.792526803   14.642022333  -55.425438374    0.922210458
   -2.967059728    2.792526803    6.500739012  -37.248479444    2.568935590
   -2.792526803    2.792526803    1.736150783  -17.578782914    4.136898373
   -2.617993878    2.792526803    0.182103952   -1.140843426    5.589156756
   -2.443460953    2.792526803    0.954460124    8.740667750    7.019726810
   -2.268928028    2.792526803    2.814100474   11.461819530    8.642671846
   -2.094395102    2.792526803    4.651284961    8.980346012   10.726068205
   -1.919862177    2.792526803    5.849743340    4.759079028   13.475148394
   -1.745329252    2.792526803    6.424503475    2.352290339   16.897103023
   -1.570796327    2.792526803    6.934098954    4.298543718   20.713258643
   -1.396263402    2.792526803    8.243496887   11.498811850   24.399728735
   -1.221730476    2.792526803   11.215063108   22.999240453   27.347163172
   -1.047197551    2.792526803   16.393357257   36.267768542   29.069469157
   -0.872664626    2.792526803   23.795834612   47.906895885   29.334367431
   -0.698131701    2.792526803   32.858426225   54.848325635   28.160959373
   -0.523598776    2.792526803   42.571494690   55.172190258   25.719218775
   -0.349065850    2.792526803   51.718198154   48.396361744   22.212274932
   -0.174532925    2.792526803   59.102539003   35.146021667   17.826293603
    0.000000000    2.792526803   63.718482821   17.028923955   12.726357915
    0.174532925    2.792526803   64.925611562   -3.404548354    7.079267871
    0.349065850    2.792526803   62.629460484  -22.408099313    1.110614279
    0.523598776    2.792526803   57.468902628  -35.428666268   -4.829532473
    0.698131701    2.792526803   50.865510445  -38.423642163  -10.230362753
    0.872664626    2.792526803   44.770342680  -29.592106579  -14.475944748
    1.047197551    2.792526803   41.133539466  -10.900262426  -17.032122102
    1.221730476    2.792526803   41.228085048   12.015654518  -17.680067794
    1.396263402    2.792526803   45.148351745   31.745582179  -16.634330901
    1.570796327    2.792526803   51.747291803   41.854815655  -14.469951759
    1.745329252    2.792526803   59.013733928   39.229735944  -11.879532913
    1.919862177    2.792526803   64.741225577   24.650841092   -9.429843230
    2.094395102    2.792526803   67.147063062    1.989280595   -7.415117123
    2.268928028    2.792526803   65.274218894  -23.464080772   -5.859275723
    2.443460953    2.792526803   59.098488842  -46.520404639   -4.605720721
    2.617993878    2.792526803   49.420496912  -63.037649898   -3.434660912
    2.792526803    2.792526803   37.639276298  -70.331744479   -2.156798567
    2.967059728    2.792526803   25.473513343  -67.457849155   -0.691748870
