#! FIELDS phi psi file.free der_phi der_psi
#! SET min_phi -pi
#! SET max_phi pi
#! SET nbins_phi  36
#! SET periodic_phi true
#! SET min_psi -pi
#! SET max_psi pi
#! SET nbins_psi  18
#! SET periodic_psi true
   -3.141592654   -3.141592654   17.375007269  -52.769950256   17.113587543
   -2.967059728   -3.141592654    9.627819786  -35.404494294   19.302157999
   -2.792526803   -3.141592654    5.117993126  -16.469287767   20.702449311
   -2.617993878   -3.141592654    3.719353451   -0.383607491   21.388280795
   -2.443460953   -3.141592654    4.637554173    9.766268712   21.660843180
   -2.268928028   -3.141592654    6.751257424   13.455772833   21.967805522
   -2.094395102   -3.141592654    9.065436565   12.527427441   22.755616959
   -1.919862177   -3.141592654   11.040480146   10.118486356   24.312199442
   -1.745329252   -3.141592654   12.695460276    9.284731467   26.646959651
   -1.570796327   -3.141592654   14.498155169   12.010411120   29.439667089
   -1.396263402   -3.141592654   17.135064235   18.776973134   32.104480229
   -1.221730476   -3.141592654   21.241153163   28.517862425   33.947122747
   -1.047197551   -3.141592654   27.145780094   38.932150042   34.376823735
   -0.872664626   -3.141592654   34.713911558   47.084013952   33.064172221
   -0.698131701   -3.141592654   43.313962678   50.388725486   29.996657875
   -0.523598776   -3.141592654   51.945406612   47.303849234   25.421916694
   -0.349065850   -3.141592654   59.456474972   37.628236428   19.733317694
   -0.174532925   -3.141592654   64.760103682   22.217926709   13.383939852
    0.000000000   -3.141592654   66.998607309    2.890542774    6.829964866
    0.174532925   -3.141592654   65.714463790  -17.606126339    0.492418242
    0.349065850   -3.141592654   61.025827214  -35.397498246   -5.239659669
    0.523598776   -3.141592654   53.797392829  -45.923626072  -10.003260208
    0.698131701   -3.141592654   45.660176466  -45.344419821  -13.467364092
    0.872664626   -3.141592654   38.714204699  -32.367301944  -15.379291794
    1.047197551   -3.141592654   34.946190262   -9.715682782  -15.667056975
    1.221730476   -3.141592654   35.527520474   16.215101933  -14.522286871
    1.396263402   -3.141592654   40.342699979   37.568444989  -12.363285560
    1.570796327   -3.141592654   48.000045922   47.984075583   -9.688853697
    1.745329252   -3.141592654   56.296009586   44.815656573   -6.883890765
    1.919862177   -3.141592654   62.927720268   29.431899617   -4.121730753
    2.094395102   -3.141592654   66.107358118    6.123946629   -1.378448447
    2.268928028   -3.141592654   64.922402156  -19.665410567    1.459258749
    2.443460953   -3.141592654   59.400464676  -42.804420446    4.487497453
    2.617993878   -3.141592654   50.372499447  -59.309601479    7.715885513
    2.792526803   -3.141592654   39.237622340  -66.696151224   11.048446252
    2.967059728   -3.141592654   27.682357335  -64.167166370   14.274659606

   -3.141592654   -2.792526803   24.975400968  -48.247211161   25.171137482
   -2.967059728   -2.792526803   17.848029174  -32.852264016   27.169024742
   -2.792526803   -2.792526803   13.615669726  -15.788675841   28.097796255
   -2.617993878   -2.792526803   12.209981585   -1.021133605   28.194919099
   -2.443460953   -2.792526803   12.965736430    8.703692502   27.910078147
   -2.268928028   -2.792526803   14.928867263   12.945756033   27.771512432
   -2.094395102   -2.792526803   17.262748978   13.364411954   28.207131590
   -1.919862177   -2.792526803   19.532714269   12.684387917   29.397338792
   -1.745329252   -2.792526803   21.776509223   13.384934418   31.205342806
   -1.570796327   -2.792526803   24.373391222   16.833238077   33.184844280
   -1.396263402   -2.792526803   27.821932970   23.013605886   34.686943196
   -1.221730476   -2.792526803   32.505888445   30.674171160   35.025936156
   -1.047197551   -2.792526803   38.508611953   37.742846898   33.685719699
   -0.872664626   -2.792526803   45.522642554   41.884741946   30.465290894
   -0.698131701   -2.792526803   52.865231249   41.267923481   25.525288181
   -0.523598776   -2.792526803   59.613210575   35.022770885   19.314629735
   -0.349065850   -2.792526803   64.791731312   23.416216587   12.427203681
   -0.174532925   -2.792526803   67.550456936    7.524520035    5.475019876
    0.000000000   -2.792526803   67.286705361  -10.860354285   -0.991660738
    0.174532925   -2.792526803   63.775335103  -29.192555562   -6.534448495
    0.349065850   -2.792526803   57.319229697  -43.942620084  -10.826239333
    0.523598776   -2.792526803   48.901161308  -50.961286251  -13.658218916
    0.698131701   -2.792526803   40.195715892  -46.838256877  -14.953333882
    0.872664626   -2.792526803   33.270157959  -30.727999183  -14.788350286
    1.047197551   -2.792526803   30.003625855   -5.756987269  -13.422211130
    1.221730476   -2.792526803   31.402351093   21.460920385  -11.264187049
    1.396263402   -2.792526803   37.173757389   43.154652061   -8.748752623
    1.570796327   -2.792526803   45.792074992   53.370876406   -6.180363046
    1.745329252   -2.792526803   55.004993439   49.972696394   -3.624649673
    1.919862177   -2.792526803   62.540823335   34.710825547   -0.938816121
    2.094395102   -2.792526803   66.684824990   11.951413279    2.101845382
    2.268928028   -2.792526803   66.584417069  -13.060281104    5.648283741
    2.443460953   -2.792526803   62.279368899  -35.521245371    9.682109464
    2.617993878   -2.792526803   54.554585911  -51.752510408   14.003457481
    2.792526803   -2.792526803   44.719111861  -59.489553131   18.284067666
    2.967059728   -2.792526803   34.342050686  -58.003508828   22.130029633

   -3.141592654   -2.443460953   33.606970423  -43.595762903   23.290814285
   -2.967059728   -2.443460953   27.117213195  -30.201729592   24.924817134
   -2.792526803   -2.443460953   23.187341300  -14.895755535   25.663776102
   -2.617993878   -2.443460953   21.829464081   -1.230974099   25.725874262
   -2.443460953   -2.443460953   22.517493549    8.290197717   25.455758818
   -2.268928028   -2.443460953   24.453228137   13.161661243   25.227686340
   -2.094395102   -2.443460953   26.917875630   14.683037580   25.316367336
   -1.919862177   -2.443460953   29.513519854   15.042327766   25.789239777
   -1.745329252   -2.443460953   32.216412892   16.142500189   26.468561216
   -1.570796327   -2.443460953   35.252289070   18.907503400   26.956251655
   -1.396263402   -2.443460953   38.910009316   23.132544628   26.742628210
   -1.221730476   -2.443460953   43.359407671   27.730932059   25.347789592
   -1.047197551   -2.443460953   48.531558209   31.139024274   22.484730810
   -0.872664626   -2.443460953   54.077220037   31.757803827   18.154342876
   -0.698131701   -2.443460953   59.400975618   28.462640365   12.655899861
   -0.523598776   -2.443460953   63.773540430   20.860536034    6.500661650
   -0.349065850   -2.443460953   66.468213292    9.362357903    0.276308083
   -0.174532925   -2.443460953   66.880992288   -5.095958892   -5.470016714
    0.000000000   -2.443460953   64.612906359  -21.073507905  -10.299903816
    0.174532925   -2.443460953   59.572508240  -36.430949858  -13.928177826
    0.349065850   -2.443460953   52.126858251  -48.031334578  -16.216167226
    0.523598776   -2.443460953   43.260795236  -52.043890674  -17.164595539
    0.698131701   -2.443460953   34.601004596  -45.304825829  -16.895758011
    0.872664626   -2.443460953   28.126806113  -27.192766713  -15.632496334
    1.047197551   -2.443460953   25.595010959   -0.998466965  -13.682302300
    1.221730476   -2.443460953   27.872414548   26.660321644  -11.383263660
    1.396263402   -2.443460953   34.546491297   48.240101967   -9.003229996
    1.570796327   -2.443460953   44.029371113   58.210201899   -6.649216002
    1.745329252   -2.443460953   54.084008401   54.848725371   -4.235453291
    1.919862177   -2.443460953   62.510539849   40.119369137   -1.560771663
    2.094395102   -2.443460953   67.677325063   18.302751972    1.566157935
    2.268928028   -2.443460953   68.777912915   -5.676358728    5.205880560
    2.443460953   -2.443460953   65.834443934  -27.391777902    9.239907712
    2.617993878   -2.443460953   59.553380198  -43.458259993   13.397953734
    2.792526803   -2.443460953   51.127865825  -51.763694981   17.337518397
    2.967059728   -2.443460953   41.998936065  -51.555235023   20.722267550

   -3.141592654   -2.094395102   40.091352114  -39.959605424   14.133498243
   -2.967059728   -2.094395102   34.112756006  -27.976858689   15.142271385
   -2.792526803   -2.094395102   30.459352559  -13.907098321   15.687504743
   -2.617993878   -2.094395102   29.192449884   -1.102717677   15.884396156
   -2.443460953   -2.094395102   29.864251450    8.058997950   15.864073941
   -2.268928028   -2.094395102   31.761397396   13.009067067   15.748822606
   -2.094395102   -2.094395102   34.221622775   14.783552405   15.604155643
   -1.919862177   -2.094395102   36.844361467   15.187258133   15.388022536
   -1.745329252   -2.094395102   39.535520317   15.743148301   14.936254587
   -1.570796327   -2.094395102   42.395635711   17.160017056   13.986018172
   -1.396263402   -2.094395102   45.572575915   19.264741870   12.261140494
   -1.221730476   -2.094395102   49.124026925   21.282851049    9.570421607
   -1.047197551   -2.094395102   52.944105378   22.160010449    5.910014873
   -0.872664626   -2.094395102   56.743352294   20.878290255    1.498542244
   -0.698131701   -2.094395102   60.077593421   16.755389873   -3.259693970
   -0.523598776   -2.094395102   62.425351305    9.583083855   -7.877734558
   -0.349065850   -2.094395102   63.273196148   -0.348903611  -11.911317704
   -0.174532925   -2.094395102   62.188208979  -12.441349281  -15.055056575
    0.000000000   -2.094395102   58.872138859  -25.714969775  -17.178207765
    0.174532925   -2.094395102   53.252769564  -38.462245603  -18.324977214
    0.349065850   -2.094395102   45.651348791  -47.860041220  -18.654723236
    0.523598776   -2.094395102   36.967527438  -50.215217369  -18.371794951
    0.698131701   -2.094395102   28.731668012  -42.350962249  -17.653944312
    0.872664626   -2.094395102   22.835667433  -23.583202913  -16.610492283
    1.047197551   -2.094395102   20.962368098    2.886122413  -15.293209486
    1.221730476   -2.094395102   23.922542313   30.573595728  -13.725492067
    1.396263402   -2.094395102   31.277175248   52.132788728  -11.908834876
    1.570796327   -2.094395102   41.449654121   62.261986925   -9.825239191
    1.745329252   -2.094395102   52.248968874   59.378393795   -7.437337087
    1.919862177   -2.094395102   61.530804529   45.416896534   -4.720224617
    2.094395102   -2.094395102   67.698633407   24.459316078   -1.698376641
    2.268928028   -2.094395102   69.938276036    1.157838332    1.523927886
    2.443460953   -2.094395102   68.219184206  -20.286318145    4.766382219
    2.617993878   -2.094395102   63.165355858  -36.593748941    7.811523438
    2.792526803   -2.094395102   55.880769322  -45.639684062   10.461414441
    2.967059728   -2.094395102   47.728269683  -46.563886615   12.585688928

   -3.141592654   -1.745329252   42.255071171  -38.532799857    5.378738115
   -2.967059728   -1.745329252   36.492487598  -26.910116334    5.845295588
   -2.792526803   -1.745329252   33.002309449  -13.100158484    6.184595718
   -2.617993878   -1.745329252   31.853124952   -0.573267951    6.379496250
   -2.443460953   -1.745329252   32.587258462    8.225240607    6.347429585
   -2.268928028   -1.745329252   34.471996317   12.675651735    5.977124035
   -2.094395102   -1.745329252   36.815693521   13.738282009    5.153247395
   -1.919862177   -1.745329252   39.171772903   13.117870187    3.770808236
   -1.745329252   -1.745329252   41.384343212   12.263957720    1.760929894
   -1.570796327   -1.745329252   43.489194966   11.950792653   -0.877523858
   -1.396263402   -1.745329252   45.597916283   12.254034819   -4.039493750
   -1.221730476   -1.745329252   47.789795880   12.816117068   -7.515062976
   -1.047197551   -1.745329252   50.059216094   13.024569999  -11.017027143
   -0.872664626   -1.745329252   52.284951523   12.177701127  -14.236848434
   -0.698131701   -1.745329252   54.221844096    9.620597973  -16.893211772
   -0.523598776   -1.745329252   55.525892880    4.868291721  -18.768674481
   -0.349065850   -1.745329252   55.790937629   -2.296764424  -19.741206608
   -0.174532925   -1.745329252   54.595423262  -11.832473972  -19.818876811
    0.000000000   -1.745329252   51.561289222  -23.236106518  -19.163387638
    0.174532925   -1.745329252   46.469229790  -35.059420471  -18.084168508
    0.349065850   -1.745329252   39.472275260  -44.472432911  -16.957268968
    0.523598776   -1.745329252   31.327639150  -47.497758695  -16.098389463
    0.698131701   -1.745329252   23.489756671  -40.499089605  -15.636282295
    0.872664626   -1.745329252   17.856303593  -22.355219202  -15.460408243
    1.047197551   -1.745329252   16.179220268    3.994102605  -15.284781181
    1.221730476   -1.745329252   19.362831137   32.097312629  -14.786438442
    1.396263402   -1.745329252   27.049802841   54.452637240  -13.727077323
    1.570796327   -1.745329252   37.709910194   65.524524285  -12.027936322
    1.745329252   -1.745329252   49.157575404   63.505423800   -9.765914754
    1.919862177   -1.745329252   59.218598149   50.155945496   -7.134281157
    2.094395102   -1.745329252   66.242153629   29.452019909   -4.380358577
    2.268928028   -1.745329252   69.346997253    6.007125000   -1.751506301
    2.443460953   -1.745329252   68.435209096  -15.943531538    0.550823823
    2.617993878   -1.745329252   64.075624231  -33.013436683    2.403275737
    2.792526803   -1.745329252   57.342019519  -42.909465757    3.775581592
    2.967059728   -1.745329252   49.598936619  -44.593961272    4.730497541

   -3.141592654   -1.396263402   41.507009155  -38.567715073    0.999359713
   -2.967059728   -1.396263402   35.754678392  -26.756130795    0.842503891
   -2.792526803   -1.396263402   32.304527857  -12.840629007    0.663377212
   -2.617993878   -1.396263402   31.186320285   -0.554680526    0.423329716
   -2.443460953   -1.396263402   31.868453759    7.528553881   -0.015952909
   -2.268928028   -1.396263402   33.534745705   10.802567974   -0.856464159
   -2.094395102   -1.396263402   35.422732340   10.347630609   -2.321192265
   -1.919862177   -1.396263402   37.042739867    8.071769068   -4.587803577
   -1.745329252   -1.396263402   38.237954426    5.701480307   -7.701309737
   -1.570796327   -1.396263402   39.097949911    4.361042926  -11.495977688
   -1.396263402   -1.396263402   39.849884256    4.454296357  -15.579463060
   -1.221730476   -1.396263402   40.734915291    5.811091835  -19.418408185
   -1.047197551   -1.396263402   41.921241429    7.754809838  -22.486488214
   -0.872664626   -1.396263402   43.429619077    9.302633275  -24.401246533
   -0.698131701   -1.396263402   45.094575050    9.386075279  -24.988283677
   -0.523598776   -1.396263402   46.579720443    7.123353607  -24.273889756
   -0.349065850   -1.396263402   47.421542196    1.955179528  -22.455157567
   -0.174532925   -1.396263402   47.087993317   -6.352408199  -19.877333960
    0.000000000   -1.396263402   45.047206955  -17.511437697  -17.008841871
    0.174532925   -1.396263402   40.897823572  -30.155481948  -14.375895463
    0.349065850   -1.396263402   34.616805170  -41.292835047  -12.433682708
    0.523598776   -1.396263402   26.840755750  -46.476756038  -11.419660073
    0.698131701   -1.396263402   19.006316304  -41.387866972  -11.261493007
    0.872664626   -1.396263402   13.112616330  -24.268486867  -11.604033419
    1.047197551   -1.396263402   11.100451715    2.257828639  -11.957012430
    1.221730476   -1.396263402   14.079365279   31.624846525  -11.888795548
    1.396263402   -1.396263402   21.843040547   55.841028896  -11.159231044
    1.570796327   -1.396263402   32.910568322   68.740421226   -9.759346995
    1.745329252   -1.396263402   45.041692291   67.987168698   -7.861030986
    1.919862177   -1.396263402   55.936267409   55.073016797   -5.730640976
    2.094395102   -1.396263402   63.796383264   33.993888853   -3.644606241
    2.268928028   -1.396263402   67.617175416    9.594566392   -1.831373498
    2.443460953   -1.396263402   67.227105722  -13.566073201   -0.438055601
    2.617993878   -1.396263402   63.179049755  -31.788441221    0.480620514
    2.792526803   -1.396263402   56.579934692  -42.528987398    0.952327325
    2.967059728   -1.396263402   48.861950491  -44.628329667    1.080676494

   -3.141592654   -1.047197551   38.886877524  -40.651480143    2.038063790
   -2.967059728   -1.047197551   32.808343110  -28.378576512    0.834544646
   -2.792526803   -1.047197551   29.124390171  -13.910169357   -0.523407816
   -2.617993878   -1.047197551   27.853915583   -1.296009934   -1.950580542
   -2.443460953   -1.047197551   28.401000620    6.623353853   -3.466209909
   -2.268928028   -1.047197551   29.848299929    9.089466341   -5.209392389
   -2.094395102   -1.047197551   31.321073013    7.218565550   -7.411152530
   -1.919862177   -1.047197551   32.243740878    3.187840926  -10.286546414
   -1.745329252   -1.047197551   32.440978849   -0.774941698  -13.876903401
   -1.570796327   -1.047197551   32.084235490   -2.927540137  -17.918064943
   -1.396263402   -1.047197551   31.583297761   -2.378678059  -21.843471898
   -1.221730476   -1.047197551   31.418232355    0.825333389  -24.946016482
   -1.047197551   -1.047197551   31.977098963    5.678552626  -26.629028715
   -0.872664626   -1.047197551   33.414195840   10.571679704  -26.596924428
   -0.698131701   -1.047197551   35.579983852   13.761083111  -24.908252631
   -0.523598776   -1.047197551   38.047727025   13.843243044  -21.905339257
   -0.349065850   -1.047197551   40.188336870    9.916322058  -18.099663979
   -0.174532925   -1.047197551   41.260230336    1.569627388  -14.071003070
    0.000000000   -1.047197551   40.504868276  -10.908820330  -10.383026845
    0.174532925   -1.047197551   37.314385686  -25.908068914   -7.476679857
    0.349065850   -1.047197551   31.528207214  -39.893406429   -5.566116981
    0.523598776   -1.047197551   23.761763837  -47.663324167   -4.583399281
    0.698131701   -1.047197551   15.563460985  -44.171050077   -4.225220124
    0.872664626   -1.047197551    9.145943615  -27.261903599   -4.094445824
    1.047197551   -1.047197551    6.691035522    0.345060372   -3.863720055
    1.221730476   -1.047197551    9.493002274   31.571743634   -3.370941590
    1.396263402   -1.047197551   17.421751367   57.736278968   -2.607498415
    1.570796327   -1.047197551   28.957386204   72.080897022   -1.646889391
    1.745329252   -1.047197551   41.739162976   71.947376865   -0.578151902
    1.919862177   -1.047197551   53.315591728   58.788538976    0.522368046
    2.094395102   -1.047197551   61.751685002   36.786796933    1.580607383
    2.268928028   -1.047197551   65.949457895   11.085651116    2.508939717
    2.443460953   -1.047197551   65.698683474  -13.442712131    3.203248111
    2.617993878   -1.047197551   61.564885171  -32.848912624    3.557838257
    2.792526803   -1.047197551   54.703860899  -44.398880241    3.484902262
    2.967059728   -1.047197551   46.623363481  -46.843917737    2.961957682

   -3.141592654   -0.698131701   38.366379438  -44.624208198    2.074794992
   -2.967059728   -0.698131701   31.561866842  -32.652283788   -0.124746801
   -2.792526803   -0.698131701   27.135346086  -18.088425398   -2.524011610
   -2.617993878   -0.698131701   25.160230732   -5.184395105   -4.920521969
   -2.443460953   -0.698131701   25.047508494    2.905126280   -7.233981466
   -2.268928028   -0.698131701   25.830886159    5.113772070   -9.552058269
   -2.094395102   -0.698131701   26.547474661    2.450493942  -12.091514740
   -1.919862177   -0.698131701   26.544063997   -2.663661964  -15.049085097
   -1.745329252   -0.698131701   25.642334848   -7.403973727  -18.406963348
   -1.570796327   -0.698131701   24.129601043   -9.327039676  -21.798453678
   -1.396263402   -0.698131701   22.634666300   -7.118094010  -24.561766720
   -1.221730476   -0.698131701   21.885696972   -0.950242295  -25.972635371
   -1.047197551   -0.698131701   22.447383937    7.525534747  -25.555840671
   -0.872664626   -0.698131701   24.514743365   15.843630500  -23.277719003
   -0.698131701   -0.698131701   27.837320757   21.542955055  -19.542488425
   -0.523598776   -0.698131701   31.789310379   22.831037242  -15.026308865
   -0.349065850   -0.698131701   35.502565671   18.724525004  -10.459548187
   -0.174532925   -0.698131701   38.005655017    8.976718099   -6.450997968
    0.000000000   -0.698131701   38.356476752   -5.740016763   -3.373510882
    0.174532925   -0.698131701   35.848336628  -23.247947571   -1.282081592
    0.349065850   -0.698131701   30.331744271  -39.350094717    0.074843530
    0.523598776   -0.698131701   22.541734339  -48.302846929    1.137479695
    0.698131701   -0.698131701   14.212061650  -44.873996188    2.317467368
    0.872664626   -0.698131701    7.734004794  -27.164932252    3.786034176
    1.047197551   -0.698131701    5.394448907    1.561253115    5.399690113
    1.221730476   -0.698131701    8.494876278   33.698287022    6.819376710
    1.396263402   -0.698131701   16.839987902   60.286762178    7.732803574
    1.570796327   -0.698131701   28.822830960   74.582994741    8.032887776
    1.745329252   -0.698131701   42.014402811   74.106276750    7.843320952
    1.919862177   -0.698131701   53.927274624   60.474299205    7.415383128
    2.094395102   -0.698131701   62.611590527   37.934911934    6.977977294
    2.268928028   -0.698131701   66.956618262   11.607306056    6.632847494
    2.443460953   -0.698131701   66.731009381  -13.698690105    6.329693098
    2.617993878   -0.698131701   62.471519670  -34.066290989    5.901990984
    2.792526803   -0.698131701   55.306425451  -46.673644618    5.133127624
    2.967059728   -0.698131701   46.740309887  -50.108303907    3.867358778

   -3.141592654   -0.349065850   38.880794882  -49.825203219    2.718124598
   -2.967059728   -0.349065850   31.104300478  -38.484592250   -0.173727040
   -2.792526803   -0.349065850   25.648330528  -23.949364608   -3.265623091
   -2.617993878   -0.349065850   22.682048271  -10.632147187   -6.272340702
   -2.443460953   -0.349065850   21.662850827   -2.052634006   -9.041461886
   -2.268928028   -0.349065850   21.603445965    0.344572331  -11.612679739
   -2.094395102   -0.349065850   21.471560677   -2.562911131  -14.156675492
   -1.919862177   -0.349065850   20.556191598   -8.082018556  -16.798427493
   -1.745329252   -0.349065850   18.702114894  -12.756823298  -19.421688728
   -1.570796327   -0.349065850   16.339018302  -13.489135014  -21.580504437
   -1.396263402   -0.349065850   14.322482068   -8.707034889  -22.627684252
   -1.221730476   -0.349065850   13.598682468    1.030669842  -21.997248516
   -1.047197551   -0.349065850   14.832524674   13.177581437  -19.512369122
   -0.872664626   -0.349065850   18.148156846   24.275355904  -15.504953826
   -0.698131701   -0.349065850   23.075500942   31.204300859  -10.705745093
   -0.523598776   -0.349065850   28.697782149   32.034636599   -5.976449917
   -0.349065850   -0.349065850   33.873536740   26.091670338   -2.022988947
   -0.174532925   -0.349065850   37.441580625   13.738053452    0.788816342
    0.000000000   -0.349065850   38.391810608   -3.563806296    2.503678066
    0.174532925   -0.349065850   36.091360701  -22.854341930    3.557739292
    0.349065850   -0.349065850   30.584452042  -39.392297900    4.614030399
    0.523598776   -0.349065850   22.852834875  -47.406102561    6.290219378
    0.698131701   -0.349065850   14.826665886  -42.254574068    8.852160088
    0.872664626   -0.349065850    8.951528159  -23.003244188   12.036925960
    1.047197551   -0.349065850    7.403578285    6.249303384   15.146145760
    1.221730476   -0.349065850   11.274279917   37.633900692   17.386151852
    1.396263402   -0.349065850   20.171232679   62.582007082   18.244562078
    1.570796327   -0.349065850   32.394781269   75.080113315   17.696635796
    1.745329252   -0.349065850   45.547787944   73.283383284   16.140923485
    1.919862177   -0.349065850   57.254343851   59.056897702   14.159944378
    2.094395102   -0.349065850   65.683167479   36.493403583   12.258142641
    2.268928028   -0.349065850   69.791242134   10.331918877   10.697368890
    2.443460953   -0.349065850   69.343779966  -15.023589068    9.465310403
    2.617993878   -0.349065850   64.815300446  -35.922156687    8.336745414
    2.792526803   -0.349065850   57.244954435  -49.531254249    6.984709404
    2.967059728   -0.349065850   48.072067568  -54.205759435    5.142748225

   -3.141592654    0.000000000   40.101595595  -55.017303023    2.381923374
   -2.967059728    0.000000000   31.351461793  -44.349496988   -0.389852371
   -2.792526803    0.000000000   24.854432363  -29.906890984   -3.234686570
   -2.617993878    0.000000000   20.876127447  -16.212611411   -5.900301837
   -2.443460953    0.000000000   18.928072647   -7.120848951   -8.269942469
   -2.268928028    0.000000000   18.016279783   -4.398199479  -10.400941370
   -2.094395102    0.000000000   17.066379847   -7.212602958  -12.435998849
   -1.919862177    0.000000000   15.351399917  -12.528504053  -14.422989661
   -1.745329252    0.000000000   12.785889096  -16.289747448  -16.156296264
   -1.570796327    0.000000000    9.970003842  -14.929201223  -17.155577124
   -1.396263402    0.000000000    7.969793536   -6.922880354  -16.854695538
   -1.221730476    0.000000000    7.877011469    6.462852593  -14.896618122
   -1.047197551    0.000000000   10.337271357   21.597260366  -11.391780751
   -0.872664626    0.000000000   15.270143796   34.064460478   -6.944740883
   -0.698131701    0.000000000   21.881945899   40.384822768   -2.443968528
   -0.523598776    0.000000000   28.930902874   38.985412897    1.275139656
   -0.349065850    0.000000000   35.061610622   30.037095325    3.732326283
   -0.174532925    0.000000000   39.067606511   14.926790159    4.931058705
    0.000000000    0.000000000   40.065345931   -3.952156185    5.329612811
    0.174532925    0.000000000   37.683975008  -23.086950039    5.697674675
    0.349065850    0.000000000   32.278217796  -37.763770219    6.846421862
    0.523598776    0.000000000   25.073407117  -42.942433720    9.308405844
    0.698131701    0.000000000   18.064078779  -35.244047783   13.059850502
    0.872664626    0.000000000   13.531345816  -14.978080393   17.443775277
    1.047197551    0.000000000   13.317894801   13.159474046   21.401324354
    1.221730476    0.000000000   18.161722721   41.657388516   23.925803803
    1.396263402    0.000000000   27.449377334   63.029987782   24.478528022
    1.570796327    0.000000000   39.468423155   72.458886952   23.160346042
    1.745329252    0.000000000   51.985349237   68.860052008   20.569234327
    1.919862177    0.000000000   62.864263659   54.210009889   17.483120515
    2.094395102    0.000000000   70.485435400   32.199853692   14.551163047
    2.268928028    0.000000000   73.923439640    6.956360695   12.115256020
    2.443460953    0.000000000   72.954181203  -17.699564665   10.190738002
    2.617993878    0.000000000   67.978296696  -38.499639624    8.549638005
    2.792526803    0.000000000   59.918049134  -52.668978115    6.854989768
    2.967059728    0.000000000   50.111731835  -58.348285460    4.831141635

   -3.141592654    0.349065850   41.342248978  -59.535576245    1.471556908
   -2.967059728    0.349065850   31.757421861  -49.305094915   -0.287350783
   -2.792526803    0.349065850   24.393610458  -34.783269018   -1.969932501
   -2.617993878    0.349065850   19.604128181  -20.573437449   -3.476893427
   -2.443460953    0.349065850   16.952150891  -10.827665358   -4.798864870
   -2.268928028    0.349065850   15.440759502   -7.597256517   -6.022874139
   -2.094395102    0.349065850   13.962106425  -10.083778830   -7.248874585
   -1.919862177    0.349065850   11.779661258  -14.952814072   -8.460222804
   -1.745329252    0.349065850    8.869660184  -17.673608155   -9.437819333
   -1.570796327    0.349065850    5.966383601  -14.397563876   -9.791243250
   -1.396263402    0.349065850    4.278294891   -3.806919083   -9.139065963
   -1.221730476    0.349065850    4.957301417   12.104927000   -7.329672222
   -1.047197551    0.349065850    8.558871901   28.806541425   -4.592456688
   -0.872664626    0.349065850   14.773726167   41.260310952   -1.485328273
   -0.698131701    0.349065850   22.524254632   46.001707412    1.329254796
   -0.523598776    0.349065850   30.341725743   42.089136874    3.367694178
   -0.349065850    0.349065850   36.788462255   30.634618266    4.528726485
   -0.174532925    0.349065850   40.743017266   13.953811457    5.111469358
    0.000000000    0.349065850   41.547148823   -4.898786854    5.701658028
    0.174532925    0.349065850   39.133433106  -22.231306359    6.976820961
    0.349065850    0.349065850   34.139544596  -33.752076325    9.454698610
    0.523598776    0.349065850   27.943563105  -35.463409633   13.258649353
    0.698131701    0.349065850   22.474610858  -25.374922527   17.977325910
    0.872664626    0.349065850   19.718114798   -4.928879963   22.715874156
    1.047197551    0.349065850   21.089050211   20.883070958   26.394286244
    1.221730476    0.349065850   26.938207727   45.264663513   28.167983918
    1.396263402    0.349065850   36.454794414   62.104335682   27.734379154
    1.570796327    0.349065850   47.975743712   67.918627989   25.393953203
    1.745329252    0.349065850   59.504184999   62.377087528   21.849219850
    1.919862177    0.349065850   69.206803665   47.465065374   17.899948229
    2.094395102    0.349065850   75.716711160   26.341624344   14.185265123
    2.268928028    0.349065850   78.246069981    2.414014797   11.054847611
    2.443460953    0.349065850   76.586942692  -21.138617898    8.572011886
    2.617993878    0.349065850   71.065018074  -41.442733022    6.591622041
    2.792526803    0.349065850   62.484470902  -55.790098401    4.871090565
    2.967059728    0.349065850   52.078766136  -62.116914351    3.197313634

   -3.141592654    0.698131701   42.862723546  -61.883023118   -0.462164605
   -2.967059728    0.698131701   32.842574636  -51.906401671   -0.956265481
   -2.792526803    0.698131701   25.015945268  -37.436523466   -1.200554800
   -2.617993878    0.698131701   19.772994297  -23.085590966   -1.278406103
   -2.443460953    0.698131701   16.700293563  -13.132118816   -1.308760024
   -2.268928028    0.698131701   14.802151287   -9.730574325   -1.423233920
   -2.094395102    0.698131701   12.964759663  -12.047900446   -1.708630000
   -1.919862177    0.698131701   10.466185596  -16.556084402   -2.147819104
   -1.745329252    0.698131701    7.336965230  -18.494243900   -2.604688413
   -1.570796327    0.698131701    4.393898053  -13.963301251   -2.866875368
   -1.396263402    0.698131701    2.909975926   -1.898111793   -2.752892554
   -1.221730476    0.698131701    4.034211841   15.205148649   -2.208351995
   -1.047197551    0.698131701    8.227735523   32.333623917   -1.344662278
   -0.872664626    0.698131701   15.025525439   44.262433287   -0.374389898
   -0.698131701    0.698131701   23.201428465   47.798424234    0.519430250
   -0.523598776    0.698131701   31.217550626   42.618057143    1.308049162
   -0.349065850    0.698131701   37.687273492   30.520337366    2.173975934
   -0.174532925    0.698131701   41.646061791   14.324771232    3.450493736
    0.000000000    0.698131701   42.650755080   -2.767409781    5.506579871
    0.174532925    0.698131701   40.838385050  -17.353989190    8.605419455
    0.349065850    0.698131701   36.963019821  -25.850659795   12.757974357
    0.523598776    0.698131701   32.365863963  -25.257158476   17.625853641
    0.698131701    0.698131701   28.760890811  -14.577723668   22.520707917
    0.872664626    0.698131701   27.778497552    4.219156565   26.544173262
    1.047197551    0.698131701   30.451582983   26.393564065   28.876681627
    1.221730476    0.698131701   36.861387211   46.118273637   29.079032423
    1.396263402    0.698131701   46.130359559   58.560407970   27.228220740
    1.570796327    0.698131701   56.737653359   61.264954637   23.843693264
    1.745329252    0.698131701   66.959752060   54.355411419   19.645569657
    1.919862177    0.698131701   75.262025829   39.668590165   15.311016658
    2.094395102    0.698131701   80.512684688   19.826938372   11.320819971
    2.268928028    0.698131701   82.050676532   -2.417592163    7.926968657
    2.443460953    0.698131701   79.685820015  -24.458733462    5.197313513
    2.617993878    0.698131701   73.679633965  -43.775268372    3.085301734
    2.792526803    0.698131701   64.732990509  -57.739492176    1.495980285
    2.967059728    0.698131701   53.982075375  -64.153035675    0.335172125

   -3.141592654    1.047197551   41.581460475  -61.838142745   -5.389719355
   -2.967059728    1.047197551   31.655024320  -50.921118512   -4.647530750
   -2.792526803    1.047197551   24.053614446  -35.910594672   -3.538185636
   -2.617993878    1.047197551   19.089784954  -21.484007174   -2.324106647
   -2.443460953    1.047197551   16.271993860  -11.864785794   -1.235544684
   -2.268928028    1.047197551   14.547494119   -9.026520811   -0.423843439
   -2.094395102    1.047197551   12.781416905  -11.916409258    0.063553504
   -1.919862177    1.047197551   10.266381756  -16.841661856    0.261633061
   -1.745329252    1.047197551    7.066704641  -18.981167361    0.230309222
   -1.570796327    1.047197551    4.033290305  -14.495684809    0.009276629
   -1.396263402    1.047197551    2.456754208   -2.432526345   -0.392216871
   -1.221730476    1.047197551    3.485010785   14.623999524   -0.949420905
   -1.047197551    1.047197551    7.570381132   31.670675009   -1.564218819
   -0.872664626    1.047197551   14.250568278   43.606116902   -2.035672416
   -0.698131701    1.047197551   22.333781136   47.462846610   -2.081133533
   -0.523598776    1.047197551   30.357734523   43.153883206   -1.398306620
   -0.349065850    1.047197551   37.046461358   32.606458333    0.267687086
   -0.174532925    1.047197551   41.550657315   18.568921625    3.055352978
    0.000000000    1.047197551   43.509163994    3.931901367    6.940978545
    0.174532925    1.047197551   43.068151350   -8.430372193   11.701221991
    0.349065850    1.047197551   40.885901927  -15.577516095   16.882562817
    0.523598776    1.047197551   38.095998605  -15.102691077   21.821704458
    0.698131701    1.047197551   36.123615862   -6.321601598   25.746547737
    0.872664626    1.047197551   36.298985105    9.015629645   27.963523506
    1.047197551    1.047197551   39.441459620   26.928388774   28.090412042
    1.221730476    1.047197551   45.580844398   42.602657826   26.197129166
    1.396263402    1.047197551   53.956019759   52.059128651   22.750018098
    1.570796327    1.047197551   63.271555372   53.197558546   18.410818003
    1.745329252    1.047197551   72.044682758   45.996190828   13.791947617
    1.919862177    1.047197551   78.927485510   31.858857671    9.323853015
    2.094395102    1.047197551   82.894935892   12.969423222    5.245758551
    2.268928028    1.047197551   83.328988840   -8.202121952    1.688124930
    2.443460953    1.047197551   80.049271094  -29.152795485   -1.252318257
    2.617993878    1.047197551   73.320576392  -47.344877824   -3.481146614
    2.792526803    1.047197551   63.853032966  -60.113391685   -4.916803551
    2.967059728    1.047197551   52.794071000  -65.279228522   -5.534279443

   -3.141592654    1.396263402   36.740360339  -60.798737559  -11.084357941
   -2.967059728    1.396263402   27.154441383  -48.137663822   -9.597290259
   -2.792526803    1.396263402   20.146864119  -32.008845026   -7.664071492
   -2.617993878    1.396263402   15.907269043  -17.205999123   -5.666254651
   -2.443460953    1.396263402   13.818400926   -7.883081656   -3.878119395
   -2.268928028    1.396263402   12.729645618   -5.770283121   -2.405911321
   -2.094395102    1.396263402   11.454896291   -9.551646038   -1.209903435
   -1.919862177    1.396263402    9.272848692  -15.396515116   -0.211647770
   -1.745329252    1.396263402    6.242346722  -18.509598009    0.585764104
   -1.570796327    1.396263402    3.197139240  -15.131814240    1.062912610
   -1.396263402    1.396263402    1.407176205   -4.242637292    1.066388538
   -1.221730476    1.396263402    2.032604049   11.885363082    0.572564003
   -1.047197551    1.396263402    5.607886224   28.708740728   -0.194470812
   -0.872664626    1.396263402   11.827642660   41.479666765   -0.784805133
   -0.698131701    1.396263402   19.695645746   47.295035061   -0.674830958
   -0.523598776    1.396263402   27.925788120   45.788452895    0.540749711
   -0.349065850    1.396263402   35.347582722   38.373759396    3.026180675
   -0.174532925    1.396263402   41.115609788   27.183112729    6.681212496
    0.000000000    1.396263402   44.765282317   14.503895043   11.177527270
    0.174532925    1.396263402   46.241625052    2.696950828   16.003687570
    0.349065850    1.396263402   45.926441144   -5.611344553   20.500834981
    0.523598776    1.396263402   44.648498252   -7.997612321   23.941724856
    0.698131701    1.396263402   43.570787894   -3.311823453   25.680678095
    0.872664626    1.396263402   43.882313129    7.598787544   25.351774109
    1.047197551    1.396263402   46.436253019   21.795728730   23.028423778
    1.221730476    1.396263402   51.457538904   35.185620630   19.215519061
    1.396263402    1.396263402   58.453003986   43.891060576   14.642336609
    1.570796327    1.396263402   66.358408940   45.314414054    9.980595227
    1.745329252    1.396263402   73.809683109   38.731956621    5.632316531
    1.919862177    1.396263402   79.468513496   25.046276649    1.711352812
    2.094395102    1.396263402   82.266738812    6.359118227   -1.836863341
    2.268928028    1.396263402   81.561375436  -14.614318145   -5.055758635
    2.443460953    1.396263402   77.201847527  -35.027823645   -7.871293337
    2.617993878    1.396263402   69.534484555  -52.109641849  -10.082849571
    2.792526803    1.396263402   59.373384539  -63.196753493  -11.439163000
    2.967059728    1.396263402   47.950330886  -66.311307854  -11.771472728

   -3.141592654    1.745329252   30.462177623  -58.569270294  -17.265552501
   -2.967059728    1.745329252   21.432645354  -44.121746937  -15.970747004
   -2.792526803    1.745329252   15.216217049  -27.123374399  -14.032351854
   -2.617993878    1.745329252   11.838252720  -12.348184823  -11.782523586
   -2.443460953    1.745329252   10.548709633   -3.645852102   -9.471717634
   -2.268928028    1.745329252   10.130394741   -2.324579083   -7.202699118
   -2.094395102    1.745329252    9.394591110   -6.798314126   -4.944676710
   -1.919862177    1.745329252    7.640114095  -13.259599437   -2.645369565
   -1.745329252    1.745329252    4.919655397  -17.147181922   -0.367298763
   -1.570796327    1.745329252    2.021323482  -14.873346767    1.662892398
   -1.396263402    1.745329252    0.167202692   -5.235471605    3.153332400
   -1.221730476    1.745329252    0.535401463   10.039999949    3.949248571
   -1.047197551    1.745329252    3.786235771   27.035179625    4.195359786
   -0.872664626    1.745329252    9.825461969   41.297372616    4.323641019
   -0.698131701    1.745329252   17.873994151   49.682005125    4.868346606
   -0.523598776    1.745329252   26.780385110   51.152442755    6.226857018
   -0.349065850    1.745329252   35.377186087   46.349443319    8.503093120
   -0.174532925    1.745329252   42.695122690   36.756090507   11.496171689
    0.000000000    1.745329252   48.053089287   24.245492057   14.768539051
    0.174532925    1.745329252   51.128008967   10.996350969   17.736278156
    0.349065850    1.745329252   52.022799301   -0.278572469   19.756763258
    0.523598776    1.745329252   51.331419591   -6.728682053   20.256266125
    0.698131701    1.745329252   50.091297439   -6.401618081   18.904574096
    0.872664626    1.745329252   49.528640328    0.874225931   15.782152474
    1.047197551    1.745329252   50.701466713   12.991950775   11.423195528
    1.221730476    1.745329252   54.137524641   26.099846715    6.648610633
    1.396263402    1.745329252   59.626494322   35.867900882    2.239996807
    1.570796327    1.745329252   66.264881290   38.814134217   -1.356163242
    1.745329252    1.745329252   72.692267737   33.390850475   -4.140851409
    1.919862177    1.745329252   77.465259726   20.107935054   -6.431929721
    2.094395102    1.745329252   79.388467814    1.211846350   -8.616975579
    2.268928028    1.745329252   77.753114451  -20.084401617  -10.915453807
    2.443460953    1.745329252   72.440034268  -40.361019065  -13.280573876
    2.617993878    1.745329252   63.912709550  -56.459515462  -15.433565767
    2.792526803    1.745329252   53.141021001  -65.701373410  -16.991250021
    2.967059728    1.745329252   41.483507041  -66.436573765  -17.643390489

   -3.141592654    2.094395102   23.423333331  -57.364153361  -18.698947890
   -2.967059728    2.094395102   14.751793124  -41.312483297  -17.444922222
   -2.792526803    2.094395102    9.122953958  -23.315428019  -15.468860212
   -2.617993878    2.094395102    6.453049820   -8.129200339  -13.067030581
   -2.443460953    2.094395102    5.907366338    0.621528353  -10.464559593
   -2.268928028    2.094395102    6.232925165    1.941635937   -7.737739277
   -2.094395102    2.094395102    6.251393679   -2.400296824   -4.822861962
   -1.919862177    2.094395102    5.282512501   -8.671473754   -1.636008248
   -1.745329252    2.094395102    3.365971697  -12.594279783    1.767591569
   -1.570796327    2.094395102    1.225872749  -10.833602929    5.117927559
   -1.396263402    2.094395102    0.000000000   -2.134308829    8.020538540
   -1.221730476    2.094395102    0.824048456   12.195797441   10.171289586
   -1.047197551    2.094395102    4.405738254   28.790681964   11.544728367
   -0.872664626    2.094395102   10.779106554   43.515986405   12.409270492
   -0.698131701    2.094395102   19.311629399   53.101123495   13.155010309
   -0.523598776    2.094395102   28.940537452   55.992976256   14.063466202
   -0.349065850    2.094395102   38.482432611   52.220742765   15.158239658
   -0.174532925    2.094395102   46.852036044   42.751241072   16.211449907
    0.000000000    2.094395102   53.181278545   29.163875240   16.828546653
    0.174532925    2.094395102   56.928737407   13.575497706   16.555200450
    0.349065850    2.094395102   57.990187353   -1.090019697   14.989920820
    0.523598776    2.094395102   56.818746190  -11.429685290   11.925368947
    0.698131701    2.094395102   54.438422665  -14.610627497    7.498160077
    0.872664626    2.094395102   52.228452222   -9.496413309    2.264197055
    1.047197551    2.094395102   51.543339885    2.412406897   -2.910795539
    1.221730476    2.094395102   53.252851510   17.148216396   -7.154896243
    1.396263402    2.094395102   57.403289834   29.559426265   -9.942770866
    1.570796327    2.094395102   63.170845059   35.039914040  -11.293749207
    1.745329252    2.094395102   69.092440754   31.167316771  -11.705524528
    1.919862177    2.094395102   73.519306816   18.170263952  -11.877694155
    2.094395102    2.094395102   75.055555111   -1.380668288  -12.397052667
    2.268928028    2.094395102   72.884318442  -23.608896845  -13.525567880
    2.443460953    2.094395102   66.899636493  -44.412286724  -15.162503305
    2.617993878    2.094395102   57.677917297  -60.193488257  -16.934257831
    2.792526803    2.094395102   46.347027812  -68.231319386  -18.354888225
    2.967059728    2.094395102   34.399687373  -67.158691146  -19.014101204

   -3.141592654    2.443460953   17.154791527  -56.719462341  -12.598365743
   -2.967059728    2.443460953    8.735004966  -39.116902578  -11.310430863
   -2.792526803    2.443460953    3.602750162  -19.895959377   -9.527645668
   -2.617993878    2.443460953    1.609238822   -3.857765918   -7.445580966
   -2.443460953    2.443460953    1.864599506    5.502064775   -5.178376239
   -2.268928028    2.443460953    3.092463670    7.407115395   -2.701088975
   -2.094395102    2.443460953    4.123987738    3.756413078    0.133457900
   -1.919862177    2.443460953    4.292567259   -1.819633707    3.479774565
   -1.745329252    2.443460953    3.612926780   -5.362399045    7.336378933
   -1.570796327    2.443460953    2.723842072   -3.860159995   11.442068852
   -1.396263402    2.443460953    2.641483416    3.885797565   15.326022103
   -1.221730476    2.443460953    4.402348273   16.877344291   18.493929900
   -1.047197551    2.443460953    8.689329924   32.240479032   20.638163263
   -0.872664626    2.443460953   15.588870662   46.175993987   21.725982314
   -0.698131701    2.443460953   24.548073319   55.376782371   21.918770435
   -0.523598776    2.443460953   34.546693911   57.917275121   21.406974735
   -0.349065850    2.443460953   44.367964518   53.395636936   20.271748007
   -0.174532925    2.443460953   52.827350703   42.473345844   18.461838735
    0.000000000    2.443460953   58.924779082   26.659107035   15.837965086
    0.174532925    2.443460953   61.995201680    8.244155966   12.250824033
    0.349065850    2.443460953   61.862292864   -9.424535737    7.641498235
    0.523598776    2.443460953   59.003674449  -22.273898247    2.159438889
    0.698131701    2.443460953   54.599010253  -26.677460576   -3.744778096
    0.872664626    2.443460953   50.310167128  -20.906064523   -9.328798965
    1.047197551    2.443460953   47.831850727   -6.443971692  -13.748539837
    1.221730476    2.443460953   48.312622345   12.036008943  -16.375856434
    1.396263402    2.443460953   51.907472962   28.211935726  -17.064932789
    1.570796327    2.443460953   57.694702776   36.371997938  -16.214776312
    1.745329252    2.443460953   63.961807319   33.514929866  -14.578820437
    1.919862177    2.443460953   68.769590513   19.975094115  -12.954700760
    2.094395102    2.443460953   70.497681009   -1.070945356  -11.907724787
    2.268928028    2.443460953   68.230974534  -24.973029874  -11.641505518
    2.443460953    2.443460953   61.893681542  -46.962725546  -12.021043756
    2.617993878    2.443460953   52.184906320  -63.055663367  -12.687788950
    2.792526803    2.443460953   40.394589761  -70.491310372  -13.209992970
    2.967059728    2.443460953   28.158983216  -68.122765395  -13.238894413

   -3.141592654    2.792526803   14.483873283  -55.474021996    0.946687865
   -2.967059728    2.792526803    6.337546890  -37.255332814    2.561898741
   -2.792526803    2.792526803    1.575867035  -17.538244796    4.116178625
   -2.617993878    2.792526803    0.032809467   -1.055033904    5.567933992
   -2.443460953    2.792526803    0.822782321    8.852980604    7.004299046
   -2.268928028    2.792526803    2.702737589   11.578989055    8.633542101
   -2.094395102    2.792526803    4.559756233    9.092599082   10.720371282
   -1.919862177    2.792526803    5.777839374    4.875033295   13.468828893
   -1.745329252    2.792526803    6.374889252    2.495710043   16.885265949
   -1.570796327    2.792526803    6.913238697    4.486127933   20.690139499
   -1.396263402    2.792526803    8.258748319   11.720841280   24.359205269
   -1.221730476    2.792526803   11.269389986   23.217305920   27.283834011
   -1.047197551    2.792526803   16.481421047   36.427694473   28.980556745
   -0.872664626    2.792526803   23.903268485   47.962970071   29.221826767
   -0.698131701    2.792526803   32.964966335   54.780874495   28.032373142
   -0.523598776    2.792526803   42.655888054   54.989597869   25.587367262
   -0.349065850    2.792526803   51.762773340   48.129415891   22.092578287
   -0.174532925    2.792526803   59.096311728   34.839958964   17.732164047
    0.000000000    2.792526803   63.659500170   16.741579398   12.664127674
    0.174532925    2.792526803   64.822897711   -3.606797484    7.044627389
    0.349065850    2.792526803   62.503395490  -22.464874642    1.089304068
    0.523598776    2.792526803   57.348142420  -35.309759253   -4.856708208
    0.698131701    2.792526803   50.779683984  -38.149651494  -10.279470389
    0.872664626    2.792526803   44.740768022  -29.236614447  -14.552694464
    1.047197551    2.792526803   41.165815279  -10.563192577  -17.128434297
    1.221730476    2.792526803   41.310811087   12.245559881  -17.775771936
    1.396263402    2.792526803   45.258092359   31.822367527  -16.703150138
    1.570796327    2.792526803   51.857095464   41.783954209  -14.487046322
    1.745329252    2.792526803   59.101013506   39.051933479  -11.828627343
    1.919862177    2.792526803   64.791843473   24.416723841   -9.308196361
    2.094395102    2.792526803   67.155120547    1.741892460   -7.235223069
    2.268928028    2.792526803   65.240077673  -23.696461123   -5.646930609
    2.443460953    2.792526803   59.026358141  -46.721401210   -4.393547857
    2.617993878    2.792526803   49.316665022  -63.199266951   -3.253461255
    2.792526803    2.792526803   37.510754662  -70.453222015   -2.027021299
    2.967059728    2.792526803   25.327044835  -67.542496670   -0.618854649
