#! FIELDS phi psi file.free der_phi der_psi
#! SET min_phi -pi
#! SET max_phi pi
#! SET nbins_phi  36
#! SET periodic_phi true
#! SET min_psi -pi
#! SET max_psi pi
#! SET nbins_psi  18
#! SET periodic_psi true
   -3.141592654   -3.141592654   20.505467106  -40.164351189    6.753307448
   -2.967059728   -3.141592654   13.889881633  -34.578721431    8.737466325
   -2.792526803   -3.141592654    8.756444204  -23.536092605   10.601168852
   -2.617993878   -3.141592654    5.814484282  -10.101500871   12.233677148
   -2.443460953   -3.141592654    5.144801749    1.901380200   13.651444157
   -2.268928028   -3.141592654    6.229442850    9.709007771   14.974301272
   -2.094395102   -3.141592654    8.254235448   12.784902602   16.337104984
   -1.919862177   -3.141592654   10.505849786   12.688626765   17.779992075
   -1.745329252   -3.141592654   12.643301084   11.884574061   19.169125204
   -1.570796327   -3.141592654   14.731423915   12.361726626   20.191667441
   -1.396263402   -3.141592654   17.076849270   14.833374428   20.443798312
   -1.221730476   -3.141592654   19.992217877   18.692691784   19.587346542
   -1.047197551   -3.141592654   23.603747032   22.534027200   17.515739600
   -0.872664626   -3.141592654   27.768399142   24.767798273   14.433413080
   -0.698131701   -3.141592654   32.097722877   24.271586474   10.802026477
   -0.523598776   -3.141592654   36.068788917   20.660429398    7.164602976
   -0.349065850   -3.141592654   39.160754711   14.341982491    3.930509679
   -0.174532925   -3.141592654   40.975639940    6.203638386    1.244088901
    0.000000000   -3.141592654   41.294183875   -2.569150113   -1.018907793
    0.174532925   -3.141592654   40.124219997  -10.620595852   -3.135104024
    0.349065850   -3.141592654   37.732216625  -16.292458884   -5.335785764
    0.523598776   -3.141592654   34.681990380  -17.888137082   -7.634570286
    0.698131701   -3.141592654   31.791335643  -14.414497049   -9.766452503
    0.872664626   -3.141592654   29.927821577   -6.350988684  -11.273670063
    1.047197551   -3.141592654   29.714573347    4.005184690  -11.732925164
    1.221730476   -3.141592654   31.268935140   13.349593243  -10.988110579
    1.396263402   -3.141592654   34.151566719   18.908826814   -9.243178473
    1.570796327   -3.141592654   37.578832244   19.582941489   -6.972397597
    1.745329252   -3.141592654   40.741074513   16.103383723   -4.696705723
    1.919862177   -3.141592654   43.049141684   10.060452468   -2.777013832
    2.094395102   -3.141592654   44.179404663    2.751105610   -1.323239128
    2.268928028   -3.141592654   43.962261755   -5.371755014   -0.227230090
    2.443460953   -3.141592654   42.251175284  -14.382421727    0.737940977
    2.617993878   -3.141592654   38.901383668  -24.037637297    1.810102245
    2.792526803   -3.141592654   33.895304398  -33.087503996    3.160428371
    2.967059728   -3.141592654   27.523621582  -39.260735423    4.836162220

   -3.141592654   -2.792526803   23.644992705  -35.325617789   10.462424508
   -2.967059728   -2.792526803   17.847243523  -30.148050709   13.105922214
   -2.792526803   -2.792526803   13.415513645  -19.985400213   15.338163496
   -2.617993878   -2.792526803   11.001663118   -7.598066118   16.988360276
   -2.443460953   -2.792526803   10.687909757    3.527803377   18.084799970
   -2.268928028   -2.792526803   12.005946897   10.821770520   18.807161155
   -2.094395102   -2.792526803   14.205101925   13.709839904   19.357727213
   -1.919862177   -2.792526803   16.610805497   13.519466723   19.827877451
   -1.745329252   -2.792526803   18.871610210   12.407595146   20.129834486
   -1.570796327   -2.792526803   20.992172930   12.124263224   20.025094961
   -1.396263402   -2.792526803   23.192422798   13.330881463   19.231136991
   -1.221730476   -2.792526803   25.708883079   15.600688294   17.554463816
   -1.047197551   -2.792526803   28.641474046   17.893348720   15.000575539
   -0.872664626   -2.792526803   31.890740171   19.030453899   11.801922363
   -0.698131701   -2.792526803   35.173199258   18.150796185    8.353538748
   -0.523598776   -2.792526803   38.093931566   14.849390246    5.066954608
   -0.349065850   -2.792526803   40.230612819    9.242601130    2.210162749
   -0.174532925   -2.792526803   41.218533633    1.797467493   -0.185830277
    0.000000000   -2.792526803   40.803841581   -6.635158091   -2.306068202
    0.174532925   -2.792526803   38.922950056  -14.749924794   -4.431273738
    0.349065850   -2.792526803   35.790653130  -20.624786053   -6.748221917
    0.523598776   -2.792526803   31.985981831  -22.101363776   -9.199071948
    0.698131701   -2.792526803   28.421587432  -17.769614206  -11.446552409
    0.872664626   -2.792526803   26.108358334   -8.015804387  -12.982475137
    1.047197551   -2.792526803   25.792238550    4.532590176  -13.366819398
    1.221730476   -2.792526803   27.626562002   15.961522857  -12.454020728
    1.396263402   -2.792526803   31.099415825   22.908818458  -10.474279587
    1.570796327   -2.792526803   35.276626614   24.014404419   -7.931060514
    1.745329252   -2.792526803   39.188349842   20.153359635   -5.370476975
    1.919862177   -2.792526803   42.137881066   13.335151571   -3.165420438
    2.094395102   -2.792526803   43.774785694    5.326400076   -1.415904439
    2.268928028   -2.792526803   43.974264515   -3.089739022    0.023309091
    2.443460953   -2.792526803   42.674354795  -11.870724039    1.433711521
    2.617993878   -2.792526803   39.815985423  -20.864515891    3.100006504
    2.792526803   -2.792526803   35.436469831  -29.089580606    5.198830707
    2.967059728   -2.792526803   29.825789815  -34.608882141    7.720644782

   -3.141592654   -2.443460953   27.474661505  -29.616562996   10.828513206
   -2.967059728   -2.443460953   22.631825485  -25.039621303   13.487918520
   -2.792526803   -2.443460953   18.996212956  -16.040740754   15.668423546
   -2.617993878   -2.443460953   17.152100803   -5.009509276   17.156399462
   -2.443460953   -2.443460953   17.184520215    4.966338014   17.929255962
   -2.268928028   -2.443460953   18.683145294   11.523629924   18.125784738
   -2.094395102   -2.443460953   20.966656300   14.011511584   17.935555564
   -1.919862177   -2.443460953   23.396504214   13.475799317   17.480532661
   -1.745329252   -2.443460953   25.603021878   11.767788914   16.756766292
   -1.570796327   -2.443460953   27.530143958   10.477758185   15.663553491
   -1.396263402   -2.443460953   29.328415373   10.329699014   14.089080124
   -1.221730476   -2.443460953   31.193258496   11.152713621   11.996657566
   -1.047197551   -2.443460953   33.238730400   12.253017327    9.476791038
   -0.872664626   -2.443460953   35.438751640   12.768911803    6.738804139
   -0.698131701   -2.443460953   37.623987529   11.963649914    4.054360879
   -0.523598776   -2.443460953   39.514102327    9.305725423    1.657532508
   -0.349065850   -2.443460953   40.757312334    4.551137101   -0.354331314
   -0.174532925   -2.443460953   40.986876299   -2.262434458   -2.076266594
    0.000000000   -2.443460953   39.881477411  -10.582935608   -3.761033028
    0.174532925   -2.443460953   37.282842323  -19.081645889   -5.702148910
    0.349065850   -2.443460953   33.346576625  -25.471691563   -8.055202185
    0.523598776   -2.443460953   28.678329548  -27.021749217  -10.696655983
    0.698131701   -2.443460953   24.314620306  -21.818451139  -13.198352281
    0.872664626   -2.443460953   21.448668391  -10.134261972  -14.953765281
    1.047197551   -2.443460953   20.984510192    5.015158049  -15.439727404
    1.221730476   -2.443460953   23.130967618   18.980139106  -14.463157619
    1.396263402   -2.443460953   27.299060716   27.680359528  -12.257092574
    1.570796327   -2.443460953   32.380228108   29.406105590   -9.371030249
    1.745329252   -2.443460953   37.211973254   25.169603768   -6.422091845
    1.919862177   -2.443460953   40.962872746   17.462885592   -3.850467425
    2.094395102   -2.443460953   43.243127404    8.619669877   -1.798909815
    2.268928028   -2.443460953   43.976725257   -0.164192015   -0.132113493
    2.443460953   -2.443460953   43.200891413   -8.692985762    1.444333400
    2.617993878   -2.443460953   40.958267558  -16.926909109    3.235745842
    2.792526803   -2.443460953   37.349072288  -24.212567100    5.433103538
    2.967059728   -2.443460953   32.659177175  -29.026573135    8.033633296

   -3.141592654   -2.094395102   30.867299605  -24.666736888    8.188026893
   -2.967059728   -2.094395102   26.846104892  -20.691367965   10.148523132
   -2.792526803   -2.094395102   23.876060705  -12.834651488   11.735535849
   -2.617993878   -2.094395102   22.470970924   -3.195641951   12.770216685
   -2.443460953   -2.094395102   22.703190193    5.482374552   13.195377834
   -2.268928028   -2.094395102   24.200379448   11.047853558   13.070506278
   -2.094395102   -2.094395102   26.336390876   12.833782687   12.509520058
   -1.919862177   -2.094395102   28.508796605   11.702802148   11.608746077
   -1.745329252   -2.094395102   30.348714690    9.316212607   10.409395823
   -1.570796327   -2.094395102   31.778488460    7.213996036    8.915852759
   -1.396263402   -2.094395102   32.933957794    6.243050838    7.143898475
   -1.221730476   -2.094395102   34.026792288    6.450917404    5.159504057
   -1.047197551   -2.094395102   35.225474843    7.334642149    3.090708728
   -0.872664626   -2.094395102   36.583311059    8.124286848    1.106489142
   -0.698131701   -2.094395102   38.011698731    7.995961981   -0.624026554
   -0.523598776   -2.094395102   39.282411001    6.185687815   -1.997894310
   -0.349065850   -2.094395102   40.044218000    2.101998094   -3.039803979
   -0.174532925   -2.094395102   39.869670580   -4.543332318   -3.938765874
    0.000000000   -2.094395102   38.332306414  -13.359522759   -5.009072830
    0.174532925   -2.094395102   35.164630603  -22.877262482   -6.575122064
    0.349065850   -2.094395102   30.467113659  -30.348248577   -8.796707681
    0.523598776   -2.094395102   24.891713366  -32.381460512  -11.522738193
    0.698131701   -2.094395102   19.632723048  -26.487807313  -14.257778333
    0.872664626   -2.094395102   16.109441546  -12.792506253  -16.294731573
    1.047197551   -2.094395102   15.427598972    5.265636520  -16.998095082
    1.221730476   -2.094395102   17.882219780   22.188636002  -16.089566110
    1.396263402   -2.094395102   22.814213388   33.030854253  -13.774707252
    1.570796327   -2.094395102   28.923524145   35.609078673  -10.638092641
    1.745329252   -2.094395102   34.822571851   31.029400155   -7.374981209
    1.919862177   -2.094395102   39.512249471   22.298111628   -4.511865126
    2.094395102   -2.094395102   42.539796038   12.387173084   -2.261488527
    2.268928028   -2.094395102   43.867179001    2.969791719   -0.534522599
    2.443460953   -2.094395102   43.628575938   -5.570458702    0.933914520
    2.617993878   -2.094395102   41.970062650  -13.293955723    2.431217899
    2.792526803   -2.094395102   39.058270901  -19.858178728    4.146780405
    2.967059728   -2.094395102   35.182984870  -24.128988501    6.111428088

   -3.141592654   -1.745329252   32.676679812  -22.106095332    5.343530688
   -2.967059728   -1.745329252   29.084137909  -18.400864064    6.544046615
   -2.792526803   -1.745329252   26.469551145  -11.098385148    7.452721506
   -2.617993878   -1.745329252   25.301517124   -2.245223995    7.925982887
   -2.443460953   -1.745329252   25.620876131    5.519271610    7.879411586
   -2.268928028   -1.745329252   27.042157309   10.142395258    7.298207779
   -2.094395102   -1.745329252   28.939507591   11.012127275    6.218907841
   -1.919862177   -1.745329252   30.717776873    9.019844109    4.710012814
   -1.745329252   -1.745329252   32.021410959    5.879239515    2.869768447
   -1.570796327   -1.745329252   32.800377920    3.241943662    0.843939334
   -1.396263402   -1.745329252   33.241092053    2.095130090   -1.169089569
   -1.221730476   -1.745329252   33.627053622    2.580394347   -2.951322834
   -1.047197551   -1.745329252   34.206127220    4.173071836   -4.324369984
   -0.872664626   -1.745329252   35.097535032    5.979558546   -5.198199314
   -0.698131701   -1.745329252   36.247263868    6.942049022   -5.581636276
   -0.523598776   -1.745329252   37.416730569    6.028185170   -5.577820663
   -0.349065850   -1.745329252   38.195721383    2.359814384   -5.371932920
   -0.174532925   -1.745329252   38.052468783   -4.566628976   -5.234712793
    0.000000000   -1.745329252   36.430801055  -14.421114383   -5.496843940
    0.174532925   -1.745329252   32.943452059  -25.534676781   -6.466143712
    0.349065850   -1.745329252   27.632943249  -34.665722608   -8.286055759
    0.523598776   -1.745329252   21.200668800  -37.713983745  -10.796364077
    0.698131701   -1.745329252   15.013492520  -31.538578169  -13.486616700
    0.872664626   -1.745329252   10.745669285  -16.033262750  -15.616170092
    1.047197551   -1.745329252    9.744517309    4.968672399  -16.492587778
    1.221730476   -1.745329252   12.429009683   25.065163738  -15.774338463
    1.396263402   -1.745329252   18.091467975   38.329803943  -13.618407970
    1.570796327   -1.745329252   25.240604698   41.979688713  -10.589399766
    1.745329252   -1.745329252   32.245718540   37.140473655   -7.390522997
    1.919862177   -1.745329252   37.913909034   27.311805300   -4.574739617
    2.094395102   -1.745329252   41.702752866   16.113674525   -2.391319071
    2.268928028   -1.745329252   43.587549665    5.706721864   -0.792475973
    2.443460953   -1.745329252   43.776504556   -3.325132289    0.442880700
    2.617993878   -1.745329252   42.500327484  -11.102343053    1.564622126
    2.792526803   -1.745329252   39.985412045  -17.487516074    2.743686379
    2.967059728   -1.745329252   36.542797416  -21.582306279    4.029746711

   -3.141592654   -1.396263402   33.493606199  -21.157700579    2.970062300
   -2.967059728   -1.396263402   30.044965176  -17.737543948    3.459080353
   -2.792526803   -1.396263402   27.508831153  -10.896258019    3.675153529
   -2.617993878   -1.396263402   26.321179330   -2.704451145    3.525315962
   -2.443460953   -1.396263402   26.488838370    4.213849429    2.949769691
   -2.268928028   -1.396263402   27.598792366    7.867652514    1.922054832
   -2.094395102   -1.396263402   29.012852928    7.761801728    0.437699069
   -1.919862177   -1.396263402   30.149853032    4.968834372   -1.476263279
   -1.745329252   -1.396263402   30.703876839    1.425501268   -3.721349822
   -1.570796327   -1.396263402   30.712721488   -1.018803282   -6.080238212
   -1.396263402   -1.396263402   30.475013869   -1.313091192   -8.222091746
   -1.221730476   -1.396263402   30.380000515    0.542623550   -9.789984620
   -1.047197551   -1.396263402   30.739703037    3.701841017  -10.534082370
   -0.872664626   -1.396263402   31.676571825    6.923816757  -10.406089037
   -0.698131701   -1.396263402   33.084706423    8.874807668   -9.560050750
   -0.523598776   -1.396263402   34.637688827    8.392285540   -8.288094293
   -0.349065850   -1.396263402   35.821925226    4.537535466   -6.932542472
   -0.174532925   -1.396263402   35.995657281   -3.218633897   -5.839159331
    0.000000000   -1.396263402   34.492349330  -14.504228924   -5.324666202
    0.174532925   -1.396263402   30.833869084  -27.449009634   -5.625808551
    0.349065850   -1.396263402   25.028149076  -38.368056506   -6.811662748
    0.523598776   -1.396263402   17.838554266  -42.523216251   -8.692183495
    0.698131701   -1.396263402   10.805424512  -36.184999073  -10.795815870
    0.872664626   -1.396263402    5.849594933  -19.043774881  -12.478819439
    1.047197551   -1.396263402    4.550216984    4.674022975  -13.156816946
    1.221730476   -1.396263402    7.443884894   27.705977641  -12.550392091
    1.396263402   -1.396263402   13.777700649   43.199224777  -10.796222975
    1.570796327   -1.396263402   21.880949436   47.814280367   -8.359770280
    1.745329252   -1.396263402   29.895950868   42.698977578   -5.810639228
    1.919862177   -1.396263402   36.448799644   31.806259503   -3.589816540
    2.094395102   -1.396263402   40.910615726   19.339990977   -1.893893402
    2.268928028   -1.396263402   43.262331776    7.891315892   -0.688267161
    2.443460953   -1.396263402   43.770462807   -1.784277431    0.190364066
    2.617993878   -1.396263402   42.733680479   -9.855778024    0.922356146
    2.792526803   -1.396263402   40.426527507  -16.338035774    1.624345944
    2.967059728   -1.396263402   37.180819287  -20.501967739    2.327058219

   -3.141592654   -1.047197551   33.358159922  -21.911292234    2.359134411
   -2.967059728   -1.047197551   29.750612235  -18.804639705    2.363136235
   -2.792526803   -1.047197551   27.003972023  -12.235860816    1.896207298
   -2.617993878   -1.047197551   25.560128904   -4.300793473    0.901531422
   -2.443460953   -1.047197551   25.424323394    2.321511314   -0.596546284
   -2.268928028   -1.047197551   26.171187601    5.578833194   -2.527252585
   -2.094395102   -1.047197551   27.142409793    4.961690575   -4.817103570
   -1.919862177   -1.047197551   27.743769573    1.645140719   -7.386364389
   -1.745329252   -1.047197551   27.686380276   -2.193660572  -10.085566926
   -1.570796327   -1.047197551   27.074141006   -4.407835291  -12.624087442
   -1.396263402   -1.047197551   26.315803585   -3.770760862  -14.583146179
   -1.221730476   -1.047197551   25.919305699   -0.376697392  -15.547683184
   -1.047197551   -1.047197551   26.273380435    4.559042729  -15.293981704
   -0.872664626   -1.047197551   27.502103164    9.341355113  -13.904365738
   -0.698131701   -1.047197551   29.428401726   12.277570894  -11.733028565
   -0.523598776   -1.047197551   31.609700098   12.067274506   -9.268740634
   -0.349065850   -1.047197551   33.407708293    7.787705323   -6.968847669
   -0.174532925   -1.047197551   34.067635739   -0.989522983   -5.170469450
    0.000000000   -1.047197551   32.831110566  -13.735846107   -4.066461932
    0.174532925   -1.047197551   29.162297998  -28.342826047   -3.706560444
    0.349065850   -1.047197551   23.064613249  -40.752831645   -3.998944569
    0.523598776   -1.047197551   15.371677723  -45.768153853   -4.713368026
    0.698131701   -1.047197551    7.769743573  -39.280394761   -5.515709146
    0.872664626   -1.047197551    2.367153985  -20.912123635   -6.057010509
    1.047197551   -1.047197551    0.906113908    4.754932798   -6.088973420
    1.221730476   -1.047197551    3.994878254   29.809246593   -5.552196051
    1.396263402   -1.047197551   10.834671613   46.756733735   -4.577461923
    1.570796327   -1.047197551   19.620108785   51.913634189   -3.405626304
    1.745329252   -1.047197551   28.334414242   46.493587488   -2.274817412
    1.919862177   -1.047197551   35.482888040   34.784540904   -1.332221675
    2.094395102   -1.047197551   40.382053237   21.380855743   -0.609638496
    2.268928028   -1.047197551   43.017179135    9.134160810   -0.047463927
    2.443460953   -1.047197551   43.688603151   -1.119426005    0.451123741
    2.617993878   -1.047197551   42.730437823   -9.604317562    0.965761428
    2.792526803   -1.047197551   40.437347826  -16.424793430    1.510323869
    2.967059728   -1.047197551   37.148378077  -20.926856617    2.021915760

   -3.141592654   -0.698131701   33.613304298  -22.473237821    1.457010512
   -2.967059728   -0.698131701   29.836007506  -20.218764831    0.984718780
   -2.792526803   -0.698131701   26.759386768  -14.603919033   -0.081621113
   -2.617993878   -0.698131701   24.823479671   -7.544468364   -1.763996839
   -2.443460953   -0.698131701   24.059093852   -1.600713166   -3.973229553
   -2.268928028   -0.698131701   24.077145395    1.178018737   -6.560932478
   -2.094395102   -0.698131701   24.249313967    0.228690490   -9.375928358
   -1.919862177   -0.698131701   24.007868555   -3.236369665  -12.266298026
   -1.745329252   -0.698131701   23.112487188   -6.821779105  -15.015838332
   -1.570796327   -0.698131701   21.764185691   -8.076086854  -17.279621354
   -1.396263402   -0.698131701   20.511126613   -5.637030149  -18.616345785
   -1.221730476   -0.698131701   19.993849116    0.166304352  -18.645099223
   -1.047197551   -0.698131701   20.659881128    7.539482859  -17.247603300
   -0.872664626   -0.698131701   22.580911166   14.150846477  -14.669387476
   -0.698131701   -0.698131701   25.433990500   17.903352588  -11.441840472
   -0.523598776   -0.698131701   28.592208117   17.480167195   -8.183026764
   -0.349065850   -0.698131701   31.257962333   12.220082108   -5.377444245
   -0.174532925   -0.698131701   32.575160087    2.069798548   -3.262972167
    0.000000000   -0.698131701   31.748041123  -12.088137759   -1.827130580
    0.174532925   -0.698131701   28.259216544  -27.869426466   -0.868495642
    0.349065850   -0.698131701   22.172460548  -41.018818799   -0.106029424
    0.523598776   -0.698131701   14.407767659  -46.242047588    0.701870052
    0.698131701   -0.698131701    6.741964746  -39.482643765    1.652637743
    0.872664626   -0.698131701    1.350737384  -20.566666765    2.651708879
    1.047197551   -0.698131701    0.000000000    5.642863663    3.466643147
    1.221730476   -0.698131701    3.275650508   31.009291415    3.859951392
    1.396263402   -0.698131701   10.329912730   47.964667844    3.728415491
    1.570796327   -0.698131701   19.309367419   52.901171222    3.157482972
    1.745329252   -0.698131701   28.170284426   47.185063665    2.367543043
    1.919862177   -0.698131701   35.416804784   35.233160320    1.602182966
    2.094395102   -0.698131701   40.381477823   21.705448219    1.036110997
    2.268928028   -0.698131701   43.071188795    9.453199505    0.746250280
    2.443460953   -0.698131701   43.803337751   -0.735008018    0.729021944
    2.617993878   -0.698131701   42.917733715   -9.174001506    0.926642425
    2.792526803   -0.698131701   40.695799588  -16.070358390    1.227370089
    2.967059728   -0.698131701   37.445483803  -20.888089735    1.471836024

   -3.141592654   -0.349065850   33.900602634  -23.313508993    0.772128226
   -2.967059728   -0.349065850   29.881751266  -22.179401483    0.045443744
   -2.792526803   -0.349065850   26.354817638  -17.798282529   -1.312774846
   -2.617993878   -0.349065850   23.762848113  -11.824386035   -3.309750413
   -2.443460953   -0.349065850   22.179721871   -6.641562435   -5.826197123
   -2.268928028   -0.349065850   21.278093825   -4.262550421   -8.669567798
   -2.094395102   -0.349065850   20.489706043   -5.284749800  -11.628689584
   -1.919862177   -0.349065850   19.305336467   -8.454876437  -14.480748503
   -1.745329252   -0.349065850   17.563754939  -11.185307191  -16.944007551
   -1.570796327   -0.349065850   15.584721357  -10.798521620  -18.642414568
   -1.396263402   -0.349065850   14.058602001   -5.931374831  -19.165501016
   -1.221730476   -0.349065850   13.735064805    2.693141850  -18.233350122
   -1.047197551   -0.349065850   15.071511210   12.581377932  -15.878791874
   -0.872664626   -0.349065850   18.024448035   20.732443790  -12.505603624
   -0.698131701   -0.349065850   22.067718914   24.741755316   -8.761743945
   -0.523598776   -0.349065850   26.358544964   23.469634122   -5.297870445
   -0.349065850   -0.349065850   29.947417761   16.757510444   -2.526459910
   -0.174532925   -0.349065850   31.925405920    5.140203736   -0.515081834
    0.000000000   -0.349065850   31.537789849  -10.020575823    0.985390583
    0.174532925   -0.349065850   28.372965900  -26.104160364    2.413964991
    0.349065850   -0.349065850   22.617180915  -38.908896283    4.192465310
    0.523598776   -0.349065850   15.276878408  -43.489763745    6.506739309
    0.698131701   -0.349065850    8.135024830  -36.330547632    9.157070624
    0.872664626   -0.349065850    3.279711886  -17.732976013   11.575468129
    1.047197551   -0.349065850    2.332959154    7.303569169   13.062994870
    1.221730476   -0.349065850    5.753294475   30.962227819   13.133398541
    1.396263402   -0.349065850   12.650665924   46.276652946   11.764836371
    1.570796327   -0.349065850   21.233912309   50.180059468    9.399316608
    1.745329252   -0.349065850   29.589645279   44.250072559    6.710910948
    1.919862177   -0.349065850   36.356324983   32.757082696    4.303618850
    2.094395102   -0.349065850   40.956106194   20.029872549    2.523752647
    2.268928028   -0.349065850   43.427269848    8.611443912    1.442055309
    2.443460953   -0.349065850   44.074310764   -0.903313432    0.948442467
    2.617993878   -0.349065850   43.199440030   -8.939729362    0.856678170
    2.792526803   -0.349065850   41.029432167  -15.772330644    0.950331556
    2.967059728   -0.349065850   37.805893514  -20.942111866    1.000953645

   -3.141592654    0.000000000   34.257973642  -23.966522091   -0.067339657
   -2.967059728    0.000000000   30.030087653  -23.960668944   -0.852390473
   -2.792526803    0.000000000   26.078809399  -20.883673332   -2.146760347
   -2.617993878    0.000000000   22.840397032  -16.107550557   -3.949643588
   -2.443460953    0.000000000   20.428207642  -11.791059149   -6.158524115
   -2.268928028    0.000000000   18.584177352   -9.833906539   -8.606678993
   -2.094395102    0.000000000   16.821733000  -10.791456964  -11.094340298
   -1.919862177    0.000000000   14.721280092  -13.343763350  -13.388978474
   -1.745329252    0.000000000   12.229190015  -14.770672330  -15.197986338
   -1.570796327    0.000000000    9.794728894  -12.306102970  -16.168613347
   -1.396263402    0.000000000    8.234215742   -4.746302747  -15.967753396
   -1.221730476    0.000000000    8.365401723    6.677618717  -14.431773167
   -1.047197551    0.000000000   10.602509185   18.756443413  -11.705639716
   -0.872664626    0.000000000   14.739442179   27.895988814   -8.257149562
   -0.698131701    0.000000000   20.020412383   31.546325621   -4.728839687
   -0.523598776    0.000000000   25.392253732   28.941438156   -1.695432444
   -0.349065850    0.000000000   29.793733888   20.613388976    0.560750322
   -0.174532925    0.000000000   32.331690898    7.818758326    2.133827303
    0.000000000    0.000000000   32.375662833   -7.577459967    3.438411290
    0.174532925    0.000000000   29.693896479  -22.858596152    5.040961239
    0.349065850    0.000000000   24.627832492  -34.204821636    7.400655287
    0.523598776    0.000000000   18.232476675  -37.480353703   10.607410076
    0.698131701    0.000000000   12.180104625  -30.120042280   14.228708251
    0.872664626    0.000000000    8.304782679  -13.018825500   17.387660715
    1.047197551    0.000000000    7.933982995    8.989384672   19.118693743
    1.221730476    0.000000000   11.331624322   29.021271057   18.826448833
    1.396263402    0.000000000   17.610794204   41.328927251   16.580070016
    1.570796327    0.000000000   25.173038163   43.712394699   13.058306828
    1.745329252    0.000000000   32.387758042   37.886842990    9.204250742
    1.919862177    0.000000000   38.141158768   27.642427398    5.815935521
    2.094395102    0.000000000   41.993747388   16.602668112    3.315270549
    2.268928028    0.000000000   44.008395514    6.758583872    1.746622517
    2.443460953    0.000000000   44.442001662   -1.568042678    0.922939460
    2.617993878    0.000000000   43.521512581   -8.880876891    0.579931481
    2.792526803    0.000000000   41.390931215  -15.455657168    0.453894480
    2.967059728    0.000000000   38.207507746  -20.858921202    0.307607665

   -3.141592654    0.349065850   34.261829625  -24.776809430   -1.272064476
   -2.967059728    0.349065850   29.827612325  -25.533643442   -1.957818700
   -2.792526803    0.349065850   25.526173488  -23.321600370   -2.884332646
   -2.617993878    0.349065850   21.792483958  -19.315299303   -4.060291701
   -2.443460953    0.349065850   18.770579919  -15.520730142   -5.448144637
   -2.268928028    0.349065850   16.253658083  -13.756451188   -6.969033495
   -2.094395102    0.349065850   13.816497616  -14.535991905   -8.500382843
   -1.919862177    0.349065850   11.108726401  -16.479079353   -9.868364842
   -1.745329252    0.349065850    8.160237598  -16.770379582  -10.841619710
   -1.570796327    0.349065850    5.517563318  -12.603403891  -11.156106832
   -1.396263402    0.349065850    4.085733481   -2.932955708  -10.588915685
   -1.221730476    0.349065850    4.720964015   10.591518955   -9.063089511
   -1.047197551    0.349065850    7.787432279   24.205059288   -6.731921926
   -0.872664626    0.349065850   12.937409958   33.864994845   -3.971913538
   -0.698131701    0.349065850   19.225738801   36.950317177   -1.265156031
   -0.523598776    0.349065850   25.434496155   33.055586573    0.989765406
   -0.349065850    0.349065850   30.430390893   23.355267393    2.653833738
   -0.174532925    0.349065850   33.366997722    9.788395938    3.910071433
    0.000000000    0.349065850   33.763209692   -5.317024756    5.205273692
    0.174532925    0.349065850   31.583113542  -19.216821366    7.070337305
    0.349065850    0.349065850   27.322115387  -28.601905034    9.856608777
    0.523598776    0.349065850   22.055637855  -30.314036992   13.487742389
    0.698131701    0.349065850   17.289903999  -22.872233050   17.355364227
    0.872664626    0.349065850   14.536633467   -7.767292458   20.463109013
    1.047197551    0.349065850   14.773921560   10.491951176   21.833087845
    1.221730476    0.349065850   18.054174433   26.205023434   20.965832681
    1.396263402    0.349065850   23.519067734   35.064305788   18.079519824
    1.570796327    0.349065850   29.816351124   35.821857311   13.987335543
    1.745329252    0.349065850   35.653133917   30.266072640    9.703286307
    1.919862177    0.349065850   40.198429208   21.561187361    6.025254201
    2.094395102    0.349065850   43.160031653   12.481905560    3.328311868
    2.268928028    0.349065850   44.613829934    4.383214646    1.593622858
    2.443460953    0.349065850   44.749268499   -2.698675074    0.580621032
    2.617993878    0.349065850   43.701231908   -9.298448655   -0.000521470
    2.792526803    0.349065850   41.525959808  -15.616689583   -0.396044502
    2.967059728    0.349065850   38.305041533  -21.161063914   -0.781659741

   -3.141592654    0.698131701   34.053455320  -25.418782925   -2.872752679
   -2.967059728    0.698131701   29.478722694  -26.507740111   -3.532443830
   -2.792526803    0.698131701   24.972189248  -24.701361958   -4.102709485
   -2.617993878    0.698131701   20.962345006  -21.093543593   -4.581927562
   -2.443460953    0.698131701   17.600775568  -17.616405946   -5.004128475
   -2.268928028    0.698131701   14.700780566  -16.019569338   -5.412617876
   -2.094395102    0.698131701   11.869934289  -16.740307833   -5.816154543
   -1.919862177    0.698131701    8.804758492  -18.310080756   -6.158648947
   -1.745329252    0.698131701    5.597706638  -17.832107705   -6.318380173
   -1.570796327    0.698131701    2.866921428  -12.490178547   -6.144161649
   -1.396263402    0.698131701    1.578826158   -1.374364053   -5.513257845
   -1.221730476    0.698131701    2.613170647   13.569210014   -4.388072116
   -1.047197551    0.698131701    6.297016835   28.203227528   -2.852311925
   -0.872664626    0.698131701   12.184534832   38.185826060   -1.104990073
   -0.698131701    0.698131701   19.201103081   40.860998221    0.597503546
   -0.523598776    0.698131701   26.020207144   36.103268677    2.049772371
   -0.349065850    0.698131701   31.472881500   25.598325474    3.212620080
   -0.174532925    0.698131701   34.771927054   11.835144059    4.267242716
    0.000000000    0.698131701   35.575790906   -2.529211848    5.579721246
    0.174532925    0.698131701   34.011053113  -14.850840248    7.546810956
    0.349065850    0.698131701   30.673734813  -22.425146866   10.368351009
    0.523598776    0.698131701   26.598184038  -23.052936140   13.843877482
    0.698131701    0.698131701   23.079824070  -16.171336866   17.323602963
    0.872664626    0.698131701   21.302502726   -3.601648130   19.882027397
    1.047197551    0.698131701   21.934076457   10.696873940   20.700919240
    1.221730476    0.698131701   24.880186756   22.259100461   19.454455057
    1.396263402    0.698131701   29.368048727   28.088954378   16.461168675
    1.570796327    0.698131701   34.316921613   27.674977172   12.522756622
    1.745329252    0.698131701   38.761579881   22.708300038    8.550142577
    1.919862177    0.698131701   42.123399896   15.667505049    5.208293269
    2.094395102    0.698131701   44.225403864    8.511447008    2.763351938
    2.268928028    0.698131701   45.134158073    2.028828814    1.133936691
    2.443460953    0.698131701   44.961670128   -3.961426953    0.059207066
    2.617993878    0.698131701   43.751709835   -9.962444953   -0.737341144
    2.792526803    0.698131701   41.484949636  -16.042333569   -1.450654903
    2.967059728    0.698131701   38.189487367  -21.596884449   -2.166006597

   -3.141592654    1.047197551   32.894846984  -26.765360025   -5.576220400
   -2.967059728    1.047197551   28.116625152  -27.460349876   -6.500555925
   -2.792526803    1.047197551   23.484230584  -25.190804699   -6.955375187
   -2.617993878    1.047197551   19.424031239  -21.209309580   -6.896650213
   -2.443460953    1.047197551   16.060771457  -17.556635041   -6.419817889
   -2.268928028    1.047197551   13.172791623  -15.962381664   -5.701245402
   -2.094395102    1.047197551   10.347584324  -16.725709578   -4.903819136
   -1.919862177    1.047197551    7.289213555  -18.215294740   -4.113561191
   -1.745329252    1.047197551    4.121105283  -17.443556833   -3.339656876
   -1.570796327    1.047197551    1.498414729  -11.615400878   -2.561642797
   -1.396263402    1.047197551    0.412980373    0.076764496   -1.770827381
   -1.221730476    1.047197551    1.749045299   15.555000107   -0.975426588
   -1.047197551    1.047197551    5.815375656   30.559955719   -0.185296688
   -0.872664626    1.047197551   12.128016736   40.645863237    0.593399990
   -0.698131701    1.047197551   19.562821958   43.149128016    1.348624271
   -0.523598776    1.047197551   26.754020141   38.074911851    2.078235392
   -0.349065850    1.047197551   32.530862997   27.391646014    2.832924020
   -0.174532925    1.047197551   36.159468890   13.918472673    3.763091268
    0.000000000    1.047197551   37.398960085    0.485535705    5.110297100
    0.174532925    1.047197551   36.479421859  -10.431587288    7.098346810
    0.349065850    1.047197551   34.035884775  -16.685678856    9.761046923
    0.523598776    1.047197551   31.020289651  -16.852702080   12.802147593
    0.698131701    1.047197551   28.518352218  -11.001788276   15.602226344
    0.872664626    1.047197551   27.437483123   -1.021119120   17.403783126
    1.047197551    1.047197551   28.219111897    9.767139610   17.630746156
    1.221730476    1.047197551   30.699804405   17.976145024   16.159255071
    1.396263402    1.047197551   34.226290659   21.607610255   13.370015459
    1.570796327    1.047197551   37.967639362   20.587077802    9.968478713
    1.745329252    1.047197551   41.225005089   16.370720824    6.671532457
    1.919862177    1.047197551   43.603114064   10.791495423    3.948296366
    2.094395102    1.047197551   44.987802181    5.127668348    1.929817152
    2.268928028    1.047197551   45.408720292   -0.263633202    0.472998900
    2.443460953    1.047197551   44.892904096   -5.684563059   -0.693117473
    2.617993878    1.047197551   43.400320708  -11.523748233   -1.822577955
    2.792526803    1.047197551   40.859591936  -17.621196670   -3.050504125
    2.967059728    1.047197551   37.287194129  -23.144384907   -4.356094256

   -3.141592654    1.396263402   29.994343996  -30.130384182   -7.620768659
   -2.967059728    1.396263402   24.730281297  -29.549920651   -8.815881788
   -2.792526803    1.396263402   19.881384885  -25.540511194   -9.314239870
   -2.617993878    1.396263402   15.914637651  -19.833868858   -9.027385648
   -2.443460953    1.396263402   12.911163286  -14.910923449   -8.055404235
   -2.268928028    1.396263402   10.548929322  -12.690029981   -6.617678128
   -2.094395102    1.396263402    8.308100342  -13.375208889   -4.942764213
   -1.919862177    1.396263402    5.816309206  -15.109011167   -3.199874599
   -1.745329252    1.396263402    3.157310528  -14.734156190   -1.507554241
   -1.570796327    1.396263402    0.965403899   -9.405379285    0.015145207
   -1.396263402    1.396263402    0.215674036    1.702521365    1.232326031
   -1.221730476    1.396263402    1.783785500   16.596539127    2.041226688
   -1.047197551    1.396263402    5.991329923   31.168779082    2.441753110
   -0.872664626    1.396263402   12.391010292   41.070925800    2.553303046
   -0.698131701    1.396263402   19.903420932   43.645786959    2.555308340
   -0.523598776    1.396263402   27.202137133   38.835985866    2.624319914
   -0.349065850    1.396263402   33.147966886   28.596575663    2.904940438
   -0.174532925    1.396263402   37.041563951   15.790847714    3.543109806
    0.000000000    1.396263402   38.682175521    3.236527803    4.695395654
    0.174532925    1.396263402   38.323147682   -6.789331519    6.465612363
    0.349065850    1.396263402   36.568882263  -12.539007757    8.785150880
    0.523598776    1.396263402   34.263574084  -13.022832808   11.324492793
    0.698131701    1.396263402   32.327043226   -8.516575531   13.530115640
    0.872664626    1.396263402   31.501273669   -0.673084301   14.799363872
    1.047197551    1.396263402   32.138972390    7.803877610   14.732149808
    1.221730476    1.396263402   34.109450189   14.227772508   13.311534129
    1.396263402    1.396263402   36.895504536   17.050028451   10.900372468
    1.570796327    1.396263402   39.843331938   16.195785973    8.073866097
    1.745329252    1.396263402   42.396713100   12.757847064    5.376111385
    1.919862177    1.396263402   44.224144423    8.076076145    3.136468446
    2.094395102    1.396263402   45.194225406    3.020195208    1.412577843
    2.268928028    1.396263402   45.264765775   -2.260425745    0.045327076
    2.443460953    1.396263402   44.373249650   -8.063185645   -1.222585612
    2.617993878    1.396263402   42.407936258  -14.578880746   -2.619282691
    2.792526803    1.396263402   39.274443763  -21.310072474   -4.237505607
    2.967059728    1.396263402   35.030961560  -27.028456316   -5.989664430

   -3.141592654    1.745329252   26.745902942  -33.779588704   -9.767657806
   -2.967059728    1.745329252   20.958801404  -31.773754206  -11.416553209
   -2.792526803    1.745329252   15.885186384  -25.844657128  -12.160261721
   -2.617993878    1.745329252   12.038129686  -18.194662664  -11.809831812
   -2.443460953    1.745329252    9.463578583  -11.725989568  -10.425656767
   -2.268928028    1.745329252    7.749560289   -8.546354887   -8.255436900
   -2.094395102    1.745329252    6.275336940   -8.813616323   -5.608497765
   -1.919862177    1.745329252    4.585130188  -10.547559512   -2.764094372
   -1.745329252    1.745329252    2.695066848  -10.549812724    0.031815530
   -1.570796327    1.745329252    1.170350873   -6.016711022    2.517368028
   -1.396263402    1.745329252    0.913465753    3.908009363    4.409881374
   -1.221730476    1.745329252    2.749571712   17.460975558    5.490444159
   -1.047197551    1.745329252    7.004692760   30.912016205    5.720581208
   -0.872664626    1.745329252   13.299298777   40.217124681    5.286159453
   -0.698131701    1.745329252   20.655533287   42.801419888    4.516886200
   -0.523598776    1.745329252   27.842983339   38.458831689    3.762278917
   -0.349065850    1.745329252   33.784787491   28.953784894    3.286705202
   -0.174532925    1.745329252   37.814250516   17.001393966    3.262496970
    0.000000000    1.745329252   39.741503828    5.299079780    3.778337732
    0.174532925    1.745329252   39.805781180   -4.054973913    4.823853469
    0.349065850    1.745329252   38.558216901   -9.565733151    6.243085460
    0.523598776    1.745329252   36.745979694  -10.461043230    7.719452463
    0.698131701    1.745329252   35.170046327   -7.040312502    8.843940392
    0.872664626    1.745329252   34.473593027   -0.702219462    9.260058896
    1.047197551    1.745329252   34.972158225    6.279538190    8.813621318
    1.221730476    1.745329252   36.573576188   11.614352821    7.614439844
    1.396263402    1.745329252   38.852212821   13.954591514    5.968787433
    1.570796327    1.745329252   41.259389407   13.176624929    4.236795322
    1.745329252    1.745329252   43.318336259   10.144954707    2.687880085
    1.919862177    1.745329252   44.730076031    5.909634351    1.425125914
    2.094395102    1.745329252   45.346246594    1.076886338    0.383888539
    2.268928028    1.745329252   45.069682711   -4.365446342   -0.619728301
    2.443460953    1.745329252   43.767034328  -10.726328484   -1.813013938
    2.617993878    1.745329252   41.269362689  -18.020756575   -3.378129548
    2.792526803    1.745329252   37.471516011  -25.420677691   -5.357817529
    2.967059728    1.745329252   32.486028108  -31.300641094   -7.602910474

   -3.141592654    2.094395102   23.196319017  -38.074633319   -8.980542537
   -2.967059728    2.094395102   16.773077319  -34.621296321  -10.414223504
   -2.792526803    2.094395102   11.381646794  -26.560143123  -10.956641240
   -2.617993878    2.094395102    7.614098727  -16.581785373  -10.405706817
   -2.443460953    2.094395102    5.504364246   -8.099188189   -8.778196958
   -2.268928028    2.094395102    4.554723116   -3.528741759   -6.259209449
   -2.094395102    2.094395102    4.028437754   -3.074159449   -3.104537091
   -1.919862177    2.094395102    3.360038158   -4.667995951    0.417076931
   -1.745329252    2.094395102    2.469499133   -5.066835447    4.000940785
   -1.570796327    2.094395102    1.825938944   -1.499487415    7.252926841
   -1.396263402    2.094395102    2.233317232    6.925594495    9.710408005
   -1.221730476    2.094395102    4.442105771   18.696082632   10.981982653
   -1.047197551    2.094395102    8.766046552   30.527542954   10.930114167
   -0.872664626    2.094395102   14.892320248   38.784914836    9.761478266
   -0.698131701    2.094395102   21.962602465   41.079709205    7.942646692
   -0.523598776    2.094395102   28.873794700   37.095395805    6.015062155
   -0.349065850    2.094395102   34.641276968   28.360947610    4.400914762
   -0.174532925    2.094395102   38.647183961   17.329619624    3.327128192
    0.000000000    2.094395102   40.707889696    6.468586636    2.821020507
    0.174532925    2.094395102   41.029560530   -2.348254322    2.750654029
    0.349065850    2.094395102   40.091635599   -7.823040982    2.878962543
    0.523598776    2.094395102   38.543797068   -9.263985490    2.943311618
    0.698131701    2.094395102   37.094170920   -6.833651884    2.749615231
    0.872664626    2.094395102   36.335997506   -1.595679670    2.252965883
    1.047197551    2.094395102   36.599277176    4.547008962    1.563421128
    1.221730476    2.094395102   37.859293880    9.519205441    0.871672710
    1.396263402    2.094395102   39.774500952   11.949993707    0.337431517
    1.570796327    2.094395102   41.859909649   11.518872060    0.015148919
    1.745329252    2.094395102   43.662219247    8.849219604   -0.150188746
    1.919862177    2.094395102   44.867424846    4.798081866   -0.279731846
    2.094395102    2.094395102   45.283981220   -0.157193949   -0.516809355
    2.268928028    2.094395102   44.754732044   -6.090181801   -1.006295529
    2.443460953    2.094395102   43.082507675  -13.284501031   -1.879413701
    2.617993878    2.094395102   40.050117116  -21.589791928   -3.219514921
    2.792526803    2.094395102   35.547224058  -29.871818385   -4.998933892
    2.967059728    2.094395102   29.743475715  -36.099707228   -7.034549342

   -3.141592654    2.443460953   20.410333658  -41.299227761   -5.664991246
   -2.967059728    2.443460953   13.525014723  -36.569295801   -6.394785956
   -2.792526803    2.443460953    7.951025056  -26.632070085   -6.425542004
   -2.617993878    2.443460953    4.354087571  -14.552981096   -5.591791173
   -2.443460953    2.443460953    2.771615122   -4.142574216   -3.872699133
   -2.268928028    2.443460953    2.650234873    1.921683261   -1.363603451
   -2.094395102    2.443460953    3.167526948    3.343916799    1.775477586
   -1.919862177    2.443460953    3.663381480    2.155952809    5.333821671
   -1.745329252    2.443460953    3.951850838    1.494480706    9.004572728
   -1.570796327    2.443460953    4.371241746    3.972485824   12.334765616
   -1.396263402    2.443460953    5.575941227   10.462050700   14.767275925
   -1.221730476    2.443460953    8.189573377   19.747245877   15.811156870
   -1.047197551    2.443460953   12.478344728   29.132634553   15.261703134
   -0.872664626    2.443460953   18.191819921   35.593294017   13.323072120
   -0.698131701    2.443460953   24.620512200   37.093251728   10.535623928
   -0.523598776    2.443460953   30.837837818   33.259101865    7.559260835
   -0.349065850    2.443460953   35.997161400   25.289756604    4.920041647
   -0.174532925    2.443460953   39.549660374   15.200628248    2.876495938
    0.000000000    2.443460953   41.308767185    5.085980778    1.404558656
    0.174532925    2.443460953   41.425293394   -3.395497624    0.285184013
    0.349065850    2.443460953   40.302199681   -8.958096203   -0.756985946
    0.523598776    2.443460953   38.529030502  -10.721802802   -1.905692901
    0.698131701    2.443460953   36.800052851   -8.524813868   -3.155374360
    0.872664626    2.443460953   35.751477650   -3.146568514   -4.298605695
    1.047197551    2.443460953   35.789194834    3.583935002   -5.037478559
    1.221730476    2.443460953   36.953118335    9.400096062   -5.154493495
    1.396263402    2.443460953   38.917632538   12.595545596   -4.638390119
    1.570796327    2.443460953   41.157941025   12.578409715   -3.693673285
    1.745329252    2.443460953   43.148845272    9.882504927   -2.632283117
    1.919862177    2.443460953   44.504269029    5.436245007   -1.739612639
    2.094395102    2.443460953   44.978664942   -0.166889889   -1.197516276
    2.268928028    2.443460953   44.378311780   -6.920349038   -1.086186347
    2.443460953    2.443460953   42.480595007  -15.051734670   -1.421628175
    2.617993878    2.443460953   39.055889520  -24.299722622   -2.177788626
    2.792526803    2.443460953   34.010275320  -33.325115771   -3.267207946
    2.967059728    2.443460953   27.573003881  -39.803627913   -4.518604306

   -3.141592654    2.792526803   19.243142088  -42.378376831   -0.008176055
   -2.967059728    2.792526803   12.231824593  -36.872165453    0.520451038
   -2.792526803    2.792526803    6.698289205  -25.821976784    1.417178354
   -2.617993878    2.792526803    3.354862036  -12.440055579    2.737233527
   -2.443460953    2.792526803    2.258322405   -0.693100197    4.502597461
   -2.268928028    2.792526803    2.849741671    6.616099596    6.704589021
   -2.094395102    2.792526803    4.280958023    9.075950656    9.295811869
   -1.919862177    2.792526803    5.841334997    8.536295407   12.153789358
   -1.745329252    2.792526803    7.252970842    7.843609077   15.023004565
   -1.570796327    2.792526803    8.707795338    9.306844202   17.485074690
   -1.396263402    2.792526803   10.675607040   13.704371621   19.022306518
   -1.221730476    2.792526803   13.612241280   20.124866620   19.187487070
   -1.047197551    2.792526803   17.704237610   26.550451953   17.809955192
   -0.872664626    2.792526803   22.752691621   30.719676405   15.107493841
   -0.698131701    2.792526803   28.213767382   31.091695137   11.623039014
   -0.523598776    2.792526803   33.372421458   27.295668560    8.014014727
   -0.349065850    2.792526803   37.554346404   20.131113767    4.798126763
   -0.174532925    2.792526803   40.294335063   11.035972322    2.201095859
    0.000000000    2.792526803   41.394815583    1.632044603    0.141450591
    0.174532925    2.792526803   40.936388366   -6.606559325   -1.659467523
    0.349065850    2.792526803   39.248043970  -12.246934573   -3.487494095
    0.523598776    2.792526803   36.894489848  -14.032748364   -5.452034665
    0.698131701    2.792526803   34.616995741  -11.382100320   -7.392056060
    0.872664626    2.792526803   33.157300553   -4.877543283   -8.919732983
    1.047197551    2.792526803   33.030358040    3.485967961   -9.616044270
    1.221730476    2.792526803   34.326298080   10.975831849   -9.263241288
    1.396263402    2.792526803   36.679641843   15.361736300   -7.971251549
    1.570796327    2.792526803   39.450893435   15.761239883   -6.129845996
    1.745329252    2.792526803   41.978573235   12.748435384   -4.217512358
    1.919862177    2.792526803   43.770657862    7.525791363   -2.606875217
    2.094395102    2.792526803   44.529279647    0.995674876   -1.469128372
    2.268928028    2.792526803   44.053807106   -6.634634876   -0.795330813
    2.443460953    2.792526803   42.138798574  -15.511723270   -0.474852788
    2.617993878    2.792526803   38.580625685  -25.336686926   -0.368634984
    2.792526803    2.792526803   33.319376516  -34.720199424   -0.338186369
    2.967059728    2.792526803   26.630453594  -41.240244196   -0.258026273
