#! FIELDS phi psi file.free der_phi der_psi
#! SET min_phi -pi
#! SET max_phi pi
#! SET nbins_phi  36
#! SET periodic_phi true
#! SET min_psi -pi
#! SET max_psi pi
#! SET nbins_psi  18
#! SET periodic_psi true
   -3.141592654   -3.141592654   17.636896347  -53.581165138   16.076046705
   -2.967059728   -3.141592654    9.726576085  -36.406570914   18.319509893
   -2.792526803   -3.141592654    5.047093931  -17.361507047   19.824054791
   -2.617993878   -3.141592654    3.517351871   -0.970019038   20.637464577
   -2.443460953   -3.141592654    4.363530071    9.526597412   21.039272593
   -2.268928028   -3.141592654    6.459704019   13.475206514   21.461297258
   -2.094395102   -3.141592654    8.790005869   12.671637618   22.337334459
   -1.919862177   -3.141592654   10.792741390   10.277661358   23.943387234
   -1.745329252   -3.141592654   12.471900617    9.403525851   26.277666740
   -1.570796327   -3.141592654   14.288933907   12.052983310   29.015288828
   -1.396263402   -3.141592654   16.923067028   18.697171210   31.578402031
   -1.221730476   -3.141592654   20.998793176   28.240714476   33.295264173
   -1.047197551   -3.141592654   26.832493244   38.391859024   33.609522890
   -0.872664626   -3.141592654   34.282137559   46.275373929   32.229964068
   -0.698131701   -3.141592654   42.722964114   49.396338101   29.177425285
   -0.523598776   -3.141592654   51.176353123   46.289096019   24.719077058
   -0.349065850   -3.141592654   58.522726773   36.793223004   19.246031120
   -0.174532925   -3.141592654   63.710351242   21.752809627   13.182856460
    0.000000000   -3.141592654   65.909060950    2.913418234    6.934719318
    0.174532925   -3.141592654   64.672060034  -17.095421173    0.861741962
    0.349065850   -3.141592654   60.107309474  -34.510254553   -4.700247024
    0.523598776   -3.141592654   53.055329942  -44.812335651   -9.416996847
    0.698131701   -3.141592654   45.122521956  -44.125163753  -12.953668505
    0.872664626   -3.141592654   38.393876627  -31.101375615  -15.022835328
    1.047197551   -3.141592654   34.846044718   -8.471452737  -15.499628847
    1.221730476   -3.141592654   35.632295866   17.288392508  -14.522417236
    1.396263402   -3.141592654   40.604306521   38.258606001  -12.474121162
    1.570796327   -3.141592654   48.336344526   48.141181909   -9.848134535
    1.745329252   -3.141592654   56.615254828   44.497788791   -7.054522039
    1.919862177   -3.141592654   63.170184588   28.935543571   -4.309692486
    2.094395102   -3.141592654   66.276119501    5.833963885   -1.630238857
    2.268928028   -3.141592654   65.077477468  -19.517416797    1.078406751
    2.443460953   -3.141592654   59.616030380  -42.295007605    3.925081620
    2.617993878   -3.141592654   50.684805500  -58.774467566    6.957464222
    2.792526803   -3.141592654   39.617417904  -66.508808106   10.125582221
    2.967059728   -3.141592654   28.048505742  -64.517047088   13.254137142

   -3.141592654   -2.792526803   24.904998418  -48.866931772   24.174586121
   -2.967059728   -2.792526803   17.658527506  -33.552224123   26.271881384
   -2.792526803   -2.792526803   13.314139907  -16.334054580   27.337556976
   -2.617993878   -2.792526803   11.837398885   -1.274571944   27.582978789
   -2.443460953   -2.792526803   12.574831351    8.740907094   27.436920917
   -2.268928028   -2.792526803   14.561864454   13.159451807   27.411085514
   -2.094395102   -2.792526803   16.937113743   13.601479390   27.918359065
   -1.919862177   -2.792526803   19.240902955   12.818831479   29.124869073
   -1.745329252   -2.792526803   21.493790572   13.355367539   30.883248341
   -1.570796327   -2.792526803   24.069387860   16.620515633   32.749554059
   -1.396263402   -2.792526803   27.464590985   22.618928475   34.097721159
   -1.221730476   -2.792526803   32.063339773   30.096949917   34.283558104
   -1.047197551   -2.792526803   37.950131335   36.999929894   32.840985853
   -0.872664626   -2.792526803   44.824168009   41.041704058   29.610829102
   -0.698131701   -2.792526803   52.019549635   40.451316092   24.774983256
   -0.523598776   -2.792526803   58.638960505   34.396174705   18.777943610
   -0.349065850   -2.792526803   63.736196672   23.137666500   12.185725088
   -0.174532925   -2.792526803   66.484559490    7.695558217    5.563974868
    0.000000000   -2.792526803   66.290495777  -10.239952988   -0.593408149
    0.174532925   -2.792526803   62.918326607  -28.242873506   -5.904116996
    0.349065850   -2.792526803   56.642111601  -42.862424985  -10.084997070
    0.523598776   -2.792526803   48.410068597  -49.932283116  -12.946822354
    0.698131701   -2.792526803   39.872949740  -45.938705684  -14.401234062
    0.872664626   -2.792526803   33.094560173  -29.928368576  -14.483886764
    1.047197551   -2.792526803   29.962485952   -5.009610156  -13.393801868
    1.221730476   -2.792526803   31.484697071   22.112690352  -11.478942877
    1.396263402   -2.792526803   37.351013698   43.562195623   -9.130312237
    1.570796327   -2.792526803   46.007435546   53.385191000   -6.640976989
    1.745329252   -2.792526803   55.186694517   49.593370396   -4.100392321
    1.919862177   -2.792526803   62.635549529   34.144213908   -1.413173023
    2.094395102   -2.792526803   66.687003691   11.507246464    1.596776696
    2.268928028   -2.792526803   66.536801490  -13.168514332    5.054145078
    2.443460953   -2.792526803   62.241753075  -35.320386055    8.950057858
    2.617993878   -2.792526803   54.561820144  -51.486627980   13.123423734
    2.792526803   -2.792526803   44.756890836  -59.444481107   17.292849728
    2.967059728   -2.792526803   34.356086848  -58.323532023   21.097291184

   -3.141592654   -2.443460953   33.299288914  -44.065350910   22.592126320
   -2.967059728   -2.443460953   26.721290934  -30.704034828   24.357893062
   -2.792526803   -2.443460953   22.715865324  -15.225785114   25.242010774
   -2.617993878   -2.443460953   21.324288529   -1.275124200   25.441413414
   -2.443460953   -2.443460953   22.028471439    8.509534842   25.287035018
   -2.268928028   -2.443460953   24.015883733   13.506812914   25.142768051
   -2.094395102   -2.443460953   26.538285412   14.971839007   25.272186661
   -1.919862177   -2.443460953   29.167571378   15.118900571   25.731367855
   -1.745329252   -2.443460953   31.858903346   15.933886740   26.335852118
   -1.570796327   -2.443460953   34.833349694   18.421675840   26.696032951
   -1.396263402   -2.443460953   38.386862696   22.442668047   26.332923080
   -1.221730476   -2.443460953   42.704988201   26.938715647   24.815144983
   -1.047197551   -2.443460953   47.737965667   30.358187542   21.907346252
   -0.872664626   -2.443460953   53.156951791   31.109536273   17.644602339
   -0.698131701   -2.443460953   58.387857016   28.067617681   12.329643400
   -0.523598776   -2.443460953   62.720940605   20.818919092    6.445084179
   -0.349065850   -2.443460953   65.443414906    9.729905804    0.528415469
   -0.174532925   -2.443460953   65.955552338   -4.332640057   -4.931357421
    0.000000000   -2.443460953   63.848066502  -20.018959003   -9.547522202
    0.174532925   -2.443460953   59.003084280  -35.280835851  -13.070486886
    0.349065850   -2.443460953   51.749083917  -47.017970610  -15.376134400
    0.523598776   -2.443460953   43.034775696  -51.333545807  -16.456535918
    0.698131701   -2.443460953   34.470102974  -44.911434587  -16.405007848
    0.872664626   -2.443460953   28.045515967  -26.986933494  -15.401447823
    1.047197551   -2.443460953   25.545129866   -0.820466802  -13.705870314
    1.221730476   -2.443460953   27.855946682   26.862052228  -11.615058443
    1.396263402   -2.443460953   34.561000431   48.368801141   -9.371947839
    1.570796327   -2.443460953   44.048308998   58.111226275   -7.082332118
    1.745329252   -2.443460953   54.060067835   54.464356555   -4.684131102
    1.919862177   -2.443460953   62.402092490   39.572873870   -2.015686009
    2.094395102   -2.443460953   67.476735718   17.835207032    1.076653337
    2.268928028   -2.443460953   68.517691273   -5.872123504    4.637506435
    2.443460953   -2.443460953   65.565275232  -27.311211093    8.564625682
    2.617993878   -2.443460953   59.309403266  -43.286987059   12.626930959
    2.792526803   -2.443460953   50.903953976  -51.738230658   16.521734367
    2.967059728   -2.443460953   41.755891265  -51.802690896   19.932689783

   -3.141592654   -2.094395102   39.658476684  -40.225493716   14.020669996
   -2.967059728   -2.094395102   33.629591142  -28.255144872   15.101431293
   -2.792526803   -2.094395102   29.939101397  -14.024504291   15.714384413
   -2.617993878   -2.094395102   28.673302298   -0.962811564   15.972236092
   -2.443460953   -2.094395102   29.389982352    8.421057526   16.006803562
   -2.268928028   -2.094395102   31.358878961   13.437610639   15.937105755
   -2.094395102   -2.094395102   33.884426697   15.072314072   15.817782591
   -1.919862177   -2.094395102   36.531852675   15.159230545   15.592405478
   -1.745329252   -2.094395102   39.184152604   15.329315761   15.086971486
   -1.570796327   -2.094395102   41.941334840   16.414721335   14.045148004
   -1.396263402   -2.094395102   44.970303160   18.349576047   12.219260140
   -1.221730476   -2.094395102   48.361860341   20.404791254    9.462402012
   -1.047197551   -2.094395102   52.046046704   21.511311644    5.813800147
   -0.872664626   -2.094395102   55.762349760   20.595096266    1.513503297
   -0.698131701   -2.094395102   59.083935456   16.898504076   -3.046080540
   -0.523598776   -2.094395102   61.493214856   10.139790119   -7.420933417
   -0.349065850   -2.094395102   62.469134541    0.549019814  -11.224667266
   -0.174532925   -2.094395102   61.562248097  -11.320076648  -14.206100523
    0.000000000   -2.094395102   58.449536620  -24.533668376  -16.268132103
    0.174532925   -2.094395102   53.026554254  -37.425516445  -17.461327055
    0.349065850   -2.094395102   45.578190137  -47.166577514  -17.927464812
    0.523598776   -2.094395102   36.976665480  -49.967976697  -17.837490097
    0.698131701   -2.094395102   28.748399307  -42.483506285  -17.330556077
    0.872664626   -2.094395102   22.810926061  -23.882282002  -16.481028656
    1.047197551   -2.094395102   20.888212889    2.652930643  -15.314617334
    1.221730476   -2.094395102   23.821912542   30.505289550  -13.840420683
    1.396263402   -2.094395102   31.173785143   52.143194966  -12.058913569
    1.570796327   -2.094395102   41.341254505   62.164280896   -9.964612776
    1.745329252   -2.094395102   52.103622335   59.048338018   -7.544589161
    1.919862177   -2.094395102   61.309286363   44.900598664   -4.802939321
    2.094395102   -2.094395102   67.384114697   23.947725526   -1.786227747
    2.268928028   -2.094395102   69.549843766    0.848809585    1.397978155
    2.443460953   -2.094395102   67.799768831  -20.332417510    4.588096451
    2.617993878   -2.094395102   62.753191058  -36.490527932    7.595834402
    2.792526803   -2.094395102   55.485558980  -45.578040135   10.245068615
    2.967059728   -2.094395102   47.329515809  -46.672846473   12.408320923

   -3.141592654   -1.745329252   41.884225336  -38.765678515    5.604635680
   -2.967059728   -1.745329252   36.077785443  -27.147699335    6.119475440
   -2.792526803   -1.745329252   32.558664593  -13.163447874    6.490956647
   -2.617993878   -1.745329252   31.421694411   -0.359978442    6.709084492
   -2.443460953   -1.745329252   32.214814027    8.673153293    6.700101804
   -2.268928028   -1.745329252   34.185720380   13.178179682    6.355266066
   -2.094395102   -1.745329252   36.604112987   14.055597537    5.552648477
   -1.919862177   -1.745329252   38.983752736   13.045717650    4.176765534
   -1.745329252   -1.745329252   41.143287091   11.734999657    2.151729429
   -1.570796327   -1.745329252   43.121733430   11.061836042   -0.518234000
   -1.396263402   -1.745329252   45.060413591   11.244453289   -3.707823216
   -1.221730476   -1.745329252   47.086430903   11.976678711   -7.178235112
   -1.047197551   -1.745329252   49.242302533   12.596907121  -10.619183160
   -0.872664626   -1.745329252   51.438902050   12.281081574  -13.719413175
   -0.698131701   -1.745329252   53.439179814   10.229042733  -16.221539526
   -0.523598776   -1.745329252   54.883668477    5.842332976  -17.952754407
   -0.349065850   -1.745329252   55.336383323   -1.150215796  -18.839138964
   -0.174532925   -1.745329252   54.342133511  -10.700019041  -18.923008862
    0.000000000   -1.745329252   51.492270763  -22.277926257  -18.372943925
    0.174532925   -1.745329252   46.541679425  -34.414015177  -17.476261256
    0.349065850   -1.745329252   39.621887303  -44.239678290  -16.567152911
    0.523598776   -1.745329252   31.480194087  -47.684345763  -15.913910478
    0.698131701   -1.745329252   23.581787371  -40.970101583  -15.606609106
    0.872664626   -1.745329252   17.858776776  -22.864870448  -15.514302576
    1.047197551   -1.745329252   16.106905740    3.678559072  -15.350435674
    1.221730476   -1.745329252   19.259420103   32.053723110  -14.807407218
    1.396263402   -1.745329252   26.954932302   54.562134752  -13.671934114
    1.570796327   -1.745329252   37.630927666   65.560510306  -11.893146487
    1.745329252   -1.745329252   49.064869862   63.301607234   -9.573554722
    1.919862177   -1.745329252   59.068191305   49.720656016   -6.923185036
    2.094395102   -1.745329252   66.007363841   28.957581141   -4.191462908
    2.268928028   -1.745329252   69.036252346    5.662063758   -1.609717394
    2.443460953   -1.745329252   68.084878759  -16.045583722    0.649245170
    2.617993878   -1.745329252   63.723752024  -32.950493353    2.488398462
    2.792526803   -1.745329252   57.002864930  -42.855343826    3.886892357
    2.967059728   -1.745329252   49.257485880  -44.683457923    4.896244287

   -3.141592654   -1.396263402   41.273575024  -38.739557970    1.417037951
   -2.967059728   -1.396263402   35.485007790  -26.967573278    1.272444651
   -2.792526803   -1.396263402   32.007834661  -12.904991578    1.082024065
   -2.617993878   -1.396263402   30.900561360   -0.352162131    0.819442654
   -2.443460953   -1.396263402   31.639903980    7.968354134    0.360305429
   -2.268928028   -1.396263402   33.391239878   11.299476049   -0.488732112
   -2.094395102   -1.396263402   35.352610706   10.654851283   -1.949542130
   -1.919862177   -1.396263402   36.993619087    7.980703982   -4.202590767
   -1.745329252   -1.396263402   38.132385116    5.155609864   -7.295544932
   -1.570796327   -1.396263402   38.865185970    3.485738766  -11.060976380
   -1.396263402   -1.396263402   39.454917224    3.527479773  -15.100124600
   -1.221730476   -1.396263402   40.196712281    5.151159300  -18.871881661
   -1.047197551   -1.396263402   41.309125531    7.597579438  -21.848931103
   -0.872664626   -1.396263402   42.840113118    9.716584436  -23.661190345
   -0.698131701   -1.396263402   44.619944649   10.257370546  -24.161673203
   -0.523598776   -1.396263402   46.280111399    8.216422400  -23.412390372
   -0.349065850   -1.396263402   47.312459522    3.008094018  -21.639990731
   -0.174532925   -1.396263402   47.144029037   -5.536666234  -19.200359414
    0.000000000   -1.396263402   45.216393255  -17.036853835  -16.545380429
    0.174532925   -1.396263402   41.117118831  -30.052601145  -14.161097139
    0.349065850   -1.396263402   34.822639964  -41.535349259  -12.451500948
    0.523598776   -1.396263402   26.980381582  -46.966002046  -11.608310622
    0.698131701   -1.396263402   19.052006062  -41.935530444  -11.532388706
    0.872664626   -1.396263402   13.074812488  -24.639232641  -11.866728111
    1.047197551   -1.396263402   11.026363302    2.230243250  -12.140221705
    1.221730476   -1.396263402   14.030442952   31.921313558  -11.951854023
    1.396263402   -1.396263402   21.859480765   56.248169913  -11.093678228
    1.570796327   -1.396263402   32.985962679   68.964856871   -9.583013677
    1.745329252   -1.396263402   45.124555620   67.837908498   -7.608963797
    1.919862177   -1.396263402   55.960159265   54.574855041   -5.443495806
    2.094395102   -1.396263402   63.718113270   33.368973124   -3.356075067
    2.268928028   -1.396263402   67.439003483    9.116750050   -1.556501055
    2.443460953   -1.396263402   66.990233393  -13.747491438   -0.168746925
    2.617993878   -1.396263402   62.933534398  -31.727482968    0.768357959
    2.792526803   -1.396263402   56.352650744  -42.415254191    1.282226943
    2.967059728   -1.396263402   48.645218000  -44.638184444    1.460891625

   -3.141592654   -1.047197551   38.887822004  -40.881908893    2.437306871
   -2.967059728   -1.047197551   32.757225964  -28.708856494    1.290779881
   -2.792526803   -1.047197551   29.022575765  -14.119976491   -0.058669767
   -2.617993878   -1.047197551   27.738470598   -1.222672412   -1.514912113
   -2.443460953   -1.047197551   28.324123468    6.983382666   -3.078367065
   -2.268928028   -1.047197551   29.847968410    9.569860652   -4.869411117
   -2.094395102   -1.047197551   31.396688807    7.570686175   -7.105557349
   -1.919862177   -1.047197551   32.352796917    3.192458827   -9.994251190
   -1.745329252   -1.047197551   32.513863789   -1.185799795  -13.574407353
   -1.570796327   -1.047197551   32.056145713   -3.639106426  -17.583201193
   -1.396263402   -1.047197551   31.423200594   -3.124855463  -21.458082082
   -1.221730476   -1.047197551   31.146489987    0.342930848  -24.498313090
   -1.047197551   -1.047197551   31.659877206    5.663686418  -26.118212234
   -0.872664626   -1.047197551   33.138225374   11.049501482  -26.039387766
   -0.698131701   -1.047197551   35.419858560   14.572636941  -24.342769367
   -0.523598776   -1.047197551   38.039023183   14.723090681  -21.391972262
   -0.349065850   -1.047197551   40.319324091   10.603063504  -17.707939854
   -0.174532925   -1.047197551   41.481769467    1.907151072  -13.860818241
    0.000000000   -1.047197551   40.751622002  -10.948784843  -10.384310788
    0.174532925   -1.047197551   37.525032193  -26.262857218   -7.677790396
    0.349065850   -1.047197551   31.656879702  -40.450910869   -5.915403602
    0.523598776   -1.047197551   23.785942544  -48.270113503   -5.004198137
    0.698131701   -1.047197551   15.491479809  -44.628683979   -4.638029251
    0.872664626   -1.047197551    9.022207051  -27.367550595   -4.438887237
    1.047197551   -1.047197551    6.588025260    0.693779640   -4.111766924
    1.221730476   -1.047197551    9.484887769   32.278046181   -3.527785591
    1.396263402   -1.047197551   17.547944054   58.513079666   -2.701699860
    1.570796327   -1.047197551   29.199283250   72.579514938   -1.714641669
    1.745329252   -1.047197551   42.026029661   71.953034882   -0.649131164
    1.919862177   -1.047197551   53.560799262   58.338990223    0.434216938
    2.094395102   -1.047197551   61.897034091   36.148721105    1.480615600
    2.268928028   -1.047197551   65.991280525   10.588073664    2.421233806
    2.443460953   -1.047197551   65.680811697  -13.612413467    3.165555858
    2.617993878   -1.047197551   61.543680417  -32.742211523    3.610953089
    2.792526803   -1.047197551   54.709721091  -44.236714172    3.658054748
    2.967059728   -1.047197551   46.645291577  -46.845980884    3.260104088

   -3.141592654   -0.698131701   38.530487623  -44.590615564    2.534797386
   -2.967059728   -0.698131701   31.709427428  -32.843480503    0.426843953
   -2.792526803   -0.698131701   27.245048669  -18.287092641   -1.946835812
   -2.617993878   -0.698131701   25.249369086   -5.194052775   -4.375516490
   -2.443460953   -0.698131701   25.156258615    3.139960813   -6.756480563
   -2.268928028   -0.698131701   25.994397653    5.477354878   -9.149780950
   -2.094395102   -0.698131701   26.770165367    2.732095744  -11.747715567
   -1.919862177   -0.698131701   26.793461176   -2.664245080  -14.731733137
   -1.745329252   -0.698131701   25.860355351   -7.756955581  -18.080643353
   -1.570796327   -0.698131701   24.260808802   -9.939478987  -21.436544640
   -1.396263402   -0.698131701   22.652246590   -7.759025769  -24.155239278
   -1.221730476   -0.698131701   21.807579047   -1.361263743  -25.533504977
   -1.047197551   -0.698131701   22.330486026    7.511004738  -25.116127911
   -0.872664626   -0.698131701   24.430768127   16.222452567  -22.884757504
   -0.698131701   -0.698131701   27.842114617   22.142682993  -19.251391636
   -0.523598776   -0.698131701   31.899190318   23.395854222  -14.889162418
   -0.349065850   -0.698131701   35.690640489   19.030220372  -10.511604989
   -0.174532925   -0.698131701   38.216376617    8.929311300   -6.698874743
    0.000000000   -0.698131701   38.530134701   -6.096820780   -3.789949102
    0.174532925   -0.698131701   35.941169896  -23.790065623   -1.811249178
    0.349065850   -0.698131701   30.323723948  -39.934939960   -0.495936389
    0.523598776   -0.698131701   22.437840963  -48.788648006    0.593549811
    0.698131701   -0.698131701   14.042473776  -45.114542015    1.849704301
    0.872664626   -0.698131701    7.553504203  -27.032760122    3.413480445
    1.047197551   -0.698131701    5.272466602    2.094574066    5.109551529
    1.221730476   -0.698131701    8.491588490   34.487675875    6.575583831
    1.396263402   -0.698131701   16.975622406   61.035604651    7.491507905
    1.570796327   -0.698131701   29.061280365   74.969065287    7.759749981
    1.745329252   -0.698131701   42.274308726   73.964107612    7.525615160
    1.919862177   -0.698131701   54.120739051   59.897195767    7.065836745
    2.094395102   -0.698131701   62.688447360   37.239794817    6.631123499
    2.268928028   -0.698131701   66.928965409   11.160123811    6.337091935
    2.443460953   -0.698131701   66.663269480  -13.693783312    6.137319766
    2.617993878   -0.698131701   62.441144626  -33.673199374    5.858820988
    2.792526803   -0.698131701   55.359666555  -46.160098038    5.267290633
    2.967059728   -0.698131701   46.871447977  -49.766503341    4.179819145

   -3.141592654   -0.349065850   39.225487047  -49.496064575    3.315841642
   -2.967059728   -0.349065850   31.471269288  -38.529990242    0.555728646
   -2.792526803   -0.349065850   25.989413166  -24.153383550   -2.495569608
   -2.617993878   -0.349065850   22.991071180  -10.759127258   -5.543801466
   -2.443460953   -0.349065850   21.965775655   -1.984045022   -8.408602030
   -2.268928028   -0.349065850   21.932661059    0.557892845  -11.092779683
   -2.094395102   -0.349065850   21.838777896   -2.368506057  -13.732144257
   -1.919862177   -0.349065850   20.941906499   -8.089530115  -16.429236424
   -1.745329252   -0.349065850   19.061226133  -13.053951922  -19.063244773
   -1.570796327   -0.349065850   16.623420478  -14.027835290  -21.203165185
   -1.396263402   -0.349065850   14.503489336   -9.313743747  -22.230067092
   -1.221730476   -0.349065850   13.682669300    0.563733939  -21.609752663
   -1.047197551   -0.349065850   14.857732819   12.987845327  -19.189754780
   -0.872664626   -0.349065850   18.165028605   24.359748020  -15.311782026
   -0.698131701   -0.349065850   23.121328918   31.420718087  -10.698856180
   -0.523598776   -0.349065850   28.778024978   32.184395117   -6.188823240
   -0.349065850   -0.349065850   33.962008151   26.023340350   -2.452172491
   -0.174532925   -0.349065850   37.496141640   13.427130395    0.183714197
    0.000000000   -0.349065850   38.376446297   -4.029267660    1.794523201
    0.174532925   -0.349065850   35.990405435  -23.344939867    2.830532720
    0.349065850   -0.349065850   30.403316075  -39.800580112    3.948591274
    0.523598776   -0.349065850   22.613035230  -47.653686505    5.740926220
    0.698131701   -0.349065850   14.562710010  -42.268939378    8.435018000
    0.872664626   -0.349065850    8.710252306  -22.721054257   11.725514090
    1.047197551   -0.349065850    7.237285283    6.817529000   14.879796685
    1.221730476   -0.349065850   11.222153198   38.338646450   17.089090644
    1.396263402   -0.349065850   20.234781093   63.157117843   17.851148015
    1.570796327   -0.349065850   32.527018303   75.259933827   17.174344339
    1.745329252   -0.349065850   45.667574556   72.969398674   15.502199276
    1.919862177   -0.349065850   57.285231574   58.401969045   13.459157236
    2.094395102   -0.349065850   65.595048384   35.852565253   11.576877386
    2.268928028   -0.349065850   69.620588772   10.081576627   10.124855591
    2.443460953   -0.349065850   69.178918687  -14.694491671    9.080508286
    2.617993878   -0.349065850   64.752889073  -35.115766080    8.196061276
    2.792526803   -0.349065850   57.341923400  -48.573688800    7.113582335
    2.967059728   -0.349065850   48.321968484  -53.460678917    5.530335081

   -3.141592654    0.000000000   40.667763492  -54.304750178    3.018663496
   -2.967059728    0.000000000   31.991313557  -44.194035515    0.373177024
   -2.792526803    0.000000000   25.486673380  -30.099973667   -2.441338774
   -2.617993878    0.000000000   21.464199937  -16.479718055   -5.160298982
   -2.443460953    0.000000000   19.477551358   -7.271618822   -7.637238728
   -2.268928028    0.000000000   18.552811026   -4.402619305   -9.891686416
   -2.094395102    0.000000000   17.607891471   -7.171730001  -12.030236529
   -1.919862177    0.000000000   15.892427614  -12.599570745  -14.077357781
   -1.745329252    0.000000000   13.295935462  -16.580642330  -15.822844001
   -1.570796327    0.000000000   10.408583148  -15.448274536  -16.803829402
   -1.396263402    0.000000000    8.304300826   -7.568624412  -16.487005282
   -1.221730476    0.000000000    8.097994173    5.838744336  -14.552397430
   -1.047197551    0.000000000   10.459468542   21.105952813  -11.136750259
   -0.872664626    0.000000000   15.319660218   33.720283870   -6.850541677
   -0.698131701    0.000000000   21.878492853   40.103968143   -2.564654755
   -0.523598776    0.000000000   28.875194629   38.654952068    0.921601685
   -0.349065850    0.000000000   34.938491612   29.596689509    3.172489195
   -0.174532925    0.000000000   38.860307228   14.420728280    4.231733992
    0.000000000    0.000000000   39.771700836   -4.410666733    4.581316541
    0.174532925    0.000000000   37.322076735  -23.393966485    4.991076060
    0.349065850    0.000000000   31.878923469  -37.879180135    6.249709648
    0.523598776    0.000000000   24.669559270  -42.878279912    8.851094312
    0.698131701    0.000000000   17.685347366  -35.019389428   12.727184096
    0.872664626    0.000000000   13.205263992  -14.599984068   17.181218788
    1.047197551    0.000000000   13.068491607   13.650233911   21.129623963
    1.221730476    0.000000000   17.998996358   42.132129954   23.563198175
    1.396263402    0.000000000   27.353498253   63.289967128   23.965521241
    1.570796327    0.000000000   39.385639634   72.333367533   22.479504093
    1.745329252    0.000000000   51.844702897   68.344291012   19.753408501
    1.919862177    0.000000000   62.613796098   53.524159421   16.608907170
    2.094395102    0.000000000   70.127712351   31.725215880   13.720857851
    2.268928028    0.000000000   73.528610451    7.054999307   11.433792054
    2.443460953    0.000000000   72.639075879  -16.881233097    9.744368780
    2.617993878    0.000000000   67.859069508  -37.122933363    8.392029212
    2.792526803    0.000000000   60.059811676  -51.129442511    7.000441290
    2.967059728    0.000000000   50.503533058  -57.085174788    5.253552329

   -3.141592654    0.349065850   42.115626749  -58.507649631    2.045976605
   -2.967059728    0.349065850   32.644467530  -49.008217848    0.353437864
   -2.792526803    0.349065850   25.282950089  -35.000855237   -1.339880831
   -2.617993878    0.349065850   20.433164679  -20.992816834   -2.919107747
   -2.443460953    0.349065850   17.709130368  -11.199587597   -4.349676841
   -2.268928028    0.349065850   16.145081334   -7.825034367   -5.689113562
   -2.094395102    0.349065850   14.636551396  -10.212116791   -7.008875202
   -1.919862177    0.349065850   12.431324991  -15.108234832   -8.273224825
   -1.745329252    0.349065850    9.482670057  -17.973589562   -9.258367967
   -1.570796327    0.349065850    6.509660789  -14.897671362   -9.587914460
   -1.396263402    0.349065850    4.718247931   -4.474515627   -8.908454635
   -1.221730476    0.349065850    5.271773525   11.358554777   -7.101597835
   -1.047197551    0.349065850    8.742274177   28.067616262   -4.421566527
   -0.872664626    0.349065850   14.831510810   40.565080389   -1.433501338
   -0.698131701    0.349065850   22.463038909   45.328402529    1.213067341
   -0.523598776    0.349065850   30.162142828   41.407818517    3.062909521
   -0.349065850    0.349065850   36.489725123   29.963849118    4.049948731
   -0.174532925    0.349065850   40.334191258   13.386213779    4.506157122
    0.000000000    0.349065850   41.056461685   -5.248287700    5.038650409
    0.174532925    0.349065850   38.605270445  -22.306024729    6.329066839
    0.349065850    0.349065850   33.619445413  -33.594739831    8.880385798
    0.523598776    0.349065850   27.463080885  -35.181127010   12.784848012
    0.698131701    0.349065850   22.046350029  -25.068908540   17.591316554
    0.872664626    0.349065850   19.340989863   -4.652915154   22.366809147
    1.047197551    0.349065850   20.754654629   21.091964554   26.007655712
    1.221730476    0.349065850   26.629426861   45.334773580   27.669487472
    1.396263402    0.349065850   36.138337712   61.932954647   27.076994194
    1.570796327    0.349065850   47.602767212   67.444339297   24.577900485
    1.745329252    0.349065850   59.026646331   61.686752446   20.927635453
    1.919862177    0.349065850   68.608330600   46.830160214   16.967344169
    2.094395102    0.349065850   75.040008803   26.144697382   13.353417543
    2.268928028    0.349065850   77.597665758    2.974270316   10.424982135
    2.443460953    0.349065850   76.109929397  -19.744427594    8.211741363
    2.617993878    0.349065850   70.888614193  -39.454796583    6.524180578
    2.792526803    0.349065850   62.673257658  -53.679346085    5.077043315
    2.967059728    0.349065850   52.609008628  -60.387058886    3.624122934

   -3.141592654    0.698131701   43.768006862  -60.635987850   -0.214092234
   -2.967059728    0.698131701   33.887388992  -51.531660558   -0.707195525
   -2.792526803    0.698131701   26.065101842  -37.705476941   -0.988026403
   -2.617993878    0.698131701   20.743588219  -23.657277977   -1.126927783
   -2.443460953    0.698131701   17.566548087  -13.714908866   -1.232517424
   -2.268928028    0.698131701   15.577549187  -10.177307987   -1.426213728
   -2.094395102    0.698131701   13.674829174  -12.357648039   -1.781656908
   -1.919862177    0.698131701   11.127459645  -16.825318211   -2.267831575
   -1.745329252    0.698131701    7.946076426  -18.837643171   -2.737677825
   -1.570796327    0.698131701    4.930259659  -14.459705099   -2.978620647
   -1.396263402    0.698131701    3.344833538   -2.555474819   -2.821369274
   -1.221730476    0.698131701    4.343083200   14.437799760   -2.233404912
   -1.047197551    0.698131701    8.397520072   31.522578216   -1.348617986
   -0.872664626    0.698131701   15.052680878   43.446954496   -0.394491528
   -0.698131701    0.698131701   23.085781863   46.977354804    0.442190239
   -0.523598776    0.698131701   30.957460345   41.790816694    1.139702211
   -0.349065850    0.698131701   37.284978087   29.736671865    1.895502380
   -0.174532925    0.698131701   41.118719902   13.702339862    3.063908688
    0.000000000    0.698131701   42.038085115   -3.101190596    5.035870994
    0.174532925    0.698131701   40.196727812  -17.350447240    8.091234307
    0.349065850    0.698131701   36.346376604  -25.585029168   12.245555973
    0.523598776    0.698131701   31.806591496  -24.889999851   17.148772700
    0.698131701    0.698131701   28.262073712  -14.272328362   22.087295231
    0.872664626    0.698131701   27.319327796    4.358255995   26.131861376
    1.047197551    0.698131701   29.997896898   26.313597182   28.438413692
    1.221730476    0.698131701   36.371871261   45.783468660   28.560212596
    1.396263402    0.698131701   45.558323313   57.953718050   26.589968036
    1.570796327    0.698131701   56.038686585   60.438638128   23.083038268
    1.745329252    0.698131701   66.109835266   53.499681795   18.805000051
    1.919862177    0.698131701   74.283264014   39.112256284   14.471386160
    2.094395102    0.698131701   79.490619480   19.945023909   10.579116847
    2.268928028    0.698131701   81.128120684   -1.370732037    7.367191512
    2.443460953    0.698131701   79.027861914  -22.499473646    4.865240358
    2.617993878    0.698131701   73.421084987  -41.233513305    2.978479030
    2.792526803    0.698131701   64.930216485  -55.153278550    1.571656116
    2.967059728    0.698131701   54.593808141  -62.066296132    0.529442084

   -3.141592654    1.047197551   42.566500658  -60.716576501   -5.402564413
   -2.967059728    1.047197551   32.755028743  -50.693956875   -4.770442245
   -2.792526803    1.047197551   25.133289290  -36.310529563   -3.759347285
   -2.617993878    1.047197551   20.070511371  -22.158834386   -2.624070832
   -2.443460953    1.047197551   17.132347285  -12.531100937   -1.600794928
   -2.268928028    1.047197551   15.303277687   -9.548422897   -0.848668445
   -2.094395102    1.047197551   13.459294498  -12.294837020   -0.414686183
   -1.919862177    1.047197551   10.884961430  -17.159459965   -0.253084783
   -1.745329252    1.047197551    7.627834694  -19.333311986   -0.287150188
   -1.570796327    1.047197551    4.524647099  -14.947434874   -0.465536964
   -1.396263402    1.047197551    2.858899058   -2.995174258   -0.780633994
   -1.221730476    1.047197551    3.780677133   13.980883652   -1.224499991
   -1.047197551    1.047197551    7.749020729   30.982405526   -1.725382731
   -0.872664626    1.047197551   14.305397830   42.877747427   -2.108602543
   -0.698131701    1.047197551   22.255594314   46.662525465   -2.111153371
   -0.523598776    1.047197551   30.131377975   42.260988248   -1.439789537
   -0.349065850    1.047197551   36.658797292   31.672116811    0.162263056
   -0.174532925    1.047197551   41.006000174   17.737664407    2.847703247
    0.000000000    1.047197551   42.841022361    3.378502567    6.616184056
    0.174532925    1.047197551   42.335417596   -8.607756911   11.271509617
    0.349065850    1.047197551   40.152517518  -15.422468610   16.383131913
    0.523598776    1.047197551   37.407274182  -14.773099825   21.298517754
    0.698131701    1.047197551   35.493543193   -6.005200373   25.241112586
    0.872664626    1.047197551   35.711935186    9.176112809   27.500194282
    1.047197551    1.047197551   38.862006613   26.846848570   27.670793552
    1.221730476    1.047197551   44.962198375   42.231339075   25.803789337
    1.396263402    1.047197551   53.246446007   51.397835158   22.359373199
    1.570796327    1.047197551   62.426914332   52.341575559   18.010087184
    1.745329252    1.047197551   71.049842254   45.187232762   13.393455230
    1.919862177    1.047197551   77.821498652   31.461572858    8.967148028
    2.094395102    1.047197551   81.783372396   13.356310199    4.983743617
    2.268928028    1.047197551   82.370176254   -6.825829769    1.561344157
    2.443460953    1.047197551   79.412166096  -26.883124562   -1.240560324
    2.617993878    1.047197551   73.129620181  -44.588397657   -3.372826884
    2.792526803    1.047197551   64.143676644  -57.448590187   -4.784099439
    2.967059728    1.047197551   53.501481786  -63.239849982   -5.450415665

   -3.141592654    1.396263402   37.755315670  -60.047382591  -11.313893630
   -2.967059728    1.396263402   28.222457930  -48.237885374  -10.015845319
   -2.792526803    1.396263402   21.144764448  -32.648311047   -8.210669744
   -2.617993878    1.396263402   16.772033241  -18.037444296   -6.281330359
   -2.443460953    1.396263402   14.540432853   -8.655332365   -4.524459690
   -2.268928028    1.396263402   13.330805975   -6.376154022   -3.072012083
   -2.094395102    1.396263402   11.965064535   -9.994440352   -1.898421250
   -1.919862177    1.396263402    9.716105119  -15.730825062   -0.921470451
   -1.745329252    1.396263402    6.632306722  -18.790623154   -0.125963587
   -1.570796327    1.396263402    3.539295252  -15.400660487    0.389094598
   -1.396263402    1.396263402    1.701211008   -4.521974532    0.479558260
   -1.221730476    1.396263402    2.274997703   11.576235606    0.113738096
   -1.047197551    1.396263402    5.790888844   28.334182913   -0.507817837
   -0.872664626    1.396263402   11.934665640   40.974865312   -0.964213005
   -0.698131701    1.396263402   19.696971242   46.578305035   -0.758145153
   -0.523598776    1.396263402   27.779603017   44.818318739    0.498385997
   -0.349065850    1.396263402   35.013306767   37.214928049    2.962932630
   -0.174532925    1.396263402   40.575513888   26.027078179    6.542200643
    0.000000000    1.396263402   44.041503035   13.598823389   10.927501033
    0.174532925    1.396263402   45.395599634    2.223892294   15.636832532
    0.349065850    1.396263402   45.038309434   -5.627020157   20.043655073
    0.523598776    1.396263402   43.789065421   -7.678820353   23.446718510
    0.698131701    1.396263402   42.781800562   -2.854926574   25.212852882
    0.872664626    1.396263402   43.170802552    8.003364102   24.972736331
    1.047197551    1.396263402   45.778953561   21.992355798   22.782225321
    1.221730476    1.396263402   50.807580259   35.060171360   19.120373758
    1.396263402    1.396263402   57.749126010   43.405042172   14.691250710
    1.570796327    1.396263402   65.543911512   44.568492913   10.150017944
    1.745329252    1.396263402   72.861383844   38.010356456    5.895800569
    1.919862177    1.396263402   78.426258493   24.765918492    2.049258726
    2.094395102    1.396263402   81.243858002    6.914116700   -1.438473701
    2.268928028    1.396263402   80.722968973  -13.053583334   -4.618180773
    2.443460953    1.396263402   76.713147899  -32.637341955   -7.438676207
    2.617993878    1.396263402   69.501410584  -49.375765026   -9.725207854
    2.792526803    1.396263402   59.802798705  -60.727420707  -11.234888953
    2.967059728    1.396263402   48.749883825  -64.598826729  -11.777869127

   -3.141592654    1.745329252   31.433897211  -58.331778360  -17.657046832
   -2.967059728    1.745329252   22.376825597  -44.620734720  -16.583454842
   -2.792526803    1.745329252   16.033651088  -28.011519982  -14.774608430
   -2.617993878    1.745329252   12.491051269  -13.298990512  -12.572205904
   -2.443460953    1.745329252   11.045544398   -4.459214532  -10.258665473
   -2.268928028    1.745329252   10.502311893   -2.941618681   -7.971713899
   -2.094395102    1.745329252    9.674573608   -7.241182868   -5.702369511
   -1.919862177    1.745329252    7.855177489  -13.565858750   -3.399295530
   -1.745329252    1.745329252    5.091331051  -17.335564586   -1.108328044
   -1.570796327    1.745329252    2.169174937  -14.956745118    0.965669936
   -1.396263402    1.745329252    0.307508701   -5.237920827    2.541377678
   -1.221730476    1.745329252    0.677948431   10.062254682    3.455534198
   -1.047197551    1.745329252    3.927972961   26.989946883    3.827507489
   -0.872664626    1.745329252    9.944301937   41.062333356    4.060203258
   -0.698131701    1.745329252   17.925712124   49.131806006    4.667354574
   -0.523598776    1.745329252   26.702665490   50.219600815    6.040822112
   -0.349065850    1.745329252   35.106121735   45.094180322    8.290844832
   -0.174532925    1.745329252   42.191055246   35.390348482   11.230703717
    0.000000000    1.745329252   47.322215399   23.065909619   14.440062364
    0.174532925    1.745329252   50.226394184   10.254939738   17.354019526
    0.349065850    1.745329252   51.038502871   -0.479006518   19.350039156
    0.523598776    1.745329252   50.355776784   -6.447479329   19.873226142
    0.698131701    1.745329252   49.195007282   -5.803447533   18.606755791
    0.872664626    1.745329252   48.749639208    1.588462227   15.634739664
    1.047197551    1.745329252   50.041898894   13.614960354   11.480908508
    1.221730476    1.745329252   53.564207578   26.438012233    6.941014632
    1.396263402    1.745329252   59.077256209   35.799263690    2.762071251
    1.570796327    1.745329252   65.669222962   38.380316250   -0.643343274
    1.745329252    1.745329252   72.006380567   32.857422065   -3.298177535
    1.919862177    1.745329252   76.708495875   19.908503711   -5.526786385
    2.094395102    1.745329252   78.657645610    1.763706437   -7.713637757
    2.268928028    1.745329252   77.199137234  -18.611084172  -10.077365576
    2.443460953    1.745329252   72.211217000  -38.170871929  -12.578036016
    2.617993878    1.745329252   64.092365210  -54.068308434  -14.943525989
    2.792526803    1.745329252   53.711209046  -63.707908555  -16.780857844
    2.967059728    1.745329252   42.333562056  -65.267943975  -17.744530575

   -3.141592654    2.094395102   24.281912199  -57.687800423  -19.145371111
   -2.967059728    2.094395102   15.502283206  -42.166088538  -18.087981701
   -2.792526803    2.094395102    9.703775988  -24.344649368  -16.223943369
   -2.617993878    2.094395102    6.859672396   -9.060539589  -13.856115672
   -2.443460953    2.094395102    6.169563015   -0.092148785  -11.232599085
   -2.268928028    2.094395102    6.389103306    1.432284537   -8.456741745
   -2.094395102    2.094395102    6.332068554   -2.764999187   -5.485767497
   -1.919862177    2.094395102    5.309417770   -8.924166724   -2.245094080
   -1.745329252    2.094395102    3.359002115  -12.719051005    1.211751008
   -1.570796327    2.094395102    1.209670216  -10.808680540    4.621031155
   -1.396263402    2.094395102    0.000000000   -1.974444212    7.588629451
   -1.221730476    2.094395102    0.857573547   12.406048958    9.800702867
   -1.047197551    2.094395102    4.469908880   28.908209106   11.215428130
   -0.872664626    2.094395102   10.843084966   43.371841317   12.089933430
   -0.698131701    2.094395102   19.316434802   52.550739478   12.817015123
   -0.523598776    2.094395102   28.808621834   54.980529150   13.694737337
   -0.349065850    2.094395102   38.138684828   50.839412872   14.766411543
   -0.174532925    2.094395102   46.252137482   41.252445380   15.817248303
    0.000000000    2.094395102   52.333496237   27.881388118   16.455032795
    0.174532925    2.094395102   55.897306883   12.794102475   16.222053051
    0.349065850    2.094395102   56.876765596   -1.238351322   14.715519201
    0.523598776    2.094395102   55.733045645  -10.979570740   11.733595380
    0.698131701    2.094395102   53.472984116  -13.711616590    7.423341036
    0.872664626    2.094395102   51.444236908   -8.352949162    2.349962817
    1.047197551    2.094395102   50.962636095    3.562266500   -2.621844808
    1.221730476    2.094395102   52.854670747   18.050875844   -6.637158584
    1.396263402    2.094395102   57.125374373   30.015036911   -9.202519340
    1.570796327    2.094395102   62.928995295   35.016598199  -10.374861156
    1.745329252    2.094395102   68.818310772   30.882201667  -10.681312353
    1.919862177    2.094395102   73.202068638   18.040011432  -10.833818054
    2.094395102    2.094395102   74.760708309   -0.938378799  -11.415104619
    2.268928028    2.094395102   72.731686876  -22.423508647  -12.676561570
    2.443460953    2.094395102   67.006316584  -42.688038079  -14.508750068
    2.617993878    2.094395102   58.097517026  -58.424399591  -16.530408038
    2.792526803    2.094395102   47.039429844  -66.949857339  -18.239728210
    2.967059728    2.094395102   35.247543581  -66.683585728  -19.195982703

   -3.141592654    2.443460953   17.837574773  -57.398599009  -13.141419826
   -2.967059728    2.443460953    9.261518881  -40.164203148  -11.983616854
   -2.792526803    2.443460953    3.939757600  -20.962318140  -10.258679620
   -2.617993878    2.443460953    1.776535324   -4.708049444   -8.169422102
   -2.443460953    2.443460953    1.908031423    4.934731612   -5.846430892
   -2.268928028    2.443460953    3.057457206    7.061074327   -3.284762493
   -2.094395102    2.443460953    4.041044671    3.540826033   -0.356817882
   -1.919862177    2.443460953    4.179790039   -1.947263560    3.075884014
   -1.745329252    2.443460953    3.486219036   -5.381540729    7.000932626
   -1.570796327    2.443460953    2.604947052   -3.745980542   11.151098963
   -1.396263402    2.443460953    2.552328557    4.107963243   15.050282189
   -1.221730476    2.443460953    4.353464072   17.097246787   18.198926338
   -1.047197551    2.443460953    8.666498849   32.293176717   20.287343970
   -0.872664626    2.443460953   15.548215554   45.898223892   21.291476462
   -0.698131701    2.443460953   24.421818400   54.666839097   21.396797977
   -0.523598776    2.443460953   34.258193978   56.782082292   20.828275687
   -0.349065850    2.443460953   43.853501666   51.981096384   19.696968666
   -0.174532925    2.443460953   52.060465503   41.049985388   17.962630474
    0.000000000    2.443460953   57.931704880   25.544839696   15.472572398
    0.174532925    2.443460953   60.853578115    7.691322021   12.047364982
    0.349065850    2.443460953   60.681866267   -9.309397014    7.595893680
    0.523598776    2.443460953   57.899554976  -21.530160356    2.247388073
    0.698131701    2.443460953   53.669881236  -25.442300651   -3.549691774
    0.872664626    2.443460953   49.625565845  -19.372671393   -9.039188186
    1.047197551    2.443460953   47.422896057   -4.861721677  -13.358387045
    1.221730476    2.443460953   48.162231734   13.367360739  -15.868385892
    1.396263402    2.443460953   51.946730291   29.020529150  -16.429712947
    1.570796327    2.443460953   57.819728088   36.554765053  -15.464713513
    1.745329252    2.443460953   64.074383022   33.247347762  -13.757329595
    1.919862177    2.443460953   68.825487810   19.675455336  -12.129785189
    2.094395102    2.443460953   70.532399170   -0.951751504  -11.157263383
    2.268928028    2.443460953   68.341182653  -24.222771269  -11.038743832
    2.443460953    2.443460953   62.180110298  -45.750018303  -11.624690661
    2.617993878    2.443460953   52.690702616  -61.840524919  -12.536160089
    2.792526803    2.443460953   41.076100300  -69.759349433  -13.315999909
    2.967059728    2.443460953   28.904898322  -68.130199643  -13.586163202

   -3.141592654    2.792526803   15.004809842  -56.309214121    0.122035587
   -2.967059728    2.792526803    6.682223093  -38.378523116    1.700492939
   -2.792526803    2.792526803    1.723425111  -18.619123950    3.281274564
   -2.617993878    2.792526803    0.012208595   -1.874567643    4.808408647
   -2.443460953    2.792526803    0.686934154    8.353538585    6.351710301
   -2.268928028    2.792526803    2.503203871   11.333609260    8.102083741
   -2.094395102    2.792526803    4.332133984    9.001703661   10.306995596
   -1.919862177    2.792526803    5.542960179    4.877464489   13.153295317
   -1.745329252    2.792526803    6.147255635    2.584509477   16.631146254
   -1.570796327    2.792526803    6.707993657    4.653627479   20.449536796
   -1.396263402    2.792526803    8.085677708   11.912791599   24.079940520
   -1.221730476    2.792526803   11.122841969   23.309238415   26.919108208
   -1.047197551    2.792526803   16.330909444   36.269894015   28.500308606
   -0.872664626    2.792526803   23.694737146   47.447355465   28.624543776
   -0.698131701    2.792526803   32.633157401   53.892810288   27.354266819
   -0.523598776    2.792526803   42.142540647   53.823789086   24.902449231
   -0.349065850    2.792526803   51.035031037   46.880862369   21.497964626
   -0.174532925    2.792526803   58.161691258   33.763907278   17.320871911
    0.000000000    2.792526803   62.570024508   16.081137885   12.495532545
    0.174532925    2.792526803   63.665928212   -3.701842380    7.125697596
    0.349065850    2.792526803   61.381110588  -21.977126092    1.374485536
    0.523598776    2.792526803   56.356117763  -34.323702910   -4.447205233
    0.698131701    2.792526803   49.993832501  -36.793945975   -9.831491809
    0.872664626    2.792526803   44.213158277  -27.656716206  -14.130414151
    1.047197551    2.792526803   40.919823217   -8.949927157  -16.758791509
    1.221730476    2.792526803   41.330443425   13.630091008  -17.449510332
    1.396263402    2.792526803   45.478852015   32.705116791  -16.391725993
    1.570796327    2.792526803   52.175948139   42.024857172  -14.166824089
    1.745329252    2.792526803   59.412470713   38.775464856  -11.500934321
    1.919862177    2.792526803   65.036261386   24.003271445   -9.006204381
    2.094395102    2.792526803   67.348455934    1.633485946   -7.015860036
    2.268928028    2.792526803   65.460640568  -23.265867549   -5.573547210
    2.443460953    2.792526803   59.362259682  -45.878249747   -4.516501471
    2.617993878    2.792526803   49.806668001  -62.353803468   -3.595658183
    2.792526803    2.792526803   38.115380291  -70.044819354   -2.578019991
    2.967059728    2.792526803   25.946091572  -67.794956047   -1.337746795
