#! FIELDS phi psi file.free der_phi der_psi
#! SET min_phi -pi
#! SET max_phi pi
#! SET nbins_phi  36
#! SET periodic_phi true
#! SET min_psi -pi
#! SET max_psi pi
#! SET nbins_psi  18
#! SET periodic_psi true
   -3.141592654   -3.141592654   17.307034100  -52.715416417   18.095302849
   -2.967059728   -3.141592654    9.573746912  -35.369154656   20.209642487
   -2.792526803   -3.141592654    5.047683554  -16.734479351   21.475832899
   -2.617993878   -3.141592654    3.571881967   -0.996820951   22.008019519
   -2.443460953   -3.141592654    4.366587770    9.002946859   22.139264654
   -2.268928028   -3.141592654    6.356189964   12.838309063   22.335126781
   -2.094395102   -3.141592654    8.592399462   12.261484761   23.056625691
   -1.919862177   -3.141592654   10.556288438   10.240155937   24.615320820
   -1.745329252   -3.141592654   12.260955271    9.703678988   27.057126507
   -1.570796327   -3.141592654   14.156561783   12.637484885   30.099266540
   -1.396263402   -3.141592654   16.921310412   19.612374984   33.172405457
   -1.221730476   -3.141592654   21.200559355   29.684304145   35.559970364
   -1.047197551   -3.141592654   27.352561519   40.623534922   36.599628830
   -0.872664626   -3.141592654   35.274876080   49.460585363   35.847784988
   -0.698131701   -3.141592654   44.351313763   53.440629855   33.155103817
   -0.523598776   -3.141592654   53.555920460   50.732943953   28.644988601
   -0.349065850   -3.141592654   61.657419686   40.834377242   22.640399368
   -0.174532925   -3.141592654   67.447833947   24.453764865   15.614009567
    0.000000000   -3.141592654   69.946505383    3.552186808    8.143868412
    0.174532925   -3.141592654   68.623668800  -18.709648039    0.851930244
    0.349065850   -3.141592654   63.609454032  -37.942815777   -5.649390679
    0.523598776   -3.141592654   55.860196719  -49.227651138  -10.823909054
    0.698131701   -3.141592654   47.136845232  -48.652834071  -14.276986739
    0.872664626   -3.141592654   39.657219815  -35.110056163  -15.820095328
    1.047197551   -3.141592654   35.484005929  -11.597047173  -15.545149757
    1.221730476   -3.141592654   35.819782782   15.270844012  -13.841969803
    1.396263402   -3.141592654   40.547948080   37.480110861  -11.288578951
    1.570796327   -3.141592654   48.249979254   48.525432856   -8.456184775
    1.745329252   -3.141592654   56.669777544   45.612690300   -5.706383503
    1.919862177   -3.141592654   63.430712540   30.040777397   -3.122676934
    2.094395102   -3.141592654   66.672978032    6.189206197   -0.571774754
    2.268928028   -3.141592654   65.442943195  -20.245076280    2.146063877
    2.443460953   -3.141592654   59.777206618  -43.820928813    5.164191445
    2.617993878   -3.141592654   50.562922652  -60.370113831    8.475922693
    2.792526803   -3.141592654   39.268499327  -67.427632140   11.928610131
    2.967059728   -3.141592654   27.627419605  -64.426762876   15.244406618

   -3.141592654   -2.792526803   25.165606996  -48.445002792   26.450400082
   -2.967059728   -2.792526803   18.001834741  -33.131029497   28.262567990
   -2.792526803   -2.792526803   13.697086431  -16.373618017   28.993190054
   -2.617993878   -2.792526803   12.160813080   -1.923344579   28.927160351
   -2.443460953   -2.792526803   12.746301282    7.693175217   28.536596562
   -2.268928028   -2.792526803   14.546621763   12.136459660   28.351940981
   -2.094395102   -2.792526803   16.777118034   13.011964470   28.804256761
   -1.919862177   -2.792526803   19.036986599   12.924372756   30.092983957
   -1.745329252   -2.792526803   21.377440296   14.242314196   32.113139990
   -1.570796327   -2.792526803   24.177312609   18.287898052   34.442224293
   -1.396263402   -2.792526803   27.930260070   25.029361697   36.419972104
   -1.221730476   -2.792526803   33.012664241   33.204197963   37.301352802
   -1.047197551   -2.792526803   39.497043777   40.703232117   36.465500340
   -0.872664626   -2.792526803   47.054944278   45.112273308   33.585216567
   -0.698131701   -2.792526803   54.964778414   44.470985303   28.705247377
   -0.523598776   -2.792526803   62.238964801   37.751938642   22.204820801
   -0.349065850   -2.792526803   67.813314906   25.118830535   14.684331085
   -0.174532925   -2.792526803   70.744113538    7.718825337    6.853305335
    0.000000000   -2.792526803   70.368138708  -12.344156227   -0.561355302
    0.174532925   -2.792526803   66.470215750  -32.060360294   -6.910574261
    0.349065850   -2.792526803   59.443207394  -47.486616458  -11.686923511
    0.523598776   -2.792526803   50.410597682  -54.336625906  -14.593278419
    0.698131701   -2.792526803   41.181894141  -49.392313560  -15.586385185
    0.872664626   -2.792526803   33.904730444  -32.202063278  -14.880042326
    1.047197551   -2.792526803   30.470148038   -6.254074267  -12.918876391
    1.221730476   -2.792526803   31.848756064   21.670388933  -10.276348321
    1.396263402   -2.792526803   37.698725243   43.794450525   -7.477294630
    1.570796327   -2.792526803   46.449053418   54.196955313   -4.826826384
    1.745329252   -2.792526803   55.804444886   50.727002503   -2.323160490
    1.919862177   -2.792526803   63.445715119   35.119152719    0.269746177
    2.094395102   -2.792526803   67.614922370   11.808516810    3.254121447
    2.268928028   -2.792526803   67.439278479  -13.771484128    6.818419249
    2.443460953   -2.792526803   62.975469908  -36.583757746   10.935501496
    2.617993878   -2.792526803   55.060481975  -52.825285041   15.360690610
    2.792526803   -2.792526803   45.060876098  -60.274586855   19.705463352
    2.967059728   -2.792526803   34.580745038  -58.413016542   23.528897223

   -3.141592654   -2.443460953   34.181912730  -44.222785982   24.218573948
   -2.967059728   -2.443460953   27.576613394  -30.938425580   25.649982964
   -2.792526803   -2.443460953   23.499550452  -15.865664045   26.213055059
   -2.617993878   -2.443460953   21.954584016   -2.392054753   26.164997315
   -2.443460953   -2.443460953   22.438660677    7.149588764   25.855376303
   -2.268928028   -2.443460953   24.199394505   12.343140490   25.642594031
   -2.094395102   -2.443460953   26.570710038   14.462929345   25.791294356
   -1.919862177   -2.443460953   29.195680383   15.613039798   26.379689225
   -1.745329252   -2.443460953   32.074352558   17.582478179   27.253501656
   -1.570796327   -2.443460953   35.436894261   21.188153725   28.025952264
   -1.396263402   -2.443460953   39.557128246   26.109268508   28.160636823
   -1.221730476   -2.443460953   44.569923564   31.151008696   27.108246348
   -1.047197551   -2.443460953   50.354619807   34.667214578   24.483848045
   -0.872664626   -2.443460953   56.498221224   35.004734353   20.194525663
   -0.698131701   -2.443460953   62.334452358   31.008177958   14.480188203
   -0.523598776   -2.443460953   67.059852027   22.279034264    7.850283949
   -0.349065850   -2.443460953   69.877956204    9.301945482    0.958384465
   -0.174532925   -2.443460953   70.140456686   -6.763926535   -5.520557874
    0.000000000   -2.443460953   67.457152294  -24.098512342  -10.984382588
    0.174532925   -2.443460953   61.816572254  -40.158383426  -14.997261967
    0.349065850   -2.443460953   53.723829141  -51.579890774  -17.335154406
    0.523598776   -2.443460953   44.313393694  -54.643809079  -18.014029593
    0.698131701   -2.443460953   35.313885247  -46.590717508  -17.267842271
    0.872664626   -2.443460953   28.724533452  -27.288889810  -15.480583664
    1.047197551   -2.443460953   26.249185018   -0.345158530  -13.107833211
    1.221730476   -2.443460953   28.672306794   27.605543896  -10.569626455
    1.396263402   -2.443460953   35.515302023   49.193072932   -8.131907619
    1.570796327   -2.443460953   45.156454166   59.052877007   -5.834416122
    1.745329252   -2.443460953   55.343312097   55.498948888   -3.500234539
    1.919862177   -2.443460953   63.857664926   40.448604246   -0.854175729
    2.094395102   -2.443460953   69.044079629   18.179135397    2.326970671
    2.268928028   -2.443460953   70.081540730   -6.277780458    6.090942236
    2.443460953   -2.443460953   67.001805196  -28.323229508   10.273707444
    2.617993878   -2.443460953   60.548134081  -44.478076276   14.545688583
    2.792526803   -2.443460953   51.954497070  -52.657743008   18.513241386
    2.967059728   -2.443460953   42.686953880  -52.260337718   21.818155087

   -3.141592654   -2.094395102   40.815355121  -40.917816102   14.437791026
   -2.967059728   -2.094395102   34.665991853  -28.996235924   15.320780553
   -2.792526803   -2.094395102   30.826874936  -15.027218509   15.789847439
   -2.617993878   -2.094395102   29.359805707   -2.267527242   15.979575839
   -2.443460953   -2.094395102   29.836858328    7.017060645   16.004202892
   -2.268928028   -2.094395102   31.581275133   12.340364491   15.951827847
   -2.094395102   -2.094395102   33.977334911   14.750635206   15.864971607
   -1.919862177   -2.094395102   36.667117511   16.010187647   15.703319724
   -1.745329252   -2.094395102   39.586091038   17.529887813   15.319116795
   -1.570796327   -2.094395102   42.840577414   19.859864754   14.456729718
   -1.396263402   -2.094395102   46.552729914   22.634782745   12.817957162
   -1.221730476   -2.094395102   50.722762353   24.914500894   10.162300416
   -1.047197551   -2.094395102   55.165106869   25.565813799    6.428148329
   -0.872664626   -2.094395102   59.504788087   23.581174892    1.797652748
   -0.698131701   -2.094395102   63.220312960   18.354495249   -3.320899790
   -0.523598776   -2.094395102   65.729864240    9.791680514   -8.390945263
   -0.349065850   -2.094395102   66.484014645   -1.640758071  -12.880106805
   -0.174532925   -2.094395102   65.053202692  -15.068544870  -16.374102721
    0.000000000   -2.094395102   61.197774470  -29.168809564  -18.639706934
    0.174532925   -2.094395102   54.960362452  -41.959992441  -19.663741933
    0.349065850   -2.094395102   46.805905363  -50.588811837  -19.623668883
    0.523598776   -2.094395102   37.754923542  -51.657966626  -18.824593677
    0.698131701   -2.094395102   29.385873558  -42.484217012  -17.597312694
    0.872664626   -2.094395102   23.552843904  -22.830102001  -16.196458712
    1.047197551   -2.094395102   21.845387875    3.935474419  -14.754689761
    1.221730476   -2.094395102   24.981862423   31.493053952  -13.283683204
    1.396263402   -2.094395102   32.475623417   52.805195593  -11.695953984
    1.570796327   -2.094395102   42.750694485   62.780858945   -9.852721485
    1.745329252   -2.094395102   53.634754135   59.829480076   -7.615253633
    1.919862177   -2.094395102   62.986658269   45.744513137   -4.910047840
    2.094395102   -2.094395102   69.190113079   24.508354449   -1.772070722
    2.268928028   -2.094395102   71.405812730    0.812438209    1.641399300
    2.443460953   -2.094395102   69.594026701  -20.995062617    5.079727938
    2.617993878   -2.094395102   64.395835107  -37.526043903    8.261378669
    2.792526803   -2.094395102   56.942303315  -46.632528701   10.949742394
    2.967059728   -2.094395102   48.618800349  -47.530410746   13.013117931

   -3.141592654   -1.745329252   42.931009689  -39.606822757    5.289023924
   -2.967059728   -1.745329252   36.980288818  -27.998835218    5.760243525
   -2.792526803   -1.745329252   33.300822171  -14.188741422    6.159503888
   -2.617993878   -1.745329252   31.965492359   -1.616415357    6.461182081
   -2.443460953   -1.745329252   32.529992973    7.337104729    6.543304915
   -2.268928028   -1.745329252   34.287162952   12.133626617    6.245913000
   -2.094395102   -1.745329252   36.584160036   13.778352054    5.422925020
   -1.919862177   -1.745329252   39.015561423   13.964944538    3.968344881
   -1.745329252   -1.745329252   41.456323320   14.028753071    1.832194808
   -1.570796327   -1.745329252   43.945494756   14.547536579   -0.967502957
   -1.396263402   -1.745329252   46.558928763   15.364598075   -4.321554217
   -1.221730476   -1.745329252   49.304537098   15.953835860   -8.028221972
   -1.047197551   -1.745329252   52.087485768   15.681236473  -11.807634171
   -0.872664626   -1.745329252   54.705306361   13.949697040  -15.339371965
   -0.698131701   -1.745329252   56.856548661   10.270534893  -18.304580469
   -0.523598776   -1.745329252   58.170537293    4.322922646  -20.427296147
   -0.349065850   -1.745329252   58.242722338   -3.939881351  -21.517453551
   -0.174532925   -1.745329252   56.686345112  -14.263460732  -21.522932003
    0.000000000   -1.745329252   53.198050545  -25.916899881  -20.574249010
    0.174532925   -1.745329252   47.665802415  -37.325217969  -19.004492324
    0.349065850   -1.745329252   40.352619929  -45.772986132  -17.278644127
    0.523598776   -1.745329252   32.082226535  -47.661492690  -15.851404812
    0.698131701   -1.745329252   24.297602026  -39.817969837  -14.995957444
    0.872664626   -1.745329252   18.814859517  -21.422929246  -14.695327917
    1.047197551   -1.745329252   17.280549628    4.623547251  -14.669684769
    1.221730476   -1.745329252   20.529807671   32.215923985  -14.515476549
    1.396263402   -1.745329252   28.205084107   54.248493798  -13.864603470
    1.570796327   -1.745329252   38.829003843   65.366130539  -12.511014894
    1.745329252   -1.745329252   50.273185719   63.635867810  -10.448430017
    1.919862177   -1.745329252   60.381426890   50.532374534   -7.847953326
    2.094395102   -1.745329252   67.474737740   29.818652953   -4.989288798
    2.268928028   -1.745329252   70.623486288    6.093555388   -2.183401154
    2.443460953   -1.745329252   69.693166251  -16.256935591    0.299115659
    2.617993878   -1.745329252   65.246830998  -33.691709001    2.281551457
    2.792526803   -1.745329252   58.372926321  -43.826286905    3.711253051
    2.967059728   -1.745329252   50.458726697  -45.625571021    4.663475845

   -3.141592654   -1.396263402   42.075823766  -39.498317701    1.126589229
   -2.967059728   -1.396263402   36.162077240  -27.675150507    1.058333840
   -2.792526803   -1.396263402   32.556157254  -13.716590404    1.035766895
   -2.617993878   -1.396263402   31.290741179   -1.373092599    0.985775245
   -2.443460953   -1.396263402   31.839071501    6.813671405    0.710271531
   -2.268928028   -1.396263402   33.398879856   10.319289504   -0.052816409
   -2.094395102   -1.396263402   35.237362509   10.293353103   -1.562536000
   -1.919862177   -1.396263402   36.901747414    8.657605755   -3.998696704
   -1.745329252   -1.396263402   38.264770681    7.034225988   -7.382719535
   -1.570796327   -1.396263402   39.418229839    6.346669875  -11.514788687
   -1.396263402   -1.396263402   40.552365330    6.774866254  -15.970675230
   -1.221730476   -1.396263402   41.840052868    8.018440636  -20.188941310
   -1.047197551   -1.396263402   43.372456067    9.445657299  -23.615498975
   -0.872664626   -1.396263402   45.112949324   10.237803995  -25.832886887
   -0.698131701   -1.396263402   46.870993775    9.513074329  -26.623893918
   -0.523598776   -1.396263402   48.313776757    6.522357431  -25.969032952
   -0.349065850   -1.396263402   49.000291423    0.803804553  -24.026662709
   -0.174532925   -1.396263402   48.438739459   -7.763664791  -21.125381632
    0.000000000   -1.396263402   46.158922225  -18.778258024  -17.755695624
    0.174532925   -1.396263402   41.833714381  -30.854114611  -14.517733946
    0.349065850   -1.396263402   35.500901757  -41.184610843  -11.985698511
    0.523598776   -1.396263402   27.808546155  -45.693457639  -10.531367643
    0.698131701   -1.396263402   20.136872041  -40.418041831  -10.185910783
    0.872664626   -1.396263402   14.384108236  -23.724170010  -10.626411211
    1.047197551   -1.396263402   12.398826046    1.986521596  -11.309890875
    1.221730476   -1.396263402   15.261553532   30.610849898  -11.687939052
    1.396263402   -1.396263402   22.817750703   54.570393294  -11.384433019
    1.570796327   -1.396263402   33.686167995   67.808907221  -10.281860767
    1.745329252   -1.396263402   45.713306239   67.745682640   -8.500257664
    1.919862177   -1.396263402   56.625067504   55.464935202   -6.315661626
    2.094395102   -1.396263402   64.584544109   34.661189400   -4.061783456
    2.268928028   -1.396263402   68.516334974   10.124542180   -2.044179959
    2.443460953   -1.396263402   68.187540166  -13.427639007   -0.478522839
    2.617993878   -1.396263402   64.125182543  -32.096581513    0.542154313
    2.792526803   -1.396263402   57.440426287  -43.187819278    1.048508236
    2.967059728   -1.396263402   49.588061673  -45.488541718    1.181408150

   -3.141592654   -1.047197551   39.333331133  -41.377900673    2.689052052
   -2.967059728   -1.047197551   33.140243902  -28.965187430    1.566785921
   -2.792526803   -1.047197551   29.367686877  -14.361529366    0.369658197
   -2.617993878   -1.047197551   28.025668419   -1.690762963   -0.865964665
   -2.443460953   -1.047197551   28.504360700    6.214699367   -2.227997382
   -2.268928028   -1.047197551   29.880969404    8.695993110   -3.916360665
   -2.094395102   -1.047197551   31.296608833    6.982262227   -6.194153674
   -1.919862177   -1.047197551   32.207308174    3.312833146   -9.274570338
   -1.745329252   -1.047197551   32.470118044   -0.144301463  -13.172555239
   -1.570796327   -1.047197551   32.268443543   -1.811174114  -17.584631001
   -1.396263402   -1.047197551   31.990971501   -0.987168681  -21.902911164
   -1.221730476   -1.047197551   32.070760001    2.176121580  -25.380203011
   -1.047197551   -1.047197551   32.842919597    6.726336517  -27.382066943
   -0.872664626   -1.047197551   34.427689530   11.199425304  -27.575068560
   -0.698131701   -1.047197551   36.668254774   13.994538841  -25.980914063
   -0.523598776   -1.047197551   39.150184641   13.782584319  -22.910851091
   -0.349065850   -1.047197551   41.264874924    9.694660652  -18.861212267
   -0.174532925   -1.047197551   42.297056820    1.362215081  -14.427284708
    0.000000000   -1.047197551   41.523414005  -10.885988611  -10.229936068
    0.174532925   -1.047197551   38.372317598  -25.472604190   -6.808859462
    0.349065850   -1.047197551   32.700785391  -39.048948257   -4.497735696
    0.523598776   -1.047197551   25.098657364  -46.710058332   -3.331842091
    0.698131701   -1.047197551   17.040052690  -43.627203689   -3.056658613
    0.872664626   -1.047197551   10.645537171  -27.610702702   -3.248950236
    1.047197551   -1.047197551    8.038364808   -1.040530946   -3.485914197
    1.221730476   -1.047197551   10.530931214   29.501469425   -3.471793939
    1.396263402   -1.047197551   18.089965091   55.690636024   -3.068781003
    1.570796327   -1.047197551   29.324881139   70.766914233   -2.264314279
    1.745329252   -1.047197551   41.970116731   71.703806509   -1.126401367
    1.919862177   -1.047197551   53.589371733   59.452630235    0.224342547
    2.094395102   -1.047197551   62.185557684   37.851926615    1.622667962
    2.268928028   -1.047197551   66.564329867   12.000829362    2.876284975
    2.443460953   -1.047197551   66.433914647  -13.020590267    3.799290122
    2.617993878   -1.047197551   62.324522920  -32.992294261    4.253534910
    2.792526803   -1.047197551   55.399248954  -44.963834365    4.177314539
    2.967059728   -1.047197551   47.200701259  -47.595413382    3.614818230

   -3.141592654   -0.698131701   38.869250061  -45.290082576    2.790465878
   -2.967059728   -0.698131701   31.981444186  -32.948538082    0.610050813
   -2.792526803   -0.698131701   27.531117973  -18.112527436   -1.667346110
   -2.617993878   -0.698131701   25.559586514   -5.174120313   -3.902063797
   -2.443460953   -0.698131701   25.435526182    2.722264923   -6.089627100
   -2.268928028   -0.698131701   26.164210032    4.667213395   -8.375936580
   -2.094395102   -0.698131701   26.787924185    1.861092611  -11.002030877
   -1.919862177   -0.698131701   26.687916269   -3.141922346  -14.155125927
   -1.745329252   -0.698131701   25.731901842   -7.523422217  -17.785779681
   -1.570796327   -0.698131701   24.239731615   -8.979760558  -21.483345456
   -1.396263402   -0.698131701   22.841715009   -6.388148154  -24.540150864
   -1.221730476   -0.698131701   22.239209938   -0.052574409  -26.191071847
   -1.047197551   -0.698131701   22.958145340    8.390349556  -25.930504693
   -0.872664626   -0.698131701   25.166678094   16.580902236  -23.706037956
   -0.698131701   -0.698131701   28.608221220   22.170963422  -19.912706935
   -0.523598776   -0.698131701   32.665930184   23.418372697  -15.226044511
   -0.349065850   -0.698131701   36.484030478   19.339371779  -10.388378804
   -0.174532925   -0.698131701   39.101677430    9.677109912   -6.043116607
    0.000000000   -0.698131701   39.586422290   -4.912646960   -2.626695770
    0.174532925   -0.698131701   37.234327188  -22.312813505   -0.279990598
    0.349065850   -0.698131701   31.880523670  -38.474329579    1.164097563
    0.523598776   -0.698131701   24.214318616  -47.843214570    2.096415552
    0.698131701   -0.698131701   15.897674506  -45.262662138    2.939962933
    0.872664626   -0.698131701    9.256497778  -28.671096551    3.941068783
    1.047197551   -0.698131701    6.563378572   -0.926466576    5.076042008
    1.221730476   -0.698131701    9.186571402   30.844841665    6.134335321
    1.396263402   -0.698131701   17.066553488   57.948538081    6.902835714
    1.570796327   -0.698131701   28.744088930   73.501938266    7.314817561
    1.745329252   -0.698131701   41.878810925   74.514515267    7.463571736
    1.919862177   -0.698131701   53.969963558   61.997573391    7.508484719
    2.094395102   -0.698131701   62.964220446   39.817757158    7.552570519
    2.268928028   -0.698131701   67.613636341   13.093439290    7.577352241
    2.443460953   -0.698131701   67.578451647  -13.048015956    7.457642297
    2.617993878   -0.698131701   63.355648436  -34.277131144    7.020606141
    2.792526803   -0.698131701   56.099719510  -47.442603979    6.112951587
    2.967059728   -0.698131701   47.382558508  -51.003063991    4.680933265

   -3.141592654   -0.349065850   39.529178078  -50.670381771    3.161878353
   -2.967059728   -0.349065850   31.661685387  -38.698488808    0.214322175
   -2.792526803   -0.349065850   26.212505542  -23.731978158   -2.802882645
   -2.617993878   -0.349065850   23.293987782  -10.385562560   -5.683819759
   -2.443460953   -0.349065850   22.293111960   -2.151179198   -8.359587259
   -2.268928028   -0.349065850   22.174441603   -0.243477275  -10.924486610
   -2.094395102   -0.349065850   21.905517067   -3.507505825  -13.562900453
   -1.919862177   -0.349065850   20.818166336   -9.052225128  -16.378341604
   -1.745329252   -0.349065850   18.820232435  -13.390113557  -19.211984782
   -1.570796327   -0.349065850   16.394612712  -13.561651398  -21.565876152
   -1.396263402   -0.349065850   14.416702942   -8.214177329  -22.745173743
   -1.221730476   -0.349065850   13.817313475    1.914498236  -22.154603896
   -1.047197551   -0.349065850   15.225013713   14.240130850  -19.614341262
   -0.872664626   -0.349065850   18.731451797   25.374026688  -15.478012697
   -0.698131701   -0.349065850   23.850508569   32.294883936  -10.508627531
   -0.523598776   -0.349065850   29.663274835   33.121032486   -5.596425585
   -0.349065850   -0.349065850   35.028859376   27.168048519   -1.466940773
   -0.174532925   -0.349065850   38.781877611   14.766201360    1.494741907
    0.000000000   -0.349065850   39.903237402   -2.655732951    3.303381019
    0.174532925   -0.349065850   37.743994872  -22.181661448    4.353008386
    0.349065850   -0.349065850   32.321513826  -39.149057635    5.265612283
    0.523598776   -0.349065850   24.575833862  -47.872803757    6.643857427
    0.698131701   -0.349065850   16.387392760  -43.691888832    8.786022952
    0.872664626   -0.349065850   10.171648950  -25.456268252   11.512254980
    1.047197551   -0.349065850    8.129914231    3.133880328   14.241767951
    1.221730476   -0.349065850   11.453724443   34.628816317   16.297574974
    1.396263402   -0.349065850   19.905597484   60.625159096   17.243384937
    1.570796327   -0.349065850   31.933241316   74.850728941   17.059496747
    1.745329252   -0.349065850   45.206932278   74.836472752   16.070137673
    1.919862177   -0.349065850   57.299018591   61.764626733   14.723058046
    2.094395102   -0.349065850   66.228434744   39.336241399   13.367659116
    2.268928028   -0.349065850   70.773836912   12.360057076   12.138438942
    2.443460953   -0.349065850   70.569380088  -14.308641993   10.964724485
    2.617993878   -0.349065850   66.053084732  -36.449309608    9.649763355
    2.792526803   -0.349065850   58.318466215  -50.784794922    7.971780915
    2.967059728   -0.349065850   48.912995449  -55.514502256    5.801919958

   -3.141592654    0.000000000   40.781173913  -56.252132410    2.484305544
   -2.967059728    0.000000000   31.903931189  -44.602266730   -0.388947896
   -2.792526803    0.000000000   25.428223895  -29.516479645   -3.198556035
   -2.617993878    0.000000000   21.532625935  -15.768942512   -5.778068531
   -2.443460953    0.000000000   19.627922658   -7.146688031   -8.092168479
   -2.268928028    0.000000000   18.653607961   -5.097728924  -10.243561766
   -2.094395102    0.000000000   17.532576225   -8.424404279  -12.377028903
   -1.919862177    0.000000000   15.591437106  -13.833937064  -14.508147805
   -1.745329252    0.000000000   12.826174382  -17.206787556  -16.381132989
   -1.570796327    0.000000000    9.911253794  -15.118368864  -17.462335793
   -1.396263402    0.000000000    7.949893815   -6.304284448  -17.146145258
   -1.221730476    0.000000000    8.025426343    7.716478514  -15.067239001
   -1.047197551    0.000000000   10.739990059   23.191153986  -11.364165101
   -0.872664626    0.000000000   15.960755750   35.719863388   -6.698189060
   -0.698131701    0.000000000   22.853305240   41.919759985   -2.017542210
   -0.523598776    0.000000000   30.153195590   40.311116541    1.803448209
   -0.349065850    0.000000000   36.494756964   31.113862741    4.276518407
   -0.174532925    0.000000000   40.665347853   15.723621526    5.417194076
    0.000000000    0.000000000   41.775136652   -3.485420039    5.696839799
    0.174532925    0.000000000   39.441268116  -23.041919165    5.886924438
    0.349065850    0.000000000   33.996834726  -38.295083170    6.791800130
    0.523598776    0.000000000   26.635449058  -44.251034082    8.947556995
    0.698131701    0.000000000   19.320306467  -37.459351618   12.364686463
    0.872664626    0.000000000   14.329097499  -17.973729855   16.457068096
    1.047197551    0.000000000   13.560390668    9.907747507   20.260223371
    1.221730476    0.000000000   17.877798443   39.034172880   22.851969712
    1.396263402    0.000000000   26.833069398   61.971886331   23.730961713
    1.570796327    0.000000000   38.848981491   73.505927086   22.963342885
    1.745329252    0.000000000   51.724380664   71.812295220   21.040773988
    1.919862177    0.000000000   63.221513373   58.134077212   18.591859829
    2.094395102    0.000000000   71.519363096   35.807143060   16.118651498
    2.268928028    0.000000000   75.476588687    9.147201704   13.863278382
    2.443460953    0.000000000   74.726328138  -17.404564924   11.819606067
    2.617993878    0.000000000   69.651094021  -39.841585264    9.823038976
    2.792526803    0.000000000   61.270728272  -54.841967314    7.664756142
    2.967059728    0.000000000   51.083566712  -60.396450581    5.214392757

   -3.141592654    0.349065850   42.008287247  -61.249364309    1.368372210
   -2.967059728    0.349065850   32.244229101  -49.694705141   -0.485875693
   -2.792526803    0.349065850   24.897401080  -34.337671640   -2.135017698
   -2.617993878    0.349065850   20.203841131  -20.060560912   -3.560818733
   -2.443460953    0.349065850   17.598859231  -10.891759461   -4.822815754
   -2.268928028    0.349065850   16.006136294   -8.469558099   -6.041095546
   -2.094395102    0.349065850   14.318179090  -11.544013705   -7.313470337
   -1.919862177    0.349065850   11.867188389  -16.474575985   -8.597146572
   -1.745329252    0.349065850    8.731145731  -18.655858280   -9.636349059
   -1.570796327    0.349065850    5.737479113  -14.411071883  -10.004278598
   -1.396263402    0.349065850    4.142164975   -2.751345846   -9.295849944
   -1.221730476    0.349065850    5.083993898   13.983741356   -7.364186211
   -1.047197551    0.349065850    9.054279695   31.054045206   -4.474602387
   -0.872664626    0.349065850   15.659620454   43.407328534   -1.242386012
   -0.698131701    0.349065850   23.751138718   47.718781264    1.619832053
   -0.523598776    0.349065850   31.819933863   43.239885931    3.610413783
   -0.349065850    0.349065850   38.419446228   31.237721586    4.649388939
   -0.174532925    0.349065850   42.438815888   14.102765772    5.079473926
    0.000000000    0.349065850   43.236401152   -5.123695263    5.524617259
    0.174532925    0.349065850   40.752608055  -22.830919339    6.676479010
    0.349065850    0.349065850   35.615306037  -34.834773932    9.043246650
    0.523598776    0.349065850   29.176834834  -37.200748352   12.736117424
    0.698131701    0.349065850   23.341266102  -27.848029125   17.354120883
    0.872664626    0.349065850   20.102117927   -7.926898073   22.045657973
    1.047197551    0.349065850   20.947062885   17.984939967   25.796307854
    1.221730476    0.349065850   26.367553299   43.412282184   27.817235960
    1.396263402    0.349065850   35.720853888   62.197745818   27.816475807
    1.570796327    0.349065850   47.461891175   70.335652293   26.040571861
    1.745329252    0.349065850   59.588538674   66.658147721   23.081045300
    1.919862177    0.349065850   70.116830301   52.392254988   19.603934050
    2.094395102    0.349065850   77.433206548   30.405518043   16.135587560
    2.268928028    0.349065850   80.506390486    4.428804664   12.969861236
    2.443460953    0.349065850   78.985019116  -21.572289746   10.187850406
    2.617993878    0.349065850   73.203942670  -43.839982538    7.730907220
    2.792526803    0.349065850   64.112137911  -59.047776472    5.486060693
    2.967059728    0.349065850   53.153713824  -65.014819324    3.369805675

   -3.141592654    0.698131701   43.461730583  -63.999900176   -0.273628226
   -2.967059728    0.698131701   33.215530611  -52.445248080   -0.784243657
   -2.792526803    0.698131701   25.394084450  -36.998146351   -0.992274587
   -2.617993878    0.698131701   20.249944694  -22.546628011   -1.032664538
   -2.443460953    0.698131701   17.227032609  -13.191879673   -1.051867230
   -2.268928028    0.698131701   15.246383036  -10.614371966   -1.179824839
   -2.094395102    0.698131701   13.199262490  -13.492084813   -1.486658151
   -1.919862177    0.698131701   10.440865829  -17.985783482   -1.938860471
   -1.745329252    0.698131701    7.110753146  -19.276595745   -2.393388545
   -1.570796327    0.698131701    4.121701040  -13.671088854   -2.641692781
   -1.396263402    0.698131701    2.789938487   -0.482431462   -2.514943574
   -1.221730476    0.698131701    4.237542048   17.396843754   -1.980762494
   -1.047197551    0.698131701    8.840829087   34.716807265   -1.174364488
   -0.872664626    0.698131701   16.029519802   46.267486193   -0.324108312
   -0.698131701    0.698131701   24.495455484   49.080672417    0.395395560
   -0.523598776    0.698131701   32.667462517   43.134193978    0.993553944
   -0.349065850    0.698131701   39.173820908   30.457530789    1.709283035
   -0.174532925    0.698131701   43.091556582   13.950565627    2.924952305
    0.000000000    0.698131701   44.019425250   -3.264605146    5.026353004
    0.174532925    0.698131701   42.112684170  -17.965918841    8.255134906
    0.349065850    0.698131701   38.109868318  -26.753476261   12.575836467
    0.523598776    0.698131701   33.311976167  -26.708997376   17.607272734
    0.698131701    0.698131701   29.395574734  -16.706981249   22.646782660
    0.872664626    0.698131701   27.996446805    1.641175390   26.816344539
    1.047197551    0.698131701   30.227826788   24.052964883   29.336946300
    1.221730476    0.698131701   36.321985743   45.007149069   29.800606580
    1.396263402    0.698131701   45.571897445   59.553924043   28.279410861
    1.570796327    0.698131701   56.562208781   64.621867318   25.243917830
    1.745329252    0.698131701   67.536976472   59.432828523   21.336023409
    1.919862177    0.698131701   76.777716125   45.063615190   17.156653994
    2.094395102    0.698131701   82.878455586   23.909670962   13.141871864
    2.268928028    0.698131701   84.922617545   -0.846430376    9.546350779
    2.443460953    0.698131701   82.584396004  -25.696697855    6.485366737
    2.617993878    0.698131701   76.160586238  -47.147297732    3.990598171
    2.792526803    0.698131701   66.533772659  -61.922496981    2.052978447
    2.967059728    0.698131701   55.086399423  -67.751008036    0.644854905

   -3.141592654    1.047197551   42.175692596  -64.002275424   -5.050417908
   -2.967059728    1.047197551   32.020358121  -51.457919050   -4.241338632
   -2.792526803    1.047197551   24.424176742  -35.479943634   -3.118389645
   -2.617993878    1.047197551   19.555585205  -20.975393398   -1.942198423
   -2.443460953    1.047197551   16.782276962  -11.945218429   -0.905201267
   -2.268928028    1.047197551   14.975772682   -9.876551064   -0.107628863
   -2.094395102    1.047197551   13.012395538  -13.251660322    0.433529199
   -1.919862177    1.047197551   10.261558706  -18.112606167    0.743243469
   -1.745329252    1.047197551    6.888387247  -19.621583878    0.832485981
   -1.570796327    1.047197551    3.826089524  -14.163661154    0.673245135
   -1.396263402    1.047197551    2.393963810   -1.158176660    0.217657378
   -1.221730476    1.047197551    3.701514475   16.448397950   -0.534059934
   -1.047197551    1.047197551    8.113072103   33.471110806   -1.463108224
   -0.872664626    1.047197551   15.069219719   44.897412581   -2.307827418
   -0.698131701    1.047197551   23.317058677   48.051081264   -2.698873013
   -0.523598776    1.047197551   31.390528741   43.173757857   -2.245133995
   -0.349065850    1.047197551   38.057462783   32.387537976   -0.628059733
   -0.174532925    1.047197551   42.527640341   18.429055351    2.307958619
    0.000000000    1.047197551   44.480586234    3.998109542    6.503018480
    0.174532925    1.047197551   44.061944272   -8.295827787   11.660444230
    0.349065850    1.047197551   41.886219407  -15.716925345   17.245117224
    0.523598776    1.047197551   39.021009631  -15.894043378   22.534593206
    0.698131701    1.047197551   36.840228213   -7.929412269   26.736487472
    0.872664626    1.047197551   36.680124363    6.858854572   29.169810437
    1.047197551    1.047197551   39.450719910   24.977806313   29.475319644
    1.221730476    1.047197551   45.343194561   41.890570139   27.730940803
    1.396263402    1.047197551   53.768545354   53.436770016   24.383620716
    1.570796327    1.047197551   63.527123419   56.840437907   20.057959159
    1.745329252    1.047197551   73.087163136   51.164388678   15.335585405
    1.919862177    1.047197551   80.902763791   37.093061509   10.646535287
    2.094395102    1.047197551   85.670941222   16.656078170    6.267598294
    2.268928028    1.047197551   86.527277023   -7.178428654    2.392975084
    2.443460953    1.047197551   83.174081715  -30.969392169   -0.813914782
    2.617993878    1.047197551   75.932537137  -51.212481878   -3.210310256
    2.792526803    1.047197551   65.711287570  -64.635639742   -4.699256658
    2.967059728    1.047197551   53.911659827  -69.047678528   -5.277145275

   -3.141592654    1.396263402   37.210070560  -62.586036677  -10.631124044
   -2.967059728    1.396263402   27.447370838  -48.464755243   -9.016578623
   -2.792526803    1.396263402   20.465357763  -31.545534727   -7.103506517
   -2.617993878    1.396263402   16.317269522  -16.750735456   -5.219959543
   -2.443460953    1.396263402   14.266024398   -7.965197911   -3.546076847
   -2.268928028    1.396263402   13.107260063   -6.471525402   -2.099958045
   -2.094395102    1.396263402   11.675117695  -10.589529233   -0.806406353
   -1.919862177    1.396263402    9.314502228  -16.335659272    0.377534991
   -1.745329252    1.396263402    6.158202343  -18.968185810    1.357586041
   -1.570796327    1.396263402    3.089758947  -14.941101291    1.906791383
   -1.396263402    1.396263402    1.384418517   -3.517393165    1.797198163
   -1.221730476    1.396263402    2.160447030   12.804382734    0.996946660
   -1.047197551    1.396263402    5.885186249   29.429394352   -0.202990782
   -0.872664626    1.396263402   12.196103934   41.780590771   -1.233864727
   -0.698131701    1.396263402   20.083537100   47.250081059   -1.441290434
   -0.523598776    1.396263402   28.298587475   45.721905292   -0.320695891
   -0.349065850    1.396263402   35.736151123   38.667028072    2.327709732
   -0.174532925    1.396263402   41.605595536   28.053550769    6.366592103
    0.000000000    1.396263402   45.454346221   15.862304488   11.373198623
    0.174532925    1.396263402   47.184167044    4.145843132   16.722080488
    0.349065850    1.396263402   47.090147702   -4.634599223   21.660761944
    0.523598776    1.396263402   45.904526763   -7.994305023   25.415333302
    0.698131701    1.396263402   44.727217114   -4.461352627   27.342431978
    0.872664626    1.396263402   44.757774185    5.621109537   27.105219801
    1.047197551    1.396263402   46.952082074   19.815679838   24.801887136
    1.221730476    1.396263402   51.706026331   34.269014264   20.936214033
    1.396263402    1.396263402   58.700168921   44.877371672   16.211662702
    1.570796327    1.396263402   66.962382620   48.357573198   11.273790461
    1.745329252    1.396263402   75.078858125   43.113117346    6.529081934
    1.919862177    1.396263402   81.523116865   29.399537766    2.143911673
    2.094395102    1.396263402   84.970849207    9.221494310   -1.844219641
    2.268928028    1.396263402   84.560480260  -14.200875730   -5.378949984
    2.443460953    1.396263402   80.048004165  -37.132655600   -8.316040891
    2.617993878    1.396263402   71.847660571  -55.924156689  -10.440761049
    2.792526803    1.396263402   60.966848096  -67.402261633  -11.551360687
    2.967059728    1.396263402   48.870778749  -69.649419945  -11.576277205

   -3.141592654    1.745329252   30.910070890  -59.719345870  -17.221221419
   -2.967059728    1.745329252   21.781162706  -44.204211529  -15.763198582
   -2.792526803    1.745329252   15.601166235  -26.755733141  -13.851894969
   -2.617993878    1.745329252   12.281235568  -12.142692000  -11.732158697
   -2.443460953    1.745329252   10.988723257   -3.908893779   -9.532564753
   -2.268928028    1.745329252   10.486329265   -2.993794487   -7.258489972
   -2.094395102    1.745329252    9.618453723   -7.593273342   -4.852943674
   -1.919862177    1.745329252    7.736387038  -13.891825376   -2.319239189
   -1.745329252    1.745329252    4.933111623  -17.459312323    0.170892780
   -1.570796327    1.745329252    2.008430633  -14.889780782    2.276527300
   -1.396263402    1.745329252    0.166131780   -5.135229617    3.641597208
   -1.221730476    1.745329252    0.546262915   10.028279252    4.128941440
   -1.047197551    1.745329252    3.775372360   26.777611076    3.982464700
   -0.872664626    1.745329252    9.753803542   40.887074037    3.777709530
   -0.698131701    1.745329252   17.740588820   49.450172966    4.181586639
   -0.523598776    1.745329252   26.654269519   51.530761646    5.662876293
   -0.349065850    1.745329252   35.395182319   47.640413328    8.308970595
   -0.174532925    1.745329252   43.020876659   38.944932554   11.823142190
    0.000000000    1.745329252   48.814351382   26.945027617   15.630146417
    0.174532925    1.745329252   52.359138132   13.549179415   19.021196204
    0.349065850    1.745329252   53.635549273    1.421548789   21.285908114
    0.523598776    1.745329252   53.127974708   -6.390687140   21.854515955
    0.698131701    1.745329252   51.818380526   -7.521919020   20.452110696
    0.872664626    1.745329252   50.960476809   -1.282835869   17.221560703
    1.047197551    1.745329252   51.728079339   10.669054730   12.725534335
    1.221730476    1.745329252   54.821454526   24.652633743    7.764825665
    1.396263402    1.745329252   60.196263005   36.082975892    3.071988550
    1.570796327    1.745329252   67.034644100   40.836364802   -0.942382876
    1.745329252    1.745329252   73.933204715   36.593538083   -4.262804789
    1.919862177    1.745329252   79.285856319   23.321032463   -7.126979780
    2.094395102    1.745329252   81.680432117    3.213470187   -9.799533267
    2.268928028    1.745329252   80.229308985  -20.053116760  -12.380422784
    2.443460953    1.745329252   74.745163043  -42.289409462  -14.752929032
    2.617993878    1.745329252   65.759969157  -59.615490957  -16.647445075
    2.792526803    1.745329252   54.410711238  -68.980917760  -17.771578612
    2.967059728    1.745329252   42.244392473  -68.866672627  -17.956987550

   -3.141592654    2.094395102   23.747304414  -57.913241693  -19.042047777
   -2.967059728    2.094395102   15.043466928  -41.222276636  -17.635044447
   -2.792526803    2.094395102    9.450723612  -23.090517659  -15.686417078
   -2.617993878    2.094395102    6.802728108   -8.152650102  -13.403241894
   -2.443460953    2.094395102    6.223745833    0.270405814  -10.897573129
   -2.268928028    2.094395102    6.471553065    1.437870575   -8.163932384
   -2.094395102    2.094395102    6.406673537   -2.825340301   -5.124101785
   -1.919862177    2.094395102    5.380270025   -8.907977759   -1.748195724
   -1.745329252    2.094395102    3.436019053  -12.706709292    1.818813427
   -1.570796327    2.094395102    1.275405570  -10.998447823    5.226361198
   -1.396263402    2.094395102    0.003655143   -2.533527585    8.052125337
   -1.221730476    2.094395102    0.732848922   11.499954899   10.034654977
   -1.047197551    2.094395102    4.176955447   27.941030958   11.248776243
   -0.872664626    2.094395102   10.414876008   42.883074411   12.078167689
   -0.698131701    2.094395102   18.892411225   53.182323996   12.990768027
   -0.523598776    2.094395102   28.630404148   57.204447101   14.270465519
   -0.349065850    2.094395102   38.494029684   54.668774535   15.859789880
   -0.174532925    2.094395102   47.379750337   46.116082058   17.394842182
    0.000000000    2.094395102   54.329193822   32.761375623   18.341978099
    0.174532925    2.094395102   58.664714313   16.569604359   18.162107033
    0.349065850    2.094395102   60.143278104    0.589921026   16.457334634
    0.523598776    2.094395102   59.121266856  -11.432691085   13.104994329
    0.698131701    2.094395102   56.597868461  -16.203079173    8.361432379
    0.872664626    2.094395102   54.008934947  -12.129223336    2.874462112
    1.047197551    2.094395102   52.836488351   -0.386848852   -2.470461273
    1.221730476    2.094395102   54.113316365   15.123302681   -6.856467066
    1.396263402    2.094395102   58.031172340   28.978974313   -9.848438251
    1.570796327    2.094395102   63.837715169   36.018596277  -11.533400669
    1.745329252    2.094395102   70.033667980   33.188014746  -12.408930872
    1.919862177    2.094395102   74.837811774   20.291653364  -13.098164184
    2.094395102    2.094395102   76.681940118   -0.118196299  -14.061440568
    2.268928028    2.094395102   74.611588059  -23.770007196  -15.436282894
    2.443460953    2.094395102   68.474544451  -45.939316972  -17.049370693
    2.617993878    2.094395102   58.908775465  -62.482418533  -18.537977087
    2.792526803    2.094395102   47.173704241  -70.443292039  -19.511754083
    2.967059728    2.094395102   34.898404007  -68.633673860  -19.704775603

   -3.141592654    2.443460953   17.337756097  -56.843836314  -13.068566467
   -2.967059728    2.443460953    8.926488178  -38.974478207  -11.641296964
   -2.792526803    2.443460953    3.814790707  -19.869755360   -9.853953857
   -2.617993878    2.443460953    1.801154149   -4.129173369   -7.838312417
   -2.443460953    2.443460953    1.989375482    5.033102603   -5.633389873
   -2.268928028    2.443460953    3.136797656    6.991917281   -3.165233859
   -2.094395102    2.443460953    4.115891320    3.578220037   -0.280457184
   -1.919862177    2.443460953    4.274799058   -1.780677789    3.146298224
   -1.745329252    2.443460953    3.607734327   -5.308987051    7.076181892
   -1.570796327    2.443460953    2.711964573   -4.034955313   11.228527920
   -1.396263402    2.443460953    2.569360732    3.350003955   15.148799571
   -1.221730476    2.443460953    4.211249317   16.074181828   18.392451128
   -1.047197551    2.443460953    8.358724326   31.508513192   20.713702615
   -0.872664626    2.443460953   15.173922986   46.025244041   22.120001828
   -0.698131701    2.443460953   24.195711958   56.309219300   22.759740805
   -0.523598776    2.443460953   34.473851453   60.190033430   22.745533614
   -0.349065850    2.443460953   44.800501551   56.834291852   22.032378257
   -0.174532925    2.443460953   53.920272319   46.454673138   20.437621854
    0.000000000    2.443460953   60.696976855   30.297382821   17.737386329
    0.174532925    2.443460953   64.310045488   10.693907856   13.786694295
    0.349065850    2.443460953   64.460990103   -8.680660906    8.627443919
    0.523598776    2.443460953   61.576516082  -23.294242280    2.570743487
    0.698131701    2.443460953   56.865555050  -29.085474072   -3.776833038
    0.872664626    2.443460953   52.083732502  -24.026116147   -9.589261185
    1.047197551    2.443460953   49.057704232   -9.475720729  -14.043784528
    1.221730476    2.443460953   49.072747990    9.824444967  -16.620047251
    1.396263402    2.443460953   52.390261957   27.275825825  -17.307594922
    1.570796327    2.443460953   58.131247706   36.727925262  -16.602298733
    1.745329252    2.443460953   64.544641411   34.716992928  -15.272507631
    1.919862177    2.443460953   69.584133620   21.290857142  -14.047517484
    2.094395102    2.443460953   71.498919790   -0.349796016  -13.372554673
    2.268928028    2.443460953   69.276067414  -25.223634926  -13.331153793
    2.443460953    2.443460953   62.814610010  -48.083038554  -13.715651198
    2.617993878    2.443460953   52.868389550  -64.564602326  -14.170044044
    2.792526803    2.443460953   40.825414901  -71.795022181  -14.340026311
    2.967059728    2.443460953   28.411337461  -68.835247184  -13.994878595

   -3.141592654    2.792526803   14.445318098  -55.363132345    0.996608655
   -2.967059728    2.792526803    6.330922623  -37.074638635    2.670246341
   -2.792526803    2.792526803    1.583536364  -17.605448876    4.183224682
   -2.617993878    2.792526803    0.000000000   -1.449756794    5.537463182
   -2.443460953    2.792526803    0.705140601    8.313485111    6.866576861
   -2.268928028    2.792526803    2.499543840   11.175777949    8.409268402
   -2.094395102    2.792526803    4.312469033    8.991066981   10.444131794
   -1.919862177    2.792526803    5.537816999    5.026710539   13.182084894
   -1.745329252    2.792526803    6.169696759    2.693899290   16.643320192
   -1.570796327    2.792526803    6.732315412    4.532289749   20.573305499
   -1.396263402    2.792526803    8.068645701   11.565005955   24.477882152
   -1.221730476    2.792526803   11.046822637   23.037236079   27.769527293
   -1.047197551    2.792526803   16.252172635   36.593234168   29.957717538
   -0.872664626    2.792526803   23.765953262   48.912978983   30.765158132
   -0.698131701    2.792526803   33.087283453   56.829747085   30.120224397
   -0.523598776    2.792526803   43.234668446   58.124247450   28.071282623
   -0.349065850    2.792526803   52.954898046   51.902993567   24.701847357
   -0.174532925    2.792526803   60.947578093   38.456611187   20.124025971
    0.000000000    2.792526803   66.064757003   19.328750879   14.511329615
    0.174532925    2.792526803   67.542353810   -2.670888961    8.134566170
    0.349065850    2.792526803   65.228754999  -23.323446815    1.396414803
    0.523598776    2.792526803   59.789316311  -37.629224178   -5.159582856
    0.698131701    2.792526803   52.734737012  -41.293421700  -10.882717254
    0.872664626    2.792526803   46.127813499  -32.495743794  -15.122754984
    1.047197551    2.792526803   42.020637383  -13.323451427  -17.426791343
    1.221730476    2.792526803   41.761491577   10.416622190  -17.732888395
    1.396263402    2.792526803   45.487293674   31.107826765  -16.418846424
    1.570796327    2.792526803   52.053292292   42.062874717  -14.165165149
    1.745329252    2.792526803   59.404773106   39.905742275  -11.679903282
    1.919862177    2.792526803   65.253188084   25.265354393   -9.465138698
    2.094395102    2.792526803   67.725430649    2.072838898   -7.708003017
    2.268928028    2.792526803   65.804799266  -24.103368632   -6.330594893
    2.443460953    2.792526803   59.465279526  -47.704065765   -5.116999898
    2.617993878    2.792526803   49.564750522  -64.332107498   -3.848032352
    2.792526803    2.792526803   37.583000582  -71.282140343   -2.388989182
    2.967059728    2.792526803   25.300385499  -67.843293946   -0.738620642
