#! FIELDS phi psi file.free der_phi der_psi
#! SET min_phi -pi
#! SET max_phi pi
#! SET nbins_phi  36
#! SET periodic_phi true
#! SET min_psi -pi
#! SET max_psi pi
#! SET nbins_psi  18
#! SET periodic_psi true
   -3.141592654   -3.141592654   17.395078046  -52.780162509   18.178741658
   -2.967059728   -3.141592654    9.641133441  -35.524655989   20.233894040
   -2.792526803   -3.141592654    5.086635114  -16.888850733   21.434889431
   -2.617993878   -3.141592654    3.589362110   -1.079456687   21.906567772
   -2.443460953   -3.141592654    4.378621568    9.026786345   21.994331157
   -2.268928028   -3.141592654    6.381927255   12.970101301   22.174012980
   -2.094395102   -3.141592654    8.649180549   12.481131520   22.910467575
   -1.919862177   -3.141592654   10.655927855   10.503847032   24.508953789
   -1.745329252   -3.141592654   12.405540938    9.941795910   26.998670898
   -1.570796327   -3.141592654   14.334466026   12.768634221   30.074418517
   -1.396263402   -3.141592654   17.107404781   19.568649135   33.147952003
   -1.221730476   -3.141592654   21.361209270   29.438032208   35.496567796
   -1.047197551   -3.141592654   27.453890666   40.198971584   36.467978144
   -0.872664626   -3.141592654   35.290993991   48.921890953   35.641292174
   -0.698131701   -3.141592654   44.269558054   52.873602559   32.893793684
   -0.523598776   -3.141592654   53.379584590   50.233981946   28.369793208
   -0.349065850   -3.141592654   61.407252752   40.505369420   22.401357066
   -0.174532925   -3.141592654   67.161915680   24.386261575   15.456419501
    0.000000000   -3.141592654   69.675442550    3.793269113    8.096250386
    0.174532925   -3.141592654   68.419899634  -18.191294798    0.918047055
    0.349065850   -3.141592654   63.512561752  -37.259182983   -5.492747264
    0.523598776   -3.141592654   55.885484122  -48.536943222  -10.621724121
    0.698131701   -3.141592654   47.272089001  -48.102240381  -14.083535200
    0.872664626   -3.141592654   39.868697534  -34.796696472  -15.681886222
    1.047197551   -3.141592654   35.726523437  -11.555412860  -15.485690019
    1.221730476   -3.141592654   36.046862515   15.060027688  -13.854717623
    1.396263402   -3.141592654   40.720298598   37.078339416  -11.341781805
    1.570796327   -3.141592654   48.342340226   48.030191265   -8.507199690
    1.745329252   -3.141592654   56.676213144   45.145177018   -5.718548159
    1.919862177   -3.141592654   63.366716392   29.718786434   -3.076908970
    2.094395102   -3.141592654   66.571662698    6.091604413   -0.468760534
    2.268928028   -3.141592654   65.345394334  -20.108221181    2.291805689
    2.443460953   -3.141592654   59.719393143  -43.518749059    5.332948566
    2.617993878   -3.141592654   50.563359502  -60.025032672    8.648600843
    2.792526803   -3.141592654   39.323161695  -67.168758394   12.087943950
    2.967059728   -3.141592654   27.713526647  -64.331408591   15.373810307

   -3.141592654   -2.792526803   25.247300983  -48.581236255   26.368122204
   -2.967059728   -2.792526803   18.049174665  -33.371589405   28.135360054
   -2.792526803   -2.792526803   13.700428486  -16.619318556   28.817141673
   -2.617993878   -2.792526803   12.127477320   -2.085135845   28.704710383
   -2.443460953   -2.792526803   12.696477206    7.673888440   28.280824162
   -2.268928028   -2.792526803   14.507558977   12.279816264   28.086187482
   -2.094395102   -2.792526803   16.776128783   13.298710597   28.555539404
   -1.919862177   -2.792526803   19.093869674   13.287054534   29.881167056
   -1.745329252   -2.792526803   21.496247028   14.567921490   31.941033056
   -1.570796327   -2.792526803   24.340339324   18.449783174   34.292040804
   -1.396263402   -2.792526803   28.099871963   24.935045798   36.259408051
   -1.221730476   -2.792526803   33.141352412   32.835812547   37.097415434
   -1.047197551   -2.792526803   39.541774287   40.127607290   36.199413939
   -0.872664626   -2.792526803   46.989798889   44.451964969   33.261777748
   -0.698131701   -2.792526803   54.787030781   43.863658922   28.352799986
   -0.523598776   -2.792526803   61.968878386   37.320713658   21.866487188
   -0.349065850   -2.792526803   67.490401775   24.958908576   14.404682873
   -0.174532925   -2.792526803   70.421327198    7.885084840    6.665022634
    0.000000000   -2.792526803   70.102729633  -11.859753002   -0.646972903
    0.174532925   -2.792526803   66.311117296  -31.347521081   -6.907087372
    0.349065850   -2.792526803   59.417190856  -46.702895652  -11.629584638
    0.523598776   -2.792526803   50.514288396  -53.660201300  -14.529559344
    0.698131701   -2.792526803   41.383733690  -48.957713915  -15.562120134
    0.872664626   -2.792526803   34.156660000  -32.063250842  -14.924855539
    1.047197551   -2.792526803   30.721875623   -6.385697922  -13.035906496
    1.221730476   -2.792526803   32.059090968   21.342869642  -10.441213500
    1.396263402   -2.792526803   37.841365302   43.362722638   -7.648074934
    1.570796327   -2.792526803   46.513953852   53.753473672   -4.961142826
    1.745329252   -2.792526803   55.797229240   50.358505751   -2.394651063
    1.919862177   -2.792526803   63.386149764   34.898065830    0.263366218
    2.094395102   -2.792526803   67.533114076   11.778690075    3.294242393
    2.268928028   -2.792526803   67.369060134  -13.612705122    6.876722017
    2.443460953   -2.792526803   62.945220308  -36.298086411   10.986015888
    2.617993878   -2.792526803   55.083376973  -52.519532704   15.386613089
    2.792526803   -2.792526803   45.130050949  -60.066120511   19.698840808
    2.967059728   -2.792526803   34.671821065  -58.376797133   23.486252679

   -3.141592654   -2.443460953   34.208342416  -44.426588416   24.006765488
   -2.967059728   -2.443460953   27.556985331  -31.246128538   25.413072006
   -2.792526803   -2.443460953   23.424278679  -16.176875139   25.949303746
   -2.617993878   -2.443460953   21.832125979   -2.605959427   25.873098950
   -2.443460953   -2.443460953   22.293026681    7.109017337   25.541432991
   -2.268928028   -2.443460953   24.064484011   12.508513855   25.322577610
   -2.094395102   -2.443460953   26.481353333   14.810774133   25.486259029
   -1.919862177   -2.443460953   29.176636077   16.051549459   26.105780893
   -1.745329252   -2.443460953   32.129107415   17.962095158   27.012771673
   -1.570796327   -2.443460953   35.540993950   21.350967192   27.803727421
   -1.396263402   -2.443460953   39.662511182   25.954164098   27.931798389
   -1.221730476   -2.443460953   44.619707095   30.680683284   26.849865639
   -1.047197551   -2.443460953   50.302023427   33.990329666   24.187527372
   -0.872664626   -2.443460953   56.321487856   34.289274592   19.872473522
   -0.698131701   -2.443460953   62.041958153   30.423039479   14.162153245
   -0.523598776   -2.443460953   66.686284539   21.953266428    7.572833165
   -0.349065850   -2.443460953   69.475893118    9.309851311    0.751125638
   -0.174532925   -2.443460953   69.770404772   -6.408087662   -5.646501911
    0.000000000   -2.443460953   67.175994005  -23.450614572  -11.041364692
    0.174532925   -2.443460953   61.664855776  -39.349855285  -15.017878725
    0.349065850   -2.443460953   53.714096061  -50.791746077  -17.362267084
    0.523598776   -2.443460953   44.426109937  -54.052105769  -18.087547734
    0.698131701   -2.443460953   35.504094244  -46.301389533  -17.412407864
    0.872664626   -2.443460953   28.937687889  -27.306962428  -15.697849310
    1.047197551   -2.443460953   26.437714594   -0.591459777  -13.375044480
    1.221730476   -2.443460953   28.806168753   27.244754432  -10.846128035
    1.396263402   -2.443460953   35.583689741   48.818305891   -8.372677363
    1.570796327   -2.443460953   45.163303375   58.731157419   -6.006085366
    1.745329252   -2.443460953   55.301553911   55.269293827   -3.593130977
    1.919862177   -2.443460953   63.785663781   40.335059680   -0.884576201
    2.094395102   -2.443460953   68.963565764   18.196496022    2.325053087
    2.268928028   -2.443460953   70.015218751   -6.134485151    6.079948710
    2.443460953   -2.443460953   66.968478469  -28.097659882   10.225431542
    2.617993878   -2.443460953   60.555402951  -44.252191820   14.447819493
    2.792526803   -2.443460953   51.993888188  -52.529305927   18.367777246
    2.967059728   -2.443460953   42.734895722  -52.296705120   21.634863244

   -3.141592654   -2.094395102   40.757949810  -41.160731713   14.205781644
   -2.967059728   -2.094395102   34.556406695  -29.337113980   15.073703104
   -2.792526803   -2.094395102   30.655740715  -15.373577283   15.528828442
   -2.617993878   -2.094395102   29.135386165   -2.514212931   15.703373685
   -2.443460953   -2.094395102   29.584705401    6.959988762   15.715357139
   -2.268928028   -2.094395102   31.339395578   12.518602554   15.659538950
   -2.094395102   -2.094395102   33.785950943   15.140516685   15.582259372
   -1.919862177   -2.094395102   36.554822320   16.503005722   15.440153898
   -1.745329252   -2.094395102   39.556238448   17.949848375   15.076566496
   -1.570796327   -2.094395102   42.864253906   20.028082419   14.226299022
   -1.396263402   -2.094395102   46.575243592   22.447533426   12.586790861
   -1.221730476   -2.094395102   50.682108535   24.394087013    9.921386752
   -1.047197551   -2.094395102   55.014160347   24.854296286    6.179203143
   -0.872664626   -2.094395102   59.227386817   22.878274563    1.554836847
   -0.698131701   -2.094395102   62.834724501   17.844105260   -3.535609844
   -0.523598776   -2.094395102   65.281143429    9.592720396   -8.557009791
   -0.349065850   -2.094395102   66.031166856   -1.487660400  -12.988755824
   -0.174532925   -2.094395102   64.656005419  -14.594868754  -16.435305771
    0.000000000   -2.094395102   60.904618540  -28.470722048  -18.682275003
    0.174532925   -2.094395102   54.797861513  -41.188954177  -19.727545553
    0.349065850   -2.094395102   46.771557994  -49.918128437  -19.746605072
    0.523598776   -2.094395102   37.817745472  -51.231377783  -19.029492761
    0.698131701   -2.094395102   29.496515657  -42.361928413  -17.883759021
    0.872664626   -2.094395102   23.660574521  -22.970555060  -16.540576849
    1.047197551   -2.094395102   21.913629918    3.645249181  -15.115519766
    1.221730476   -2.094395102   24.995633377   31.177921264  -13.614701123
    1.396263402   -2.094395102   32.438781810   52.550093403  -11.958621304
    1.570796327   -2.094395102   42.677021544   62.614764250  -10.027828577
    1.745329252   -2.094395102   53.539330917   59.744270955   -7.708160778
    1.919862177   -2.094395102   62.882235212   45.724975027   -4.947226030
    2.094395102   -2.094395102   69.087671514   24.551036022   -1.790774377
    2.268928028   -2.094395102   71.316234407    0.917923814    1.605697368
    2.443460953   -2.094395102   69.526898694  -20.847675225    5.002686368
    2.617993878   -2.094395102   64.354241328  -37.390291763    8.133685695
    2.792526803   -2.094395102   56.917874432  -46.582543737   10.775230390
    2.967059728   -2.094395102   48.591096348  -47.623422138   12.803581060

   -3.141592654   -1.745329252   42.807460543  -39.873699568    5.093909707
   -2.967059728   -1.745329252   36.801364449  -28.354907884    5.556036832
   -2.792526803   -1.745329252   33.057580800  -14.553137003    5.948870879
   -2.617993878   -1.745329252   31.665301091   -1.886242110    6.243053359
   -2.443460953   -1.745329252   32.198013272    7.258697979    6.317057813
   -2.268928028   -1.745329252   33.962582889   12.301597907    6.014118388
   -2.094395102   -1.745329252   36.309554438   14.172040313    5.190670768
   -1.919862177   -1.745329252   38.821616794   14.470205121    3.740278230
   -1.745329252   -1.745329252   41.347087825   14.460927771    1.610106704
   -1.570796327   -1.745329252   43.891481099   14.723172070   -1.184329843
   -1.396263402   -1.745329252   46.504890299   15.184346809   -4.533721843
   -1.221730476   -1.745329252   49.189444665   15.452758853   -8.233395782
   -1.047197551   -1.745329252   51.867582941   15.015068958  -11.998506323
   -0.872664626   -1.745329252   54.369665569   13.324484435  -15.504263031
   -0.698131701   -1.745329252   56.428677585    9.862925482  -18.431099585
   -0.523598776   -1.745329252   57.698159060    4.229630056  -20.508614738
   -0.349065850   -1.745329252   57.782589552   -3.710888538  -21.559406412
   -0.174532925   -1.745329252   56.290058797  -13.776642947  -21.548015500
    0.000000000   -1.745329252   52.901081489  -25.287556849  -20.618910927
    0.174532925   -1.745329252   47.480537547  -36.699413838  -19.108582939
    0.349065850   -1.745329252   40.265651971  -45.292048924  -17.470843797
    0.523598776   -1.745329252   32.058960452  -47.419746560  -16.137337056
    0.698131701   -1.745329252   24.294056010  -39.825637022  -15.354573361
    0.872664626   -1.745329252   18.793275475  -21.602855157  -15.085286662
    1.047197551   -1.745329252   17.221439608    4.394822200  -15.041433869
    1.221730476   -1.745329252   20.434718378   32.046120237  -14.825099704
    1.396263402   -1.745329252   28.089308195   54.182912214  -14.085193637
    1.570796327   -1.745329252   38.709683475   65.383413874  -12.638649382
    1.745329252   -1.745329252   50.160231276   63.683514211  -10.501275689
    1.919862177   -1.745329252   60.276300278   50.571025531   -7.858521174
    2.094395102   -1.745329252   67.375154473   29.846199341   -4.993244789
    2.268928028   -1.745329252   70.529130828    6.131068274   -2.209574417
    2.443460953   -1.745329252   69.606831205  -16.202167977    0.233716114
    2.617993878   -1.745329252   65.169671480  -33.647452851    2.172101539
    2.792526803   -1.745329252   58.298498637  -43.848252418    3.562369902
    2.967059728   -1.745329252   50.370771901  -45.764026876    4.485655105

   -3.141592654   -1.396263402   41.913711541  -39.798986119    0.972745878
   -2.967059728   -1.396263402   35.940107599  -28.050193302    0.898911539
   -2.792526803   -1.396263402   32.267299052  -14.092870510    0.871893863
   -2.617993878   -1.396263402   30.942992591   -1.653654986    0.816014029
   -2.443460953   -1.396263402   31.457562872    6.723767854    0.532016948
   -2.268928028   -1.396263402   33.022730281   10.475563162   -0.241736010
   -2.094395102   -1.396263402   34.909214120   10.676071341   -1.762941290
   -1.919862177   -1.396263402   36.652531934    9.154206428   -4.209419968
   -1.745329252   -1.396263402   38.099248590    7.464520276   -7.600127516
   -1.570796327   -1.396263402   39.308695971    6.534930386  -11.732109097
   -1.396263402   -1.396263402   40.446842089    6.629136956  -16.178457176
   -1.221730476   -1.396263402   41.681788798    7.578002875  -20.377403705
   -1.047197551   -1.396263402   43.122092269    8.863324818  -23.776536254
   -0.872664626   -1.396263402   44.762799309    9.709304486  -25.961631818
   -0.698131701   -1.396263402   46.445383968    9.197584658  -26.719754343
   -0.523598776   -1.396263402   47.857659125    6.492879262  -26.037241782
   -0.349065850   -1.396263402   48.563162141    1.041821621  -24.080920692
   -0.174532925   -1.396263402   48.060626317   -7.343803915  -21.189275225
    0.000000000   -1.396263402   45.861354557  -18.295705770  -17.859822363
    0.174532925   -1.396263402   41.616649102  -30.433194596  -14.690883232
    0.349065850   -1.396263402   35.344475654  -40.921474887  -12.243155710
    0.523598776   -1.396263402   27.680693212  -45.627589771  -10.866325688
    0.698131701   -1.396263402   20.005156759  -40.514616560  -10.569017606
    0.872664626   -1.396263402   14.228189329  -23.884676955  -11.014336018
    1.047197551   -1.396263402   12.217862074    1.878037975  -11.658124968
    1.221730476   -1.396263402   15.072201867   30.630063366  -11.963420381
    1.396263402   -1.396263402   22.643373783   54.716067620  -11.573778366
    1.570796327   -1.396263402   33.543533955   68.011963086  -10.393184595
    1.745329252   -1.396263402   45.604550639   67.918913422   -8.558313646
    1.919862177   -1.396263402   56.539714961   55.556537753   -6.351780109
    2.094395102   -1.396263402   64.508189844   34.678409802   -4.102927619
    2.268928028   -1.396263402   68.439390553   10.109381212   -2.106224584
    2.443460953   -1.396263402   68.107334512  -13.446364794   -0.566289266
    2.617993878   -1.396263402   64.040779733  -32.130161413    0.430751892
    2.792526803   -1.396263402   57.345757487  -43.279394847    0.917972519
    2.967059728   -1.396263402   49.469091810  -45.679952809    1.036791415

   -3.141592654   -1.047197551   39.156149274  -41.689646435    2.540308454
   -2.967059728   -1.047197551   32.901666654  -29.347241563    1.418199759
   -2.792526803   -1.047197551   29.061166982  -14.743660171    0.223079415
   -2.617993878   -1.047197551   27.658950326   -1.981195335   -1.009998305
   -2.443460953   -1.047197551   28.101401026    6.105870106   -2.371953280
   -2.268928028   -1.047197551   29.479083021    8.822048785   -4.066085681
   -2.094395102   -1.047197551   30.936659162    7.326711857   -6.357415324
   -1.919862177   -1.047197551   31.919572148    3.772399929   -9.457185212
   -1.745329252   -1.047197551   32.260730685    0.264214218  -13.374038482
   -1.570796327   -1.047197551   32.113457852   -1.617168146  -17.795664963
   -1.396263402   -1.047197551   31.843686615   -1.096935815  -22.107147262
   -1.221730476   -1.047197551   31.879126122    1.793342069  -25.560781130
   -1.047197551   -1.047197551   32.569914901    6.206021713  -27.527995132
   -0.872664626   -1.047197551   34.064729894   10.718729817  -27.685042117
   -0.698131701   -1.047197551   36.235846804   13.698362482  -26.063100575
   -0.523598776   -1.047197551   38.687468605   13.734762280  -22.980361930
   -0.349065850   -1.047197551   40.814233446    9.871017511  -18.937931811
   -0.174532925   -1.047197551   41.890740755    1.675685132  -14.533773975
    0.000000000   -1.047197551   41.175667662  -10.546281312  -10.387962395
    0.174532925   -1.047197551   38.078530833  -25.207813703   -7.032916690
    0.349065850   -1.047197551   32.441789367  -38.919330234   -4.787596434
    0.523598776   -1.047197551   24.849717883  -46.717372837   -3.668605901
    0.698131701   -1.047197551   16.781689637  -43.712353029   -3.405706197
    0.872664626   -1.047197551   10.372597922  -27.674153656   -3.569893240
    1.047197551   -1.047197551    7.763277667   -0.988930432   -3.744888168
    1.221730476   -1.047197551   10.278196925   29.705920091   -3.651841751
    1.396263402   -1.047197551   17.883702301   56.005510870   -3.174281837
    1.570796327   -1.047197551   29.176031684   71.090753246   -2.318262385
    1.745329252   -1.047197551   41.870827580   71.935385465   -1.161381558
    1.919862177   -1.047197551   53.518608564   59.547424297    0.178267127
    2.094395102   -1.047197551   62.121088323   37.839313762    1.547964932
    2.268928028   -1.047197551   66.492983608   11.946711016    2.770846501
    2.443460953   -1.047197551   66.352887069  -13.072766843    3.671417061
    2.617993878   -1.047197551   62.234236765  -33.050989360    4.113742718
    2.792526803   -1.047197551   55.294876373  -45.074825836    4.032415633
    2.967059728   -1.047197551   47.068996954  -47.802306115    3.467477499

   -3.141592654   -0.698131701   38.668398689  -45.589945301    2.610492869
   -2.967059728   -0.698131701   31.720600203  -33.325556703    0.455932974
   -2.792526803   -0.698131701   27.202971659  -18.491752531   -1.792286420
   -2.617993878   -0.698131701   25.171631878   -5.463240248   -3.999326867
   -2.443460953   -0.698131701   25.011124060    2.609068220   -6.167225811
   -2.268928028   -0.698131701   25.739213113    4.777735857   -8.447779773
   -2.094395102   -0.698131701   26.401089009    2.178185209  -11.084703944
   -1.919862177   -0.698131701   26.367995882   -2.714049070  -14.261685724
   -1.745329252   -0.698131701   25.485442369   -7.136619467  -17.919607658
   -1.570796327   -0.698131701   24.045746489   -8.784060518  -21.635190294
   -1.396263402   -0.698131701   22.658091453   -6.469765368  -24.691251470
   -1.221730476   -0.698131701   22.017844324   -0.390440868  -26.322084179
   -1.047197551   -0.698131701   22.663394128    7.913264529  -26.030354284
   -0.872664626   -0.698131701   24.788058970   16.124211866  -23.776632048
   -0.698131701   -0.698131701   28.161863545   21.869487673  -19.967415033
   -0.523598776   -0.698131701   32.185581628   23.333609814  -15.283840723
   -0.349065850   -0.698131701   36.006697902   19.449421924  -10.468289309
   -0.174532925   -0.698131701   38.654913873    9.900511929   -6.160498718
    0.000000000   -0.698131701   39.181232880   -4.674763309   -2.791121940
    0.174532925   -0.698131701   36.865822308  -22.139556710   -0.492483097
    0.349065850   -0.698131701   31.533821529  -38.397119865    0.914249746
    0.523598776   -0.698131701   23.873875761  -47.838708493    1.832527136
    0.698131701   -0.698131701   15.556257266  -45.263637473    2.693889439
    0.872664626   -0.698131701    8.920507985  -28.593944453    3.743892367
    1.047197551   -0.698131701    6.252169000   -0.713924623    4.947399812
    1.221730476   -0.698131701    8.924391780   31.187032896    6.074640844
    1.396263402   -0.698131701   16.870134123   58.342115159    6.892467242
    1.570796327   -0.698131701   28.612344879   73.829753369    7.320530339
    1.745329252   -0.698131701   41.791354732   74.685333158    7.449786056
    1.919862177   -0.698131701   53.896972281   61.998487966    7.448837403
    2.094395102   -0.698131701   62.881107798   39.717220620    7.437217405
    2.268928028   -0.698131701   67.511083221   12.986242131    7.412809672
    2.443460953   -0.698131701   67.460735681  -13.110806794    7.260323231
    2.617993878   -0.698131701   63.229720689  -34.316720899    6.808900212
    2.792526803   -0.698131701   55.964145381  -47.525270905    5.901873704
    2.967059728   -0.698131701   47.224218619  -51.187687087    4.481363608

   -3.141592654   -0.349065850   39.276777419  -50.911524691    2.983678269
   -2.967059728   -0.349065850   31.360255679  -39.009316830    0.083092387
   -2.792526803   -0.349065850   25.855571173  -24.043362275   -2.883111875
   -2.617993878   -0.349065850   22.888508632  -10.615542005   -5.715149931
   -2.443460953   -0.349065850   21.859816643   -2.226560139   -8.352161669
   -2.268928028   -0.349065850   21.744499317   -0.126737718  -10.895893739
   -2.094395102   -0.349065850   21.511942926   -3.216285365  -13.534664124
   -1.919862177   -0.349065850   20.485012425   -8.670007851  -16.369194214
   -1.745329252   -0.349065850   18.552427346  -13.046609000  -19.231000672
   -1.570796327   -0.349065850   16.173558361  -13.385039460  -21.608852639
   -1.396263402   -0.349065850   14.205601094   -8.281439321  -22.797237770
   -1.221730476   -0.349065850   13.573435894    1.616349915  -22.198681581
   -1.047197551   -0.349065850   14.915394247   13.806885263  -19.640284003
   -0.872664626   -0.349065850   18.344342971   24.943372461  -15.487803964
   -0.698131701   -0.349065850   23.397717167   31.990313528  -10.515180460
   -0.523598776   -0.349065850   29.173531089   33.006786835   -5.617244816
   -0.349065850   -0.349065850   34.535540393   27.234488105   -1.517577820
   -0.174532925   -0.349065850   38.311338427   14.946139738    1.405160731
    0.000000000   -0.349065850   39.467567360   -2.449417085    3.173876662
    0.174532925   -0.349065850   37.341256744  -22.018142518    4.191764571
    0.349065850   -0.349065850   31.941429018  -39.050979352    5.090815866
    0.523598776   -0.349065850   24.208806884  -47.810967032    6.482254739
    0.698131701   -0.349065850   16.032522625  -43.601299392    8.667071026
    0.872664626   -0.349065850    9.840146625  -25.268637292   11.457884977
    1.047197551   -0.349065850    7.842178127    3.448279983   14.256142685
    1.221730476   -0.349065850   11.229701547   35.032411301   16.362210476
    1.396263402   -0.349065850   19.752621116   61.015141783   17.321724511
    1.570796327   -0.349065850   31.838002997   75.103479615   17.109078958
    1.745329252   -0.349065850   45.137657351   74.876585609   16.056913595
    1.919862177   -0.349065850   57.218886896   61.612445591   14.631172595
    2.094395102   -0.349065850   66.112243558   39.097436157   13.201472667
    2.268928028   -0.349065850   70.617457769   12.156379647   11.917065670
    2.443460953   -0.349065850   70.385455347  -14.417024443   10.713252925
    2.617993878   -0.349065850   65.857019599  -36.490527372    9.392137255
    2.792526803   -0.349065850   58.115317748  -50.838836299    7.727188539
    2.967059728   -0.349065850   48.693822373  -55.652116887    5.584959513

   -3.141592654    0.000000000   40.480993821  -56.397402972    2.276132202
   -2.967059728    0.000000000   31.572573247  -44.805917883   -0.532092592
   -2.792526803    0.000000000   25.060225544  -29.720817994   -3.271363941
   -2.617993878    0.000000000   21.133710622  -15.906745106   -5.782377012
   -2.443460953    0.000000000   19.214899896   -7.159589878   -8.038844293
   -2.268928028    0.000000000   18.251407628   -4.959150150  -10.151903005
   -2.094395102    0.000000000   17.166861302   -8.152768668  -12.271281929
   -1.919862177    0.000000000   15.279900874  -13.500602390  -14.411138983
   -1.745329252    0.000000000   12.570455934  -16.919612325  -16.307619434
   -1.570796327    0.000000000    9.693495639  -14.982991664  -17.414871057
   -1.396263402    0.000000000    7.737184548   -6.386044601  -17.116330604
   -1.221730476    0.000000000    7.779560725    7.426433874  -15.041959939
   -1.047197551    0.000000000   10.430589577   22.771915036  -11.333399223
   -0.872664626    0.000000000   15.575477061   35.290917213   -6.660108159
   -0.698131701    0.000000000   22.400804110   41.595339821   -1.978510221
   -0.523598776    0.000000000   29.658546643   40.158497556    1.833631222
   -0.349065850    0.000000000   35.989008710   31.134826553    4.290059050
   -0.174532925    0.000000000   40.174798738   15.864361296    5.411977846
    0.000000000    0.000000000   41.314010487   -3.300450760    5.677085565
    0.174532925    0.000000000   39.011648163  -22.871623615    5.862480198
    0.349065850    0.000000000   33.594138195  -38.153736630    6.777319814
    0.523598776    0.000000000   26.256796886  -44.107210306    8.960547034
    0.698131701    0.000000000   18.970847015  -37.258889713   12.420743314
    0.872664626    0.000000000   14.022700096  -17.675926462   16.562138573
    1.047197551    0.000000000   13.314276747   10.294859577   20.403191489
    1.221730476    0.000000000   17.702362128   39.440985295   23.002745280
    1.396263402    0.000000000   26.722187274   62.284886199   23.847628159
    1.570796327    0.000000000   38.776440601   73.618345396   23.005774834
    1.745329252    0.000000000   51.650374027   71.685107835   20.984241387
    1.919862177    0.000000000   63.108026036   57.827109861   18.433591348
    2.094395102    0.000000000   71.345981180   35.453187497   15.875549745
    2.268928028    0.000000000   75.247207434    8.877702227   13.563431982
    2.443460953    0.000000000   74.462071530  -17.532310408   11.493314368
    2.617993878    0.000000000   69.374816884  -39.863635044    9.497322973
    2.792526803    0.000000000   60.993547148  -54.845402341    7.361670005
    2.967059728    0.000000000   50.801512091  -60.457872849    4.951689913

   -3.141592654    0.349065850   41.637222160  -61.272171023    1.196434384
   -2.967059728    0.349065850   31.864870877  -49.759867527   -0.586737479
   -2.792526803    0.349065850   24.506231979  -34.397703830   -2.163083962
   -2.617993878    0.349065850   19.806500459  -20.061793556   -3.522106950
   -2.443460953    0.349065850   17.209523427  -10.790704997   -4.732295337
   -2.268928028    0.349065850   15.644543957   -8.252972541   -5.921291207
   -2.094395102    0.349065850   14.002929568  -11.237961280   -7.189924287
   -1.919862177    0.349065850   11.608362070  -16.148969878   -8.491758444
   -1.745329252    0.349065850    8.523858476  -18.407576729   -9.561155249
   -1.570796327    0.349065850    5.559869572  -14.328989740   -9.958416287
   -1.396263402    0.349065850    3.960247268   -2.884969712   -9.267819620
   -1.221730476    0.349065850    4.860705654   13.652011750   -7.338122144
   -1.047197551    0.349065850    8.761101790   30.603013992   -4.437781924
   -0.872664626    0.349065850   15.285517988   42.951204652   -1.189980050
   -0.698131701    0.349065850   23.305165411   47.368059359    1.684504496
   -0.523598776    0.349065850   31.327410413   43.063886837    3.679856418
   -0.349065850    0.349065850   37.912473808   31.245098056    4.716956353
   -0.174532925    0.349065850   41.946052602   14.246902567    5.142950143
    0.000000000    0.349065850   42.775436257   -4.914529402    5.586998115
    0.174532925    0.349065850   40.329229862  -22.615160522    6.744717216
    0.349065850    0.349065850   35.228500064  -34.628707161    9.126376699
    0.523598776    0.349065850   28.826676556  -36.978659481   12.842610007
    0.698131701    0.349065850   23.034244815  -27.569134909   17.487776248
    0.872664626    0.349065850   19.850181230   -7.574422220   22.200167902
    1.047197551    0.349065850   20.760725997   18.373504899   25.950902387
    1.221730476    0.349065850   26.245799326   43.745717913   27.937840778
    1.396263402    0.349065850   35.644096186   62.362307197   27.864789233
    1.570796327    0.349065850   47.392692062   70.249858981   25.987796245
    1.745329252    0.349065850   59.481890710   66.323833290   22.919177771
    1.919862177    0.349065850   69.936706153   51.908369006   19.347855386
    2.094395102    0.349065850   77.166766143   29.928112362   15.815722479
    2.268928028    0.349065850   80.167566254    4.094698476   12.620493627
    2.443460953    0.349065850   78.604808437  -21.711525621    9.838509392
    2.617993878    0.349065850   72.813696833  -43.829382772    7.403811510
    2.792526803    0.349065850   63.729954306  -58.982259008    5.197943751
    2.967059728    0.349065850   52.781384917  -64.977474208    3.134262906

   -3.141592654    0.698131701   43.033095187  -63.888363750   -0.392197476
   -2.967059728    0.698131701   32.803137175  -52.365730128   -0.848635233
   -2.792526803    0.698131701   24.994903052  -36.918804409   -0.998348950
   -2.617993878    0.698131701   19.867170313  -22.431672467   -0.982190104
   -2.443460953    0.698131701   16.869372271  -13.013664294   -0.955129274
   -2.268928028    0.698131701   14.925788286  -10.369055549   -1.055680201
   -2.094395102    0.698131701   12.925797918  -13.204493947   -1.358507055
   -1.919862177    0.698131701   10.217371938  -17.712520434   -1.828170943
   -1.745329252    0.698131701    6.928284903  -19.092445194   -2.312763525
   -1.570796327    0.698131701    3.958466416  -13.641295638   -2.590721561
   -1.396263402    0.698131701    2.615630402   -0.639512144   -2.481065070
   -1.221730476    0.698131701    4.020733629   17.075276856   -1.944605078
   -1.047197551    0.698131701    8.558374643   34.302208784   -1.117885301
   -0.872664626    0.698131701   15.673787996   45.859927040   -0.237602634
   -0.698131701    0.698131701   24.076363051   48.777038065    0.510131010
   -0.523598776    0.698131701   32.209324356   42.996556038    1.125209408
   -0.349065850    0.698131701   38.707133111   30.494754799    1.842914866
   -0.174532925    0.698131701   42.643813086   14.120066663    3.048734941
    0.000000000    0.698131701   43.607749342   -3.031489993    5.136311774
    0.174532925    0.698131701   41.742676602  -17.727443839    8.355765218
    0.349065850    0.698131701   37.780139636  -26.528155118   12.677118045
    0.523598776    0.698131701   33.021695293  -26.475025860   17.719201403
    0.698131701    0.698131701   29.149361157  -16.430883504   22.773149819
    0.872664626    0.698131701   27.802609802    1.962763192   26.949698737
    1.047197551    0.698131701   30.090537771   24.366026373   29.456602487
    1.221730476    0.698131701   36.231361910   45.210280123   29.876286951
    1.396263402    0.698131701   45.499094413   59.540500579   28.280874587
    1.570796327    0.698131701   56.463596082   64.337735990   25.153101233
    1.745329252    0.698131701   67.367259202   58.917332944   21.155374776
    1.919862177    0.698131701   76.506756051   44.446552769   16.908297772
    2.094395102    0.698131701   82.503134437   23.359035115   12.858281375
    2.268928028    0.698131701   84.467035635   -1.199275733    9.258244805
    2.443460953    0.698131701   82.088013282  -25.812504565    6.214242002
    2.617993878    0.698131701   75.661229725  -47.080198376    3.748276856
    2.792526803    0.698131701   66.054926609  -61.771101664    1.845995989
    2.967059728    0.698131701   54.634808707  -67.600753092    0.478815479

   -3.141592654    1.047197551   41.719051508  -63.801088759   -5.054112350
   -2.967059728    1.047197551   31.596811155  -51.275951494   -4.212880194
   -2.792526803    1.047197551   24.032146591  -35.295391241   -3.051811845
   -2.617993878    1.047197551   19.197472706  -20.768015241   -1.837270051
   -2.443460953    1.047197551   16.463098824  -11.704359109   -0.770694255
   -2.268928028    1.047197551   14.701047071   -9.610774418    0.038786979
   -2.094395102    1.047197551   12.784421176  -12.988057157    0.570312729
   -1.919862177    1.047197551   10.076230898  -17.896060964    0.852427375
   -1.745329252    1.047197551    6.733001177  -19.503106566    0.907006556
   -1.570796327    1.047197551    3.679807072  -14.179925787    0.720300938
   -1.396263402    1.047197551    2.232069303   -1.318348057    0.256373190
   -1.221730476    1.047197551    3.501087675   16.175271387   -0.479762160
   -1.047197551    1.047197551    7.859360781   33.146556937   -1.374179844
   -0.872664626    1.047197551   14.759803741   44.596017569   -2.177902943
   -0.698131701    1.047197551   22.961901752   47.838036992   -2.536956256
   -0.523598776    1.047197551   31.008826373   43.085755213   -2.071842536
   -0.349065850    1.047197551   37.671483240   32.424163567   -0.466688760
   -0.174532925    1.047197551   42.156636937   18.556730766    2.441044998
    0.000000000    1.047197551   44.136226350    4.169175167    6.604400935
    0.174532925    1.047197551   43.748311365   -8.117416151   11.738911019
    0.349065850    1.047197551   41.603646725  -15.535982653   17.315525251
    0.523598776    1.047197551   38.771641753  -15.688339565   22.609749921
    0.698131701    1.047197551   36.630605939   -7.677314408   26.820724548
    0.872664626    1.047197551   36.517694945    7.141614400   29.256524705
    1.047197551    1.047197551   39.335422571   25.219429245   29.548282626
    1.221730476    1.047197551   45.258630242   41.982878140   27.769565692
    1.396263402    1.047197551   53.679684336   53.284354074   24.370832658
    1.570796327    1.047197551   63.387645564   56.416718839   19.988120366
    1.745329252    1.047197551   72.854527460   50.540756486   15.218409215
    1.919862177    1.047197551   80.554375859   36.419723573   10.503895916
    2.094395102    1.047197551   85.213028415   16.100849778    6.124653530
    2.268928028    1.047197551   85.991691564   -7.500351759    2.268500002
    2.443460953    1.047197551   82.604785206  -31.037634910   -0.911957374
    2.617993878    1.047197551   75.369200322  -51.091164333   -3.282743858
    2.792526803    1.047197551   65.178473756  -64.422934076   -4.749513105
    2.967059728    1.047197551   53.417816044  -68.823626607   -5.306033700

   -3.141592654    1.396263402   36.789763268  -62.354377981  -10.489758340
   -2.967059728    1.396263402   27.066602735  -48.239536510   -8.869383227
   -2.792526803    1.396263402   20.124377384  -31.311241253   -6.945610785
   -2.617993878    1.396263402   16.018453046  -16.501448144   -5.047819721
   -2.443460953    1.396263402   14.011604648   -7.706684106   -3.362199454
   -2.268928028    1.396263402   12.897441306   -6.222589000   -1.914660067
   -2.094395102    1.396263402   11.506130590  -10.375239910   -0.634394812
   -1.919862177    1.396263402    9.177796663  -16.184537277    0.523769719
   -1.745329252    1.396263402    6.040465061  -18.905342497    1.474690942
   -1.570796327    1.396263402    2.974205118  -14.977613752    2.003687111
   -1.396263402    1.396263402    1.253978337   -3.647918613    1.892897810
   -1.221730476    1.396263402    2.000801266   12.606108015    1.113729940
   -1.047197551    1.396263402    5.687659563   29.201187713   -0.048933682
   -0.872664626    1.396263402   11.959027705   41.561766241   -1.040267951
   -0.698131701    1.396263402   19.811394925   47.072106200   -1.222653972
   -0.523598776    1.396263402   28.000378971   45.603371428   -0.104465074
   -0.349065850    1.396263402   35.422870001   38.613576421    2.511405431
   -0.174532925    1.396263402   41.288274905   28.059596505    6.496956009
    0.000000000    1.396263402   45.142421082   15.917850657   11.447205479
    0.174532925    1.396263402   46.885723467    4.246086956   16.754463863
    0.349065850    1.396263402   46.813492934   -4.481460620   21.675959011
    0.523598776    1.396263402   45.660186673   -7.773970075   25.436024439
    0.698131701    1.396263402   44.527277770   -4.174982597   27.380483820
    0.872664626    1.396263402   44.610717518    5.930434368   27.158853892
    1.047197551    1.396263402   46.854524116   20.055489771   24.858597203
    1.221730476    1.396263402   51.635849372   34.325389753   20.979803158
    1.396263402    1.396263402   58.617205616   44.667257282   16.230242193
    1.570796327    1.396263402   66.818610482   47.879730830   11.265986363
    1.745329252    1.396263402   74.834723817   42.464689838    6.505828459
    1.919862177    1.396263402   81.162496444   28.743024771    2.124537744
    2.094395102    1.396263402   84.506862860    8.717148393   -1.839919411
    2.268928028    1.396263402   84.029181611  -14.459047485   -5.338481558
    2.443460953    1.396263402   79.493648559  -37.145500991   -8.237713893
    2.617993878    1.396263402   71.307385383  -55.765402461  -10.332053168
    2.792526803    1.396263402   60.462260866  -67.166150216  -11.423603863
    2.967059728    1.396263402   48.408876661  -69.404026829  -11.439372221

   -3.141592654    1.745329252   30.578386036  -59.531890577  -16.973070979
   -2.967059728    1.745329252   21.481311768  -44.019731314  -15.520611124
   -2.792526803    1.745329252   15.335425331  -26.544485891  -13.614598196
   -2.617993878    1.745329252   12.055273482  -11.898939970  -11.499196486
   -2.443460953    1.745329252   10.806918438   -3.650493446   -9.305258542
   -2.268928028    1.745329252   10.348511533   -2.753803776   -7.041549200
   -2.094395102    1.745329252    9.518566518   -7.403152152   -4.652240168
   -1.919862177    1.745329252    7.663573424  -13.773861249   -2.137571350
   -1.745329252    1.745329252    4.873812471  -17.422745738    0.337486556
   -1.570796327    1.745329252    1.948615449  -14.928482641    2.439175973
   -1.396263402    1.745329252    0.093894373   -5.234565969    3.815303358
   -1.221730476    1.745329252    0.452889026    9.889367858    4.327089047
   -1.047197551    1.745329252    3.655600354   26.617234160    4.210374829
   -0.872664626    1.745329252    9.604974449   40.715549490    4.028152995
   -0.698131701    1.745329252   17.561064661   49.271116763    4.434585281
   -0.523598776    1.745329252   26.443096297   51.349017732    5.890660891
   -0.349065850    1.745329252   35.152991346   47.471108346    8.486054115
   -0.174532925    1.745329252   42.751994323   38.813950586   11.937149953
    0.000000000    1.745329252   48.528043833   26.882716040   15.688198392
    0.174532925    1.745329252   52.069801811   13.581560145   19.047374197
    0.349065850    1.745329252   53.361316751    1.565191888   21.310692586
    0.523598776    1.745329252   52.888545789   -6.136295441   21.901978255
    0.698131701    1.745329252   51.631135448   -7.185066084   20.531482794
    0.872664626    1.745329252   50.834415695   -0.932476289   17.327051219
    1.047197551    1.745329252   51.656712974   10.926232395   12.842379685
    1.221730476    1.745329252   54.778354207   24.703134749    7.878231748
    1.396263402    1.745329252   60.138185564   35.856775233    3.174406437
    1.570796327    1.745329252   66.913465275   40.352045189   -0.848161507
    1.745329252    1.745329252   73.712742369   35.966642038   -4.165344949
    1.919862177    1.745329252   78.955847643   22.722793767   -7.011523935
    2.094395102    1.745329252   81.260147190    2.798481652   -9.654385770
    2.268928028    1.745329252   79.758737794  -20.209559548  -12.201028828
    2.443460953    1.745329252   74.268566383  -42.213138949  -14.542235963
    2.617993878    1.745329252   65.310273685  -59.401384273  -16.413637399
    2.792526803    1.745329252   54.002584485  -68.733030040  -17.524580967
    2.967059728    1.745329252   41.877544267  -68.646887424  -17.706109529

   -3.141592654    2.094395102   23.529101873  -57.752299260  -18.709259115
   -2.967059728    2.094395102   14.851417841  -41.074811760  -17.326960827
   -2.792526803    2.094395102    9.286017829  -22.918793863  -15.408008784
   -2.617993878    2.094395102    6.670940173   -7.948113319  -13.154669546
   -2.443460953    2.094395102    6.129177438    0.487896568  -10.676001077
   -2.268928028    2.094395102    6.413513412    1.633337608   -7.964740767
   -2.094395102    2.094395102    6.378700473   -2.679248281   -4.940590876
   -1.919862177    2.094395102    5.372457725   -8.822621170   -1.570842360
   -1.745329252    2.094395102    3.437964424  -12.678739770    2.001586365
   -1.570796327    2.094395102    1.277989785  -11.015337237    5.425090659
   -1.396263402    2.094395102    0.000000000   -2.585455427    8.272455231
   -1.221730476    2.094395102    0.717357528   11.417001415   10.275029150
   -1.047197551    2.094395102    4.143894393   27.821792862   11.499803742
   -0.872664626    2.094395102   10.356968152   42.715472772   12.324002063
   -0.698131701    2.094395102   18.800165309   52.956491928   13.212291595
   -0.523598776    2.094395102   28.493946513   56.927781307   14.449900931
   -0.349065850    2.094395102   38.307214787   54.377911299   15.987207793
   -0.174532925    2.094395102   47.145221490   45.872188198   17.474039066
    0.000000000    2.094395102   54.060893100   32.629610284   18.392333615
    0.174532925    2.094395102   58.386535996   16.593843504   18.213279519
    0.349065850    2.094395102   59.883765045    0.779089586   16.537922680
    0.523598776    2.094395102   58.907229636  -11.107260375   13.230909007
    0.698131701    2.094395102   56.448186620  -15.802433870    8.530286051
    0.872664626    2.094395102   53.929220050  -11.744015100    3.069172859
    1.047197551    2.094395102   52.814725963   -0.125978900   -2.272109070
    1.221730476    2.094395102   54.118701858   15.160700816   -6.670971330
    1.396263402    2.094395102   58.019370626   28.744247629   -9.679875246
    1.570796327    2.094395102   63.763076827   35.548247475  -11.373030375
    1.745329252    2.094395102   69.864749890   32.604844979  -12.240111467
    1.919862177    2.094395102   74.569304189   19.761986532  -12.903594605
    2.094395102    2.094395102   76.336405594   -0.452643583  -13.829549410
    2.268928028    2.094395102   74.229799919  -23.848529348  -15.163898686
    2.443460953    2.094395102   68.099222579  -45.799468098  -16.740895154
    2.617993878    2.094395102   58.569622979  -62.226063288  -18.203222933
    2.792526803    2.094395102   46.881319585  -70.178260258  -19.163503161
    2.967059728    2.094395102   34.648111108  -68.421203376  -19.357435545

   -3.141592654    2.443460953   17.250375149  -56.741057777  -12.732762012
   -2.967059728    2.443460953    8.853091818  -38.906086079  -11.349952036
   -2.792526803    2.443460953    3.754135744  -19.783866536   -9.614861613
   -2.617993878    2.443460953    1.758836378   -4.004027532   -7.649994715
   -2.443460953    2.443460953    1.971708856    5.187291704   -5.486049305
   -2.268928028    2.443460953    3.146515599    7.146908115   -3.042807949
   -2.094395102    2.443460953    4.150954830    3.711525076   -0.163197607
   -1.919862177    2.443460953    4.330296371   -1.679377998    3.277974100
   -1.745329252    2.443460953    3.677893930   -5.242442474    7.236331912
   -1.570796327    2.443460953    2.790508259   -4.004827250   11.420216240
   -1.396263402    2.443460953    2.649271619    3.335400077   15.361797518
   -1.221730476    2.443460953    4.283662650   16.001708624   18.606357106
   -1.047197551    2.443460953    8.412276179   31.363153580   20.904610593
   -0.872664626    2.443460953   15.194774601   45.794482615   22.268078333
   -0.698131701    2.443460953   24.168537038   55.991806419   22.854802338
   -0.523598776    2.443460953   34.385161996   59.810431569   22.789430020
   -0.349065850    2.443460953   44.644226443   56.453574196   22.039491495
   -0.174532925    2.443460953   53.703772509   46.161605808   20.433330714
    0.000000000    2.443460953   60.443278342   30.177747908   17.753727085
    0.174532925    2.443460953   64.054271200   10.793752564   13.854005566
    0.349065850    2.443460953   64.241230833   -8.373601865    8.763687160
    0.523598776    2.443460953   61.423807239  -22.846286017    2.773579331
    0.698131701    2.443460953   56.796182124  -28.594633551   -3.530274074
    0.872664626    2.443460953   52.095632676  -23.602737040   -9.333305469
    1.047197551    2.443460953   49.129901471   -9.223399148  -13.810581718
    1.221730476    2.443460953   49.168213028    9.830977965  -16.427210971
    1.396263402    2.443460953   52.463374654   27.017356453  -17.152743579
    1.570796327    2.443460953   58.139617481   36.261747193  -16.465953161
    1.745329252    2.443460953   64.462365274   34.170939344  -15.126988226
    1.919862177    2.443460953   69.411051881   20.822311259  -13.867358728
    2.094395102    2.443460953   71.260518053   -0.613915921  -13.142326114
    2.268928028    2.443460953   69.013487525  -25.235994946  -13.047871146
    2.443460953    2.443460953   62.568971018  -47.890616890  -13.386720130
    2.617993878    2.443460953   52.666365098  -64.276121106  -13.809938171
    2.792526803    2.443460953   40.673436313  -71.525487012  -13.967297923
    2.967059728    2.443460953   28.299452217  -68.650435792  -13.630448921

   -3.141592654    2.792526803   14.465676746  -55.344645878    1.253746189
   -2.967059728    2.792526803    6.347981309  -37.117192985    2.870068552
   -2.792526803    2.792526803    1.593022794  -17.637786557    4.317917065
   -2.617993878    2.792526803    0.008160048   -1.428143374    5.610085823
   -2.443460953    2.792526803    0.722633575    8.398630023    6.891391809
   -2.268928028    2.792526803    2.536463877   11.310385338    8.409655594
   -2.094395102    2.792526803    4.375798464    9.156703531   10.447918619
   -1.919862177    2.792526803    5.631134060    5.202248075   13.214004601
   -1.745329252    2.792526803    6.292426593    2.849671256   16.716138311
   -1.570796327    2.792526803    6.877701723    4.630322667   20.681190149
   -1.396263402    2.792526803    8.222972013   11.565361828   24.596551373
   -1.221730476    2.792526803   11.190360403   22.911879155   27.864784719
   -1.047197551    2.792526803   16.362153825   36.335732850   29.998390153
   -0.872664626    2.792526803   23.820393160   48.538321682   30.735091457
   -0.698131701    2.792526803   33.068470740   56.373352403   30.024499939
   -0.523598776    2.792526803   43.133144936   57.646357013   27.935003830
   -0.349065850    2.792526803   52.774268512   51.492282808   24.563760396
   -0.174532925    2.792526803   60.708605342   38.215911264   20.027260646
    0.000000000    2.792526803   65.804698594   19.338475071   14.493327326
    0.174532925    2.792526803   67.307639031   -2.392775287    8.217262337
    0.349065850    2.792526803   65.062167965  -22.835118210    1.578784682
    0.523598776    2.792526803   59.718035613  -37.046020297   -4.903100868
    0.698131701    2.792526803   52.763786752  -40.745858213  -10.595471277
    0.872664626    2.792526803   46.240734510  -32.097051088  -14.851483907
    1.047197551    2.792526803   42.184228027  -13.150514611  -17.205626174
    1.221730476    2.792526803   41.932808566   10.331909420  -17.572215990
    1.396263402    2.792526803   45.622334931   30.786643548  -16.304141604
    1.570796327    2.792526803   52.117006450   41.585918411  -14.065543445
    1.745329252    2.792526803   59.380727640   39.401967454  -11.561600655
    1.919862177    2.792526803   65.149231837   24.875494291   -9.303479137
    2.094395102    2.792526803   67.571363937    1.900221475   -7.493274735
    2.268928028    2.792526803   65.642087715  -24.031978587   -6.066885416
    2.443460953    2.792526803   59.332387459  -47.449377488   -4.817104304
    2.617993878    2.792526803   49.483791732  -64.011304502   -3.529024162
    2.792526803    2.792526803   37.554576864  -71.017221278   -2.070028916
    2.967059728    2.792526803   25.307682054  -67.704145946   -0.440415852
