#! FIELDS phi psi file.free der_phi der_psi
#! SET min_phi -pi
#! SET max_phi pi
#! SET nbins_phi  36
#! SET periodic_phi true
#! SET min_psi -pi
#! SET max_psi pi
#! SET nbins_psi  18
#! SET periodic_psi true
   -3.141592654   -3.141592654   18.511333457  -52.975530001   13.501926086
   -2.967059728   -3.141592654   10.499990413  -37.946057566   15.736641488
   -2.792526803   -3.141592654    5.459596333  -19.689571357   17.499935238
   -2.617993878   -3.141592654    3.546894878   -2.845485580   18.747882979
   -2.443460953   -3.141592654    4.160294121    8.810733283   19.633349237
   -2.268928028   -3.141592654    6.236541828   13.932589610   20.452681277
   -2.094395102   -3.141592654    8.715562801   13.824927204   21.515137820
   -1.919862177   -3.141592654   10.932635132   11.479877331   22.995216999
   -1.745329252   -3.141592654   12.781729923   10.085849728   24.834317664
   -1.570796327   -3.141592654   14.637118110   11.769317798   26.715581805
   -1.396263402   -3.141592654   17.109284390   17.094866193   28.144779432
   -1.221730476   -3.141592654   20.767160481   25.043475176   28.603301019
   -1.047197551   -3.141592654   25.893079918   33.508017834   27.738028017
   -0.872664626   -3.141592654   32.356105374   39.946448212   25.480838917
   -0.698131701   -3.141592654   39.608919468   42.259557597   22.057570585
   -0.523598776   -3.141592654   46.812577768   39.293470841   17.876952819
   -0.349065850   -3.141592654   53.024463580   30.971462872   13.358270217
   -0.174532925   -3.141592654   57.364939075   18.018038130    8.802205527
    0.000000000   -3.141592654   59.139583481    1.887902830    4.340578024
    0.174532925   -3.141592654   57.980702325  -15.136288910   -0.030575849
    0.349065850   -3.141592654   54.012399778  -29.659741582   -4.320626668
    0.523598776   -3.141592654   48.023180491  -37.600175464   -8.403169071
    0.698131701   -3.141592654   41.480327766  -35.614703802  -11.942116970
    0.872664626   -3.141592654   36.233984134  -22.915375535  -14.450464605
    1.047197551   -3.141592654   33.946559299   -2.510542569  -15.498175348
    1.221730476   -3.141592654   35.457558768   19.457262379  -14.940024698
    1.396263402   -3.141592654   40.427998234   36.111751795  -13.004336494
    1.570796327   -3.141592654   47.465708609   42.628739472  -10.195183629
    1.745329252   -3.141592654   54.642535222   37.829272671   -7.067644396
    1.919862177   -3.141592654   60.128344364   23.793438360   -4.034150187
    2.094395102   -3.141592654   62.629948379    4.306732940   -1.277820860
    2.268928028   -3.141592654   61.540336714  -16.761431442    1.214565388
    2.443460953   -3.141592654   56.872689419  -36.227106721    3.569346350
    2.617993878   -3.141592654   49.139140137  -51.502914991    5.935992654
    2.792526803   -3.141592654   39.274568431  -60.331658519    8.414753126
    2.967059728   -3.141592654   28.566810589  -60.969164096   10.986508996

   -3.141592654   -2.792526803   24.747587807  -47.874592737   20.332757931
   -2.967059728   -2.792526803   17.511018858  -34.238771465   22.642200642
   -2.792526803   -2.792526803   12.980563688  -17.549153854   24.158436602
   -2.617993878   -2.792526803   11.321216670   -2.004411023   24.969656008
   -2.443460953   -2.792526803   12.012567536    8.983922635   25.364928186
   -2.268928028   -2.792526803   14.115340619   14.180296325   25.718405414
   -2.094395102   -2.792526803   16.688268994   14.720907773   26.322199128
   -1.919862177   -2.792526803   19.136506099   13.233666314   27.254651361
   -1.745329252   -2.792526803   21.351832430   12.451838169   28.344600996
   -1.570796327   -2.792526803   23.627594437   14.084470299   29.216319923
   -1.396263402   -2.792526803   26.432166238   18.424179098   29.409835064
   -1.221730476   -2.792526803   30.165106865   24.443929343   28.516673297
   -1.047197551   -2.792526803   34.966504593   30.332016526   26.322090756
   -0.872664626   -2.792526803   40.637059544   34.082363169   22.876160296
   -0.698131701   -2.792526803   46.660086245   34.159654727   18.483503551
   -0.523598776   -2.792526803   52.312939061   29.784290876   13.596202923
   -0.349065850   -2.792526803   56.808793076   20.964530937    8.655948685
   -0.174532925   -2.792526803   59.414441817    8.256053062    3.971078844
    0.000000000   -2.792526803   59.540945968   -7.179263736   -0.321117313
    0.174532925   -2.792526803   56.877642499  -23.270240315   -4.214707662
    0.349065850   -2.792526803   51.584378017  -36.656974802   -7.708533095
    0.523598776   -2.792526803   44.496017810  -43.118353786  -10.696683636
    0.698131701   -2.792526803   37.154278754  -39.152727590  -12.934614911
    0.872664626   -2.792526803   31.496327972  -24.026240794  -14.114516053
    1.047197551   -2.792526803   29.236669709   -1.095401520  -14.036700953
    1.221730476   -2.792526803   31.188640949   22.997672089  -12.747261071
    1.396263402   -2.792526803   36.906798490   40.999291971  -10.539725558
    1.570796327   -2.792526803   44.854247144   48.047957933   -7.821127852
    1.745329252   -2.792526803   52.980615461   43.230565702   -4.930810994
    1.919862177   -2.792526803   59.393225500   29.013839431   -2.033470715
    2.094395102   -2.792526803   62.798629911    9.476710986    0.877468522
    2.268928028   -2.792526803   62.624683296  -11.402119146    3.894160650
    2.443460953   -2.792526803   58.923964680  -30.493364999    7.098309388
    2.617993878   -2.792526803   52.226957724  -45.375980116   10.495402942
    2.792526803   -2.792526803   43.452076180  -54.041531938   13.986968925
    2.967059728   -2.792526803   33.825570969  -54.979053521   17.361134474

   -3.141592654   -2.443460953   31.944876944  -42.800076094   19.882590230
   -2.967059728   -2.443460953   25.469667933  -30.630312666   21.789409489
   -2.792526803   -2.443460953   21.438517897  -15.404316651   22.983629277
   -2.617993878   -2.443460953   20.051310405   -0.940572320   23.569865236
   -2.443460953   -2.443460953   20.879233345    9.594067024   23.777493609
   -2.268928028   -2.443460953   23.092818399   14.916731932   23.866335437
   -2.094395102   -2.443460953   25.827229160   15.840006886   24.001523528
   -1.919862177   -2.443460953   28.493608373   14.549446559   24.167165983
   -1.745329252   -2.443460953   30.915588748   13.386648760   24.170681346
   -1.570796327   -2.443460953   33.265104918   13.867457584   23.711722431
   -1.396263402   -2.443460953   35.876311809   16.323010148   22.498002695
   -1.221730476   -2.443460953   39.040592482   19.997022131   20.340166681
   -1.047197551   -2.443460953   42.854330724   23.509249356   17.228458606
   -0.872664626   -2.443460953   47.156761051   25.352259243   13.342408149
   -0.698131701   -2.443460953   51.548181400   24.365132896    9.012405055
   -0.523598776   -2.443460953   55.468669915   19.892183874    4.625257338
   -0.349065850   -2.443460953   58.289108515   11.769227206    0.508465472
   -0.174532925   -2.443460953   59.384719831    0.198435190   -3.151218812
    0.000000000   -2.443460953   58.210273848  -14.036637072   -6.313561493
    0.174532925   -2.443460953   54.445070936  -29.052910411   -9.036228747
    0.349065850   -2.443460953   48.228907747  -41.430759728  -11.359585435
    0.523598776   -2.443460953   40.405668237  -46.704912220  -13.220466312
    0.698131701   -2.443460953   32.569838850  -41.141401268  -14.434254748
    0.872664626   -2.443460953   26.733441337  -24.022459388  -14.768757085
    1.047197551   -2.443460953   24.657187734    0.989491290  -14.089133553
    1.221730476   -2.443460953   27.132068065   26.818421613  -12.461100435
    1.396263402   -2.443460953   33.622575270   45.913805795  -10.138105473
    1.570796327   -2.443460953   42.475800159   53.423287874   -7.439971745
    1.745329252   -2.443460953   51.551816300   48.701422289   -4.608850006
    1.919862177   -2.443460953   58.923619820   34.547597759   -1.736706672
    2.094395102   -2.443460953   63.312718152   15.247338168    1.211325522
    2.268928028   -2.443460953   64.180431952   -5.219614491    4.307464407
    2.443460953   -2.443460953   61.599223086  -23.865793704    7.574873660
    2.617993878   -2.443460953   56.087331837  -38.474149133   10.945525211
    2.792526803   -2.443460953   48.515767509  -47.241284397   14.264904506
    2.967059728   -2.443460953   40.032574472  -48.788752298   17.319970194

   -3.141592654   -2.094395102   37.819070369  -39.224843060   13.420432852
   -2.967059728   -2.094395102   31.875645532  -28.127675464   14.362891000
   -2.792526803   -2.094395102   28.190853446  -13.914234703   14.957819885
   -2.617993878   -2.094395102   26.991386332   -0.229239235   15.295128639
   -2.443460953   -2.094395102   27.899472935    9.854572885   15.463010190
   -2.268928028   -2.094395102   30.137987877   14.965942372   15.513902416
   -2.094395102   -2.094395102   32.863807751   15.663490252   15.420729737
   -1.919862177   -2.094395102   35.458855120   13.839129013   15.058480893
   -1.745329252   -2.094395102   37.674438827   11.646906610   14.240014528
   -1.570796327   -2.094395102   39.595086321   10.634852904   12.784871716
   -1.396263402   -2.094395102   41.491728864   11.357865302   10.604750822
   -1.221730476   -2.094395102   43.641954808   13.399834419    7.747959539
   -1.047197551   -2.094395102   46.190417191   15.713836478    4.409357960
   -0.872664626   -2.094395102   49.076650292   17.054299110    0.886223062
   -0.698131701   -2.094395102   52.032279798   16.346236006   -2.490013553
   -0.523598776   -2.094395102   54.627667434   12.828481129   -5.439504892
   -0.349065850   -2.094395102   56.328435025    6.042208867   -7.811235421
   -0.174532925   -2.094395102   56.544416877   -4.172153150   -9.622490284
    0.000000000   -2.094395102   54.705309697  -17.343020375  -11.027675310
    0.174532925   -2.094395102   50.426013732  -31.689337834  -12.243480098
    0.349065850   -2.094395102   43.787048952  -43.646140046  -13.422021883
    0.523598776   -2.094395102   35.616479302  -48.421987226  -14.554904700
    0.698131701   -2.094395102   27.551290138  -41.964449873  -15.445943643
    0.872664626   -2.094395102   21.684135650  -23.476103129  -15.783417971
    1.047197551   -2.094395102   19.844486850    3.170245964  -15.294086400
    1.221730476   -2.094395102   22.837360812   30.521061490  -13.884435648
    1.396263402   -2.094395102   30.077510044   50.713015885  -11.678883776
    1.570796327   -2.094395102   39.826801716   58.810490496   -8.945420753
    1.745329252   -2.094395102   49.866576733   54.308959312   -5.967819015
    1.919862177   -2.094395102   58.224867763   40.229576818   -2.946852139
    2.094395102   -2.094395102   63.612393561   21.007699918    0.020215281
    2.268928028   -2.094395102   65.493920811    0.629436075    2.890983474
    2.443460953   -2.094395102   63.937065118  -18.005566191    5.616963667
    2.617993878   -2.094395102   59.436482801  -32.790510562    8.117232197
    2.792526803   -2.094395102   52.823248549  -41.999234054   10.294634978
    2.967059728   -2.094395102   45.197614215  -44.270418514   12.074453866

   -3.141592654   -1.745329252   40.409038598  -38.493227533    6.787575372
   -2.967059728   -1.745329252   34.571424432  -27.616311814    6.846291877
   -2.792526803   -1.745329252   30.971135270  -13.441457419    6.831519783
   -2.617993878   -1.745329252   29.853327005    0.222022715    6.786642968
   -2.443460953   -1.745329252   30.828994340   10.142927782    6.663898023
   -2.268928028   -1.745329252   33.083515065   14.804027054    6.338860978
   -2.094395102   -1.745329252   35.713146797   14.649574020    5.635365475
   -1.919862177   -1.745329252   38.024791297   11.538561931    4.372317169
   -1.745329252   -1.745329252   39.701062274    7.733254376    2.437915725
   -1.570796327   -1.745329252   40.791930448    5.069377020   -0.138538597
   -1.396263402   -1.745329252   41.595487342    4.493673524   -3.148885021
   -1.221730476   -1.745329252   42.484468747    5.962638685   -6.252108661
   -1.047197551   -1.745329252   43.751623533    8.632196231   -9.075096275
   -0.872664626   -1.745329252   45.500186530   11.234278626  -11.323430424
   -0.698131701   -1.745329252   47.598621156   12.419528783  -12.840798221
   -0.523598776   -1.745329252   49.691890426   10.999410669  -13.615564131
   -0.349065850   -1.745329252   51.238986398    6.030331832  -13.758962032
   -0.174532925   -1.745329252   51.564712318   -3.031139033  -13.486285727
    0.000000000   -1.745329252   49.962812783  -15.910205848  -13.087388743
    0.174532925   -1.745329252   45.899930240  -30.744777884  -12.874378473
    0.349065850   -1.745329252   39.347334700  -43.628238944  -13.074820158
    0.523598776   -1.745329252   31.101196303  -49.244543219  -13.721587926
    0.698131701   -1.745329252   22.859799338  -43.030279101  -14.593406841
    0.872664626   -1.745329252   16.847266973  -23.932836019  -15.269590924
    1.047197551   -1.745329252   15.037339400    4.055740922  -15.297041549
    1.221730476   -1.745329252   18.329309065   33.062642848  -14.387481893
    1.396263402   -1.745329252   26.148227687   54.732858273  -12.523211264
    1.570796327   -1.745329252   36.692612059   63.796127320   -9.932182687
    1.745329252   -1.745329252   47.645069711   59.685524337   -6.962887017
    1.919862177   -1.745329252   56.942280372   45.545725963   -3.946864766
    2.094395102   -1.745329252   63.230963201   25.975938508   -1.124174718
    2.268928028   -1.745329252   65.934824149    5.052381137    1.354620658
    2.443460953   -1.745329252   65.090059012  -14.299338765    3.394396689
    2.617993878   -1.745329252   61.163634621  -29.937625630    4.936356429
    2.792526803   -1.745329252   54.971042178  -40.028834614    5.967432756
    2.967059728   -1.745329252   47.622147976  -43.056343859    6.546653637

   -3.141592654   -1.396263402   40.724455043  -39.679278179    2.982856160
   -2.967059728   -1.396263402   34.690397011  -28.647956308    2.351490096
   -2.792526803   -1.396263402   30.934605853  -14.200710252    1.646752825
   -2.617993878   -1.396263402   29.697333567   -0.439774186    0.938417282
   -2.443460953   -1.396263402   30.537974900    9.179917864    0.190362310
   -2.268928028   -1.396263402   32.561543647   13.038077345   -0.743025582
   -2.094395102   -1.396263402   34.778860019   11.628772604   -2.091616050
   -1.919862177   -1.396263402   36.434171635    7.027662048   -4.086535494
   -1.745329252   -1.396263402   37.199513644    1.866702657   -6.831892228
   -1.570796327   -1.396263402   37.187495614   -1.565995562  -10.187696478
   -1.396263402   -1.396263402   36.832703250   -1.966968762  -13.741679377
   -1.221730476   -1.396263402   36.685471618    0.713714171  -16.920866267
   -1.047197551   -1.396263402   37.202896772    5.386874427  -19.192028873
   -0.872664626   -1.396263402   38.588073538   10.327304921  -20.241054195
   -0.698131701   -1.396263402   40.723191342   13.684013782  -20.041897768
   -0.523598776   -1.396263402   43.190104871   13.906488420  -18.812112729
   -0.349065850   -1.396263402   45.335003383    9.843451209  -16.918311926
   -0.174532925   -1.396263402   46.345840333    0.870669433  -14.794126570
    0.000000000   -1.396263402   45.373821804  -12.721278307  -12.877435201
    0.174532925   -1.396263402   41.756233886  -28.915785040  -11.542328036
    0.349065850   -1.396263402   35.378637947  -43.462472101  -11.002357079
    0.523598776   -1.396263402   27.028240486  -50.524065739  -11.223430184
    0.698131701   -1.396263402   18.490361682  -44.992764140  -11.898675723
    0.872664626   -1.396263402   12.154676046  -25.493265610  -12.537447517
    1.047197551   -1.396263402   10.183687930    3.896838544  -12.646357746
    1.221730476   -1.396263402   13.615165319   34.849991557  -11.923672473
    1.396263402   -1.396263402   21.915161431   58.391066584  -10.352434968
    1.570796327   -1.396263402   33.221908111   68.743594394   -8.158884914
    1.745329252   -1.396263402   45.093282623   65.127614914   -5.681363251
    1.919862177   -1.396263402   55.328888386   50.742707718   -3.230913398
    2.094395102   -1.396263402   62.462384872   30.383664776   -1.023545155
    2.268928028   -1.396263402   65.840887663    8.332670484    0.813370172
    2.443460953   -1.396263402   65.457372044  -12.305701125    2.203539047
    2.617993878   -1.396263402   61.766617324  -29.214886267    3.099747978
    2.792526803   -1.396263402   55.603991304  -40.358196491    3.486737157
    2.967059728   -1.396263402   48.134542490  -44.051438770    3.413338943

   -3.141592654   -1.047197551   39.244133836  -42.827517233    2.899987382
   -2.967059728   -1.047197551   32.671162953  -31.606114408    1.558450214
   -2.792526803   -1.047197551   28.443302075  -16.615223226   -0.125251523
   -2.617993878   -1.047197551   26.838997890   -2.250136016   -1.968658745
   -2.443460953   -1.047197551   27.398566419    7.699156533   -3.858199123
   -2.268928028   -1.047197551   29.153519448   11.335173633   -5.816558271
   -2.094395102   -1.047197551   31.006733328    9.058829110   -8.010517069
   -1.919862177   -1.047197551   32.101463422    3.129660291  -10.649085611
   -1.745329252   -1.047197551   32.067314550   -3.341200969  -13.806105970
   -1.570796327   -1.047197551   31.075473306   -7.423630511  -17.262990066
   -1.396263402   -1.047197551   29.724489436   -7.303269357  -20.493994684
   -1.221730476   -1.047197551   28.785906659   -2.825018572  -22.836777635
   -1.047197551   -1.047197551   28.911476494    4.528830254  -23.766732449
   -0.872664626   -1.047197551   30.400379607   12.340709749  -23.107358703
   -0.698131701   -1.047197551   33.105686608   18.070044650  -21.070221078
   -0.523598776   -1.047197551   36.479306976   19.727823490  -18.137585355
   -0.349065850   -1.047197551   39.685298000   15.995016281  -14.882235250
   -0.174532925   -1.047197551   41.720618725    6.290093189  -11.822977852
    0.000000000   -1.047197551   41.565783698   -8.900408998   -9.341966825
    0.174532925   -1.047197551   38.434552216  -27.213179694   -7.631039588
    0.349065850   -1.047197551   32.164358330  -43.887084872   -6.668298914
    0.523598776   -1.047197551   23.593045929  -52.491485942   -6.236422059
    0.698131701   -1.047197551   14.653872555  -47.431763315   -6.002276178
    0.872664626   -1.047197551    7.942348724  -27.180081908   -5.650438669
    1.047197551   -1.047197551    5.815546429    3.896486040   -5.001566082
    1.221730476   -1.047197551    9.423656946   36.860722023   -4.058044655
    1.396263402   -1.047197551   18.230115662   62.076905513   -2.946909863
    1.570796327   -1.047197551   30.272093459   73.330563650   -1.813114615
    1.745329252   -1.047197551   42.959774264   69.756255124   -0.738371462
    1.919862177   -1.047197551   53.955187550   54.726211186    0.278628459
    2.094395102   -1.047197551   61.695472705   33.303602779    1.272153878
    2.268928028   -1.047197551   65.475133061    9.989532712    2.244007807
    2.443460953   -1.047197551   65.265118668  -11.972973010    3.123066263
    2.617993878   -1.047197551   61.519070290  -30.170805283    3.772176547
    2.792526803   -1.047197551   55.089029976  -42.426746170    4.022228348
    2.967059728   -1.047197551   47.185400114  -46.902817227    3.746614155

   -3.141592654   -0.698131701   39.177948556  -46.283603385    2.194165855
   -2.967059728   -0.698131701   31.918350151  -35.945779920    0.338124277
   -2.792526803   -0.698131701   26.890895284  -21.349245440   -2.064315262
   -2.617993878   -0.698131701   24.460382756   -6.922064885   -4.744570450
   -2.443460953   -0.698131701   24.227384904    3.295555702   -7.466331053
   -2.268928028   -0.698131701   25.228313661    7.045733942  -10.135369252
   -2.094395102   -0.698131701   26.314455869    4.488586145  -12.823055499
   -1.919862177   -0.698131701   26.562170546   -2.026493319  -15.655594830
   -1.745329252   -0.698131701   25.584604544   -8.913095985  -18.625994949
   -1.570796327   -0.698131701   23.638929084  -12.598240871  -21.443834766
   -1.396263402   -0.698131701   21.507520217  -10.853783556  -23.555918143
   -1.221730476   -0.698131701   20.175311557   -3.638247197  -24.357467890
   -1.047197551   -0.698131701   20.438050646    6.922862233  -23.490615346
   -0.872664626   -0.698131701   22.602772440   17.559727926  -21.033179473
   -0.698131701   -0.698131701   26.392236025   25.056883375  -17.477276980
   -0.523598776   -0.698131701   31.044178092   27.163920448  -13.530007157
   -0.349065850   -0.698131701   35.498323422   22.686034156   -9.856177270
   -0.174532925   -0.698131701   38.573897301   11.414713809   -6.892122471
    0.000000000   -0.698131701   39.149370905   -5.671306240   -4.769165484
    0.174532925   -0.698131701   36.425284425  -25.708946387   -3.314054875
    0.349065850   -0.698131701   30.308464278  -43.511411922   -2.150038013
    0.523598776   -0.698131701   21.764689281  -52.418868018   -0.866653593
    0.698131701   -0.698131701   12.869615200  -46.911077737    0.779804219
    0.872664626   -0.698131701    6.321232143  -25.820768374    2.724322397
    1.047197551   -0.698131701    4.502616187    6.005353922    4.613628591
    1.221730476   -0.698131701    8.514492747   39.283461649    5.992136550
    1.396263402   -0.698131701   17.734668449   64.319750450    6.549413118
    1.570796327   -0.698131701   30.129407175   75.102168524    6.279164583
    1.745329252   -0.698131701   43.083591797   71.058646476    5.462750519
    1.919862177   -0.698131701   54.278286357   55.745070322    4.517047970
    2.094395102   -0.698131701   62.185522592   34.217315133    3.802762107
    2.268928028   -0.698131701   66.118590579   10.819024809    3.496473849
    2.443460953   -0.698131701   66.033322898  -11.416299654    3.556994873
    2.617993878   -0.698131701   62.336174146  -30.238362258    3.766002108
    2.792526803   -0.698131701   55.813402573  -43.478184888    3.798186256
    2.967059728   -0.698131701   47.622009171  -49.172287560    3.342016112

   -3.141592654   -0.349065850   39.702102819  -49.711915697    1.944555459
   -2.967059728   -0.349065850   31.712647325  -40.808671439   -0.076991358
   -2.792526803   -0.349065850   25.748312342  -27.105441070   -2.757096268
   -2.617993878   -0.349065850   22.284097244  -12.905589889   -5.789384270
   -2.443460953   -0.349065850   21.024064922   -2.436971651   -8.871974556
   -2.268928028   -0.349065850   21.057308819    1.678636947  -11.830551255
   -2.094395102   -0.349065850   21.228203631   -0.663422456  -14.633952721
   -1.919862177   -0.349065850   20.586826054   -7.049696064  -17.281019126
   -1.745329252   -0.349065850   18.764542603  -13.465792594  -19.638964105
   -1.570796327   -0.349065850   16.125560794  -15.811648759  -21.351245129
   -1.396263402   -0.349065850   13.629772199  -11.639442233  -21.920666947
   -1.221730476   -0.349065850   12.431367660   -1.250673640  -20.940891333
   -1.047197551   -0.349065850   13.389383330   12.413994800  -18.356645711
   -0.872664626   -0.349065850   16.718659610   25.191757507  -14.563318026
   -0.698131701   -0.349065850   21.919926028   33.326874474  -10.288530142
   -0.523598776   -0.349065850   27.960809891   34.582245680   -6.322259034
   -0.349065850   -0.349065850   33.556639612   28.233323639   -3.228353986
   -0.174532925   -0.349065850   37.409661564   14.779219070   -1.176895848
    0.000000000   -0.349065850   38.408729564   -4.058374235    0.079289359
    0.174532925   -0.349065850   35.882604608  -24.859720292    1.112259340
    0.349065850   -0.349065850   29.935175385  -42.235123351    2.586282744
    0.523598776   -0.349065850   21.722233159  -49.814790782    4.960096485
    0.698131701   -0.349065850   13.416880947  -42.822664863    8.221988392
    0.872664626   -0.349065850    7.665672713  -20.973509113   11.805615436
    1.047197551   -0.349065850    6.667419370   10.319344596   14.796211017
    1.221730476   -0.349065850   11.293818617   41.846311270   16.346022003
    1.396263402   -0.349065850   20.762061142   64.579481151   16.067417639
    1.570796327   -0.349065850   33.018493527   73.373793346   14.184448599
    1.745329252   -0.349065850   45.563199402   68.279476691   11.381277976
    1.919862177   -0.349065850   56.259908331   52.985131439    8.476369844
    2.094395102   -0.349065850   63.746405386   32.244239041    6.114915683
    2.268928028   -0.349065850   67.426639137    9.892275495    4.606510009
    2.443460953   -0.349065850   67.255451372  -11.548813216    3.917199114
    2.617993878   -0.349065850   63.560952413  -30.209283425    3.749311704
    2.792526803   -0.349065850   57.001775059  -44.053955393    3.647818115
    2.967059728   -0.349065850   48.606125824  -51.016009613    3.154538098

   -3.141592654    0.000000000   40.586262558  -52.407640531    1.063795953
   -2.967059728    0.000000000   31.987628991  -45.038394050   -0.571103183
   -2.792526803    0.000000000   25.180201951  -32.431254106   -2.774494408
   -2.617993878    0.000000000   20.736104160  -18.703221453   -5.304252119
   -2.443460953    0.000000000   18.461891292   -8.194958915   -7.909009666
   -2.268928028    0.000000000   17.514533933   -3.775319187  -10.425439448
   -2.094395102    0.000000000   16.769322351   -5.682424178  -12.769776299
   -1.919862177    0.000000000   15.306823740  -11.369553314  -14.834760684
   -1.745329252    0.000000000   12.833672572  -16.470738307  -16.381404832
   -1.570796327    0.000000000    9.849726148  -16.604003435  -17.023252005
   -1.396263402    0.000000000    7.468564529   -9.435155447  -16.363263228
   -1.221730476    0.000000000    6.933813458    4.102793667  -14.216614089
   -1.047197551    0.000000000    9.051762397   20.149640146  -10.798086832
   -0.872664626    0.000000000   13.830748879   33.774066124   -6.720922819
   -0.698131701    0.000000000   20.476610600   41.016199151   -2.796413513
   -0.523598776    0.000000000   27.683082824   40.095141855    0.269405480
   -0.349065850    0.000000000   34.014715213   31.167113795    2.145760207
   -0.174532925    0.000000000   38.190424887   15.703299273    2.979741593
    0.000000000    0.000000000   39.269393692   -3.803365623    3.338141850
    0.174532925    0.000000000   36.849278833  -23.635148764    4.026470399
    0.349065850    0.000000000   31.302533170  -38.716856981    5.783650283
    0.523598776    0.000000000   23.941372850  -43.623044278    8.951261563
    0.698131701    0.000000000   16.893492647  -34.878379511   13.233992528
    0.872664626    0.000000000   12.542847457  -13.265642023   17.704129435
    1.047197551    0.000000000   12.703076957   15.542070848   21.135808255
    1.221730476    0.000000000   17.905258626   43.078148537   22.529888844
    1.396263402    0.000000000   27.219831882   61.687806492   21.539166799
    1.570796327    0.000000000   38.689554184   67.527497387   18.568289766
    1.745329252    0.000000000   50.087841112   61.309859473   14.527064873
    1.919862177    0.000000000   59.598682384   46.614467340   10.419493083
    2.094395102    0.000000000   66.110791402   27.566351561    7.003997367
    2.268928028    0.000000000   69.151598776    7.235547725    4.642425362
    2.443460953    0.000000000   68.672144826  -12.522864233    3.321671489
    2.617993878    0.000000000   64.899239634  -30.299810452    2.751729921
    2.792526803    0.000000000   58.330334843  -44.239258734    2.479100675
    2.967059728    0.000000000   49.825261285  -52.187663966    2.033022888

   -3.141592654    0.349065850   41.270121979  -54.111352478   -0.088382210
   -2.967059728    0.349065850   32.264026410  -47.968418757   -0.855957545
   -2.792526803    0.349065850   24.857448033  -36.282842760   -1.970781015
   -2.617993878    0.349065850   19.697023219  -22.970861061   -3.346649312
   -2.443460953    0.349065850   16.675209469  -12.433758267   -4.869758142
   -2.268928028    0.349065850   15.011700897   -7.710136839   -6.445101509
   -2.094395102    0.349065850   13.620367440   -9.113207461   -7.974456063
   -1.919862177    0.349065850   11.624710911  -13.975121613   -9.294278385
   -1.745329252    0.349065850    8.807903852  -17.694569202  -10.140655778
   -1.570796327    0.349065850    5.779058311  -15.796022510  -10.191793117
   -1.396263402    0.349065850    3.747972617   -6.206065520   -9.204136419
   -1.221730476    0.349065850    3.976343915    9.517368494   -7.165044394
   -1.047197551    0.349065850    7.165299082   26.798239851   -4.378376474
   -0.872664626    0.349065850   13.111049728   40.248750244   -1.392774421
   -0.698131701    0.349065850   20.773274794   45.993380838    1.196357160
   -0.523598776    0.349065850   28.659694471   42.854937152    2.985315221
   -0.349065850    0.349065850   35.283530818   31.852629048    3.936697677
   -0.174532925    0.349065850   39.464627185   15.294039405    4.396846520
    0.000000000    0.349065850   40.486639052   -3.767706822    4.988603339
    0.174532925    0.349065850   38.230248085  -21.557570688    6.407536149
    0.349065850    0.349065850   33.307454548  -33.560376581    9.139281617
    0.523598776    0.349065850   27.117743879  -35.497308089   13.195501585
    0.698131701    0.349065850   21.648272208  -25.280490408   17.981190906
    0.872664626    0.349065850   18.925267552   -4.669457855   22.404902411
    1.047197551    0.349065850   20.312836992   20.659360332   25.269841481
    1.221730476    0.349065850   25.989082654   43.288636683   25.768049381
    1.396263402    0.349065850   34.913345297   57.168874716   23.798225225
    1.570796327    0.349065850   45.287127547   59.824425924   19.953006408
    1.745329252    0.349065850   55.217332864   52.548633820   15.210528101
    1.919862177    0.349065850   63.247585960   38.672768950   10.538361657
    2.094395102    0.349065850   68.534504906   21.587593471    6.618943225
    2.268928028    0.349065850   70.733483135    3.563249031    3.765528217
    2.443460953    0.349065850   69.795696484  -14.194464400    1.979686062
    2.617993878    0.349065850   65.854722199  -30.705867001    1.046622090
    2.792526803    0.349065850   59.258559399  -44.301011093    0.625215913
    2.967059728    0.349065850   50.705346323  -52.775791789    0.346584192

   -3.141592654    0.698131701   42.006022490  -54.142464344   -2.037069882
   -2.967059728    0.698131701   32.925168947  -48.802165782   -1.931817079
   -2.792526803    0.698131701   25.300640003  -37.918842271   -1.846510423
   -2.617993878    0.698131701   19.797786447  -25.213734346   -1.875871615
   -2.443460953    0.698131701   16.350117108  -15.026054551   -2.089515989
   -2.268928028    0.698131701   14.223034933  -10.384769663   -2.515426091
   -2.094395102    0.698131701   12.379420860  -11.563463526   -3.103009509
   -1.919862177    0.698131701   10.003993593  -15.801855911   -3.701928861
   -1.745329252    0.698131701    6.957141114  -18.426553594   -4.092254392
   -1.570796327    0.698131701    3.925816531  -15.048071284   -4.058600251
   -1.396263402    0.698131701    2.163216906   -3.898188431   -3.489663938
   -1.221730476    0.698131701    2.906723378   13.011597445   -2.436775848
   -1.047197551    0.698131701    6.755661924   30.718061724   -1.104900680
   -0.872664626    0.698131701   13.357157992   43.702550118    0.235151796
   -0.698131701    0.698131701   21.531719277   48.334658059    1.366930457
   -0.523598776    0.698131701   29.717003758   43.974026134    2.233743027
   -0.349065850    0.698131701   36.462779734   32.264411582    2.992909439
   -0.174532925    0.698131701   40.726402925   16.023802580    3.980900027
    0.000000000    0.698131701   41.993504445   -1.487593954    5.619799392
    0.174532925    0.698131701   40.346498924  -16.736585117    8.266751809
    0.349065850    0.698131701   36.513681328  -25.938773152   12.018681489
    0.523598776    0.698131701   31.847431976  -25.899521388   16.555474712
    0.698131701    0.698131701   28.093918997  -15.602502254   21.114388301
    0.872664626    0.698131701   26.892471709    2.686905163   24.665010636
    1.047197551    0.698131701   29.209026793   23.703284489   26.280848956
    1.221730476    0.698131701   34.972282918   41.241059824   25.522027887
    1.396263402    0.698131701   43.135611659   50.722747879   22.599879694
    1.570796327    0.698131701   52.123782809   50.736207736   18.250169978
    1.745329252    0.698131701   60.388074834   42.877056126   13.397883910
    1.919862177    0.698131701   66.806530090   30.102437773    8.826440171
    2.094395102    0.698131701   70.770850685   15.102634073    5.006759195
    2.268928028    0.698131701   72.045788521   -0.541525122    2.106807196
    2.443460953    0.698131701   70.584881251  -16.156893892    0.097149169
    2.617993878    0.698131701   66.447759997  -31.106759394   -1.151094359
    2.792526803    0.698131701   59.863391605  -43.886225224   -1.805784600
    2.967059728    0.698131701   51.396319002  -52.288880413   -2.046559153

   -3.141592654    1.047197551   40.570485548  -53.369108515   -6.316181815
   -2.967059728    1.047197551   31.684678224  -47.390439064   -5.647041363
   -2.792526803    1.047197551   24.331910726  -36.289451133   -4.645291730
   -2.617993878    1.047197551   19.098358076  -23.827455725   -3.567284292
   -2.443460953    1.047197551   15.843734527  -14.241253638   -2.652187085
   -2.268928028    1.047197551   13.791299684  -10.306166855   -2.041889541
   -2.094395102    1.047197551   11.911787750  -11.997510626   -1.732231789
   -1.919862177    1.047197551    9.443929981  -16.355960129   -1.598133052
   -1.745329252    1.047197551    6.320274595  -18.697241776   -1.487358153
   -1.570796327    1.047197551    3.284482318  -14.815059906   -1.313440186
   -1.396263402    1.047197551    1.606094290   -3.193983562   -1.095412815
   -1.221730476    1.047197551    2.498613670   13.964415280   -0.906893217
   -1.047197551    1.047197551    6.517300649   31.668572500   -0.786615961
   -0.872664626    1.047197551   13.273506329   44.514673689   -0.671415578
   -0.698131701    1.047197551   21.582356650   49.093097278   -0.396685772
   -0.523598776    1.047197551   29.917223527   45.005868865    0.255853485
   -0.349065850    1.047197551   36.903832362   34.090593915    1.507095627
   -0.174532925    1.047197551   41.599532320   19.245179566    3.537734375
    0.000000000    1.047197551   43.587887278    3.615764202    6.451623439
    0.174532925    1.047197551   43.007572730   -9.648749801   10.214240393
    0.349065850    1.047197551   40.551944571  -17.402563362   14.559557773
    0.523598776    1.047197551   37.414361401  -17.184773159   18.936515775
    0.698131701    1.047197551   35.069146591   -8.492908780   22.567843790
    0.872664626    1.047197551   34.840509517    6.480865328   24.654116979
    1.047197551    1.047197551   37.452037134   23.223834334   24.675532403
    1.221730476    1.047197551   42.763186944   36.667345464   22.617524266
    1.396263402    1.047197551   49.852423366   43.243635598   18.966042682
    1.570796327    1.047197551   57.400188513   41.981170317   14.486932832
    1.745329252    1.047197551   64.133239261   34.284933868    9.915711909
    1.919862177    1.047197551   69.135166704   22.558653684    5.744437246
    2.094395102    1.047197551   71.901622437    8.938284094    2.180984937
    2.268928028    1.047197551   72.221980309   -5.329850303   -0.751293077
    2.443460953    1.047197551   70.037023081  -19.682594388   -3.085827810
    2.617993878    1.047197551   65.387507327  -33.456421286   -4.834673833
    2.792526803    1.047197551   58.491157328  -45.106478243   -5.968967175
    2.967059728    1.047197551   49.903853263  -52.433549867   -6.459495366

   -3.141592654    1.396263402   36.175027588  -53.532651355  -11.148679020
   -2.967059728    1.396263402   27.421539584  -45.747868370  -10.243027986
   -2.792526803    1.396263402   20.483037962  -33.288541911   -8.714363797
   -2.617993878    1.396263402   15.839894638  -20.192118422   -6.935571496
   -2.443460953    1.396263402   13.219693297  -10.714311404   -5.254285747
   -2.268928028    1.396263402   11.735626034   -7.368700995   -3.862184155
   -2.094395102    1.396263402   10.306547183   -9.764065991   -2.749105655
   -1.919862177    1.396263402    8.175618173  -14.704465492   -1.781076164
   -1.745329252    1.396263402    5.298806779  -17.516979846   -0.854004786
   -1.570796327    1.396263402    2.424163182  -14.179138789    0.000150355
   -1.396263402    1.396263402    0.796710637   -3.277746624    0.628032565
   -1.221730476    1.396263402    1.608137990   13.129696906    0.897792613
   -1.047197551    1.396263402    5.437907646   30.418008317    0.847981188
   -0.872664626    1.396263402   11.987955425   43.530313646    0.731267216
   -0.698131701    1.396263402   20.208381046   49.193782757    0.916959810
   -0.523598776    1.396263402   28.706359847   46.863687469    1.735168636
   -0.349065850    1.396263402   36.198798151   38.054035099    3.367135620
   -0.174532925    1.396263402   41.770048151   25.274618182    5.829491433
    0.000000000    1.396263402   44.962191212   11.275417940    8.999234325
    0.174532925    1.396263402   45.803008791   -1.202766053   12.622740843
    0.349065850    1.396263402   44.804090583   -9.390156210   16.284416779
    0.523598776    1.396263402   42.923276561  -11.030597333   19.408728890
    0.698131701    1.396263402   41.394490471   -5.458501037   21.357535334
    0.872664626    1.396263402   41.371888484    5.779325937   21.633377247
    1.047197551    1.396263402   43.551463746   19.109028440   20.100733828
    1.221730476    1.396263402   47.925128192   30.268902735   17.071012341
    1.396263402    1.396263402   53.803545303   35.994581511   13.171042691
    1.570796327    1.396263402   60.098404482   35.010344244    9.073008008
    1.745329252    1.396263402   65.679650191   28.083412294    5.243419958
    1.919862177    1.396263402   69.662932100   17.038707150    1.850474175
    2.094395102    1.396263402   71.500744218    3.760720811   -1.163525923
    2.268928028    1.396263402   70.927130816  -10.413547076   -3.915355395
    2.443460953    1.396263402   67.862801535  -24.640757048   -6.442716189
    2.617993878    1.396263402   62.380665646  -37.950995843   -8.645153335
    2.792526803    1.396263402   54.776316051  -48.618323030  -10.304393769
    2.967059728    1.396263402   45.699717855  -54.431232156  -11.186740099

   -3.141592654    1.745329252   30.585045997  -53.466580737  -16.330566703
   -2.967059728    1.745329252   22.039188255  -43.502764650  -15.870686156
   -2.792526803    1.745329252   15.636306851  -29.542962873  -14.475634479
   -2.617993878    1.745329252   11.710094242  -15.877931560  -12.468064077
   -2.443460953    1.745329252    9.831791541   -6.629967160  -10.195346769
   -2.268928028    1.745329252    9.009619561   -3.891728481   -7.885719791
   -2.094395102    1.745329252    8.134998753   -6.858280586   -5.584834486
   -1.919862177    1.745329252    6.475209642  -12.192757190   -3.228177544
   -1.745329252    1.745329252    4.005140117  -15.393706615   -0.803724740
   -1.570796327    1.745329252    1.449596331  -12.708033752    1.529075151
   -1.396263402    1.745329252    0.000000000   -2.748632951    3.462559793
   -1.221730476    1.745329252    0.822620487   12.768339004    4.721455892
   -1.047197551    1.745329252    4.551977376   29.754917523    5.260156614
   -0.872664626    1.745329252   11.028096797   43.505807603    5.330762991
   -0.698131701    1.745329252   19.365616240   50.677572174    5.366998787
   -0.523598776    1.745329252   28.288493665   50.269591488    5.780722275
   -0.349065850    1.745329252   36.536779302   43.240579441    6.797735753
   -0.174532925    1.745329252   43.127898120   31.647320950    8.420890560
    0.000000000    1.745329252   47.474138177   17.966933149   10.459108577
    0.174532925    1.745329252   49.438248405    4.794510428   12.574043297
    0.349065850    1.745329252   49.349397591   -5.131663695   14.315365589
    0.523598776    1.745329252   47.992864360   -9.396806314   15.196254344
    0.698131701    1.745329252   46.483621733   -6.879373494   14.833601102
    0.872664626    1.745329252   45.961646099    1.592738832   13.124221566
    1.047197551    1.745329252   47.237530944   13.146724313   10.340759243
    1.221730476    1.745329252   50.511712388   23.847118112    7.050859195
    1.396263402    1.745329252   55.312716398   30.204250562    3.870337593
    1.570796327    1.745329252   60.690595331   30.305931317    1.195527631
    1.745329252    1.745329252   65.532220420   24.229949789   -0.931278461
    1.919862177    1.745329252   68.871675043   13.397821186   -2.757310277
    2.094395102    1.745329252   70.044793166   -0.292948085   -4.629241017
    2.268928028    1.745329252   68.703030819  -15.165471235   -6.787422051
    2.443460953    1.745329252   64.759002478  -29.892407226   -9.253402345
    2.617993878    1.745329252   58.360009499  -43.056761885  -11.817866857
    2.792526803    1.745329252   49.939449128  -52.700246895  -14.105861903
    2.967059728    1.745329252   40.300997629  -56.662873737  -15.712903962

   -3.141592654    2.094395102   24.257896969  -54.481052535  -16.948717515
   -2.967059728    2.094395102   15.726674086  -42.352757202  -16.615180489
   -2.792526803    2.094395102    9.686757090  -26.636254876  -15.229207169
   -2.617993878    2.094395102    6.373652086  -11.877036974  -13.073272934
   -2.443460953    2.094395102    5.242676346   -2.151175046  -10.467548097
   -2.268928028    2.094395102    5.217875221    0.741207007   -7.621823053
   -2.094395102    2.094395102    5.162732469   -2.087427765   -4.572986751
   -1.919862177    2.094395102    4.353975887   -7.213001537   -1.269832642
   -1.745329252    2.094395102    2.764251452  -10.337227397    2.249265504
   -1.570796327    2.094395102    1.067145404   -8.028681445    5.727050237
   -1.396263402    2.094395102    0.359727691    0.982083858    8.719719305
   -1.221730476    2.094395102    1.725227784   15.231641988   10.805302084
   -1.047197551    2.094395102    5.785226450   31.147153413   11.816750204
   -0.872664626    2.094395102   12.455619886   44.462488903   11.936241529
   -0.698131701    2.094395102   20.977211798   51.943239256   11.580577672
   -0.523598776    2.094395102   30.185825562   52.318009879   11.179505216
   -0.349065850    2.094395102   38.866870173   46.117168663   10.981195675
   -0.174532925    2.094395102   46.007187841   34.968648425   10.995971238
    0.000000000    2.094395102   50.923524992   21.040742356   11.025375918
    0.174532925    2.094395102   53.340674960    6.755012241   10.737442395
    0.349065850    2.094395102   53.433814026   -5.136460595    9.765537479
    0.523598776    2.094395102   51.860541865  -11.921430791    7.847749979
    0.698131701    2.094395102   49.689230711  -11.857090214    4.980169135
    0.872664626    2.094395102   48.139708117   -4.999815824    1.515656637
    1.047197551    2.094395102   48.223125196    6.325954978   -1.907138781
    1.221730476    2.094395102   50.389722010   18.169302819   -4.610755670
    1.396263402    2.094395102   54.360785839   26.426757757   -6.182957975
    1.570796327    2.094395102   59.241307046   28.292451581   -6.661900642
    1.745329252    2.094395102   63.825804545   23.121119773   -6.492587674
    1.919862177    2.094395102   66.969294189   12.086771783   -6.304506647
    2.094395102    2.094395102   67.829211342   -2.667619020   -6.644623436
    2.268928028    2.094395102   65.951865139  -18.925293401   -7.791456377
    2.443460953    2.094395102   61.246768114  -34.759138520   -9.703803051
    2.617993878    2.094395102   53.953008828  -48.278190372  -12.065337014
    2.792526803    2.094395102   44.659195447  -57.311738677  -14.385470608
    2.967059728    2.094395102   34.336365467  -59.757543064  -16.148457335

   -3.141592654    2.443460953   18.679294531  -55.633505731  -11.320432427
   -2.967059728    2.443460953   10.128433042  -41.430108109  -10.792145437
   -2.792526803    2.443460953    4.418969462  -23.841990840   -9.437603178
   -2.617993878    2.443460953    1.724232966   -7.673547322   -7.453141580
   -2.443460953    2.443460953    1.414858247    2.992715116   -5.046546147
   -2.268928028    2.443460953    2.349027440    6.562870421   -2.325416152
   -2.094395102    2.443460953    3.364948498    4.365105077    0.738633489
   -1.919862177    2.443460953    3.736078205   -0.170171487    4.220638799
   -1.745329252    2.443460953    3.407103445   -3.020248191    8.074354488
   -1.570796327    2.443460953    2.962611942   -1.138249617   12.003349654
   -1.396263402    2.443460953    3.357430130    6.576604271   15.483869907
   -1.221730476    2.443460953    5.537689708   18.899763513   17.960453752
   -1.047197551    2.443460953   10.060492477   32.814549080   19.095256087
   -0.872664626    2.443460953   16.878725433   44.594583985   18.908324159
   -0.698131701    2.443460953   25.340410658   51.240644828   17.721349526
   -0.523598776    2.443460953   34.395576211   51.320143731   15.968203005
   -0.349065850    2.443460953   42.892733642   44.997580811   13.985547824
   -0.174532925    2.443460953   49.812903941   33.497979415   11.909041126
    0.000000000    2.443460953   54.406089868   18.705353321    9.662419253
    0.174532925    2.443460953   56.296921480    2.962167095    7.026736271
    0.349065850    2.443460953   55.569360760  -10.779423030    3.775283590
    0.523598776    2.443460953   52.853147644  -19.293500408   -0.149076691
    0.698131701    2.443460953   49.299261922  -20.117436844   -4.487212584
    0.872664626    2.443460953   46.331727087  -12.710938463   -8.634975156
    1.047197551    2.443460953   45.230750848    0.698245054  -11.824506219
    1.221730476    2.443460953   46.673694161   15.593686194  -13.447593389
    1.396263402    2.443460953   50.466075345   26.863222481  -13.339851299
    1.570796327    2.443460953   55.617253909   30.735662282  -11.866457174
    1.745329252    2.443460953   60.693509367   26.055866043   -9.754712045
    1.919862177    2.443460953   64.285189021   14.088672964   -7.801214324
    2.094395102    2.443460953   65.342298595   -2.497400413   -6.600952649
    2.268928028    2.443460953   63.313681474  -20.806002345   -6.410126986
    2.443460953    2.443460953   58.126681767  -38.289873201   -7.146414144
    2.617993878    2.443460953   50.130654041  -52.624033541   -8.470746379
    2.792526803    2.443460953   40.080705575  -61.457308022   -9.904710684
    2.967059728    2.443460953   29.123868164  -62.740456919  -10.973871080

   -3.141592654    2.792526803   16.313800154  -55.492231949   -0.048288269
   -2.967059728    2.792526803    7.882896694  -40.207106179    1.170034465
   -2.792526803    2.792526803    2.475490181  -21.636550040    2.669916953
   -2.617993878    2.792526803    0.240136219   -4.640250030    4.357943788
   -2.443460953    2.792526803    0.526594378    6.785549172    6.204239436
   -2.268928028    2.792526803    2.194517413   11.203537153    8.274568926
   -2.094395102    2.792526803    4.107318485   10.026835842   10.698425013
   -1.919862177    2.792526803    5.561288726    6.558279453   13.565657482
   -1.745329252    2.792526803    6.478967801    4.440141126   16.799253878
   -1.570796327    2.792526803    7.344475212    6.240201226   20.073244406
   -1.396263402    2.792526803    8.940059579   12.763803017   22.858109518
   -1.221730476    2.792526803   12.020857570   22.894360572   24.592996331
   -1.047197551    2.792526803   17.007998754   34.109891337   24.909509185
   -0.872664626    2.792526803   23.821191509   43.308121746   23.768272621
   -0.698131701    2.792526803   31.871925230   47.934165939   21.438991206
   -0.523598776    2.792526803   40.221422198   46.635990452   18.350089778
   -0.349065850    2.792526803   47.815822053   39.383969843   14.894102754
   -0.174532925    2.792526803   53.686795354   27.087423936   11.301117235
    0.000000000    2.792526803   57.084348839   11.384708660    7.599951432
    0.174532925    2.792526803   57.606905964   -5.410306177    3.669107226
    0.349065850    2.792526803   55.331398011  -20.084466840   -0.615029799
    0.523598776    2.792526803   50.950562561  -28.904181112   -5.194936875
    0.698131701    2.792526803   45.775114496  -28.840442509   -9.704320608
    0.872664626    2.792526803   41.467981798  -19.086171365  -13.494091712
    1.047197551    2.792526803   39.547970198   -2.167598546  -15.865576059
    1.221730476    2.792526803   40.827428872   16.560639201  -16.391725418
    1.396263402    2.792526803   45.077405385   30.951011099  -15.128082077
    1.570796327    2.792526803   51.111026445   36.491360106  -12.595307372
    1.745329252    2.792526803   57.216735064   31.845076738   -9.544991941
    1.919862177    2.792526803   61.724311276   18.634289589   -6.678030869
    2.094395102    2.792526803   63.414041421    0.158850069   -4.442234155
    2.268928028    2.792526803   61.678901220  -20.055909025   -2.979705759
    2.443460953    2.792526803   56.487295518  -38.990185849   -2.177914343
    2.617993878    2.792526803   48.293088941  -54.065339459   -1.770211218
    2.792526803    2.792526803   37.981782074  -62.899746882   -1.436518096
    2.967059728    2.792526803   26.820212234  -63.573829650   -0.912219312
