#! FIELDS phi psi file.free der_phi der_psi
#! SET min_phi -pi
#! SET max_phi pi
#! SET nbins_phi  36
#! SET periodic_phi true
#! SET min_psi -pi
#! SET max_psi pi
#! SET nbins_psi  18
#! SET periodic_psi true
   -3.141592654   -3.141592654   17.225921126  -52.302524091   18.196792621
   -2.967059728   -3.141592654    9.557814989  -35.050640645   20.306256931
   -2.792526803   -3.141592654    5.074479101  -16.567828734   21.562503428
   -2.617993878   -3.141592654    3.614650074   -0.977260684   22.084247839
   -2.443460953   -3.141592654    4.403148620    8.918989503   22.207874004
   -2.268928028   -3.141592654    6.372063699   12.689345216   22.397726224
   -2.094395102   -3.141592654    8.577911067   12.061808258   23.109899559
   -1.919862177   -3.141592654   10.502762837    9.993509939   24.652734044
   -1.745329252   -3.141592654   12.161618363    9.430570130   27.075056639
   -1.570796327   -3.141592654   14.011332821   12.394578092   30.104052404
   -1.396263402   -3.141592654   16.742209707   19.480126282   33.181607125
   -1.221730476   -3.141592654   21.013258394   29.729952505   35.596841141
   -1.047197551   -3.141592654   27.190925357   40.870703801   36.682596113
   -0.872664626   -3.141592654   35.172006987   49.876965462   35.981324475
   -0.698131701   -3.141592654   44.330557285   53.949588880   33.326356172
   -0.523598776   -3.141592654   53.625219172   51.239094322   28.827277086
   -0.349065850   -3.141592654   61.808344514   41.249989953   22.802221779
   -0.174532925   -3.141592654   67.659041054   24.722950087   15.729688980
    0.000000000   -3.141592654   70.190868943    3.665073083    8.202168157
    0.174532925   -3.141592654   68.876415086  -18.718526314    0.858600967
    0.349065850   -3.141592654   63.854118809  -38.018130970   -5.676014585
    0.523598776   -3.141592654   56.089008983  -49.332215938  -10.862051210
    0.698131701   -3.141592654   47.344661765  -48.794626972  -14.310177729
    0.872664626   -3.141592654   39.833872749  -35.335875254  -15.840792282
    1.047197551   -3.141592654   35.610559852  -11.950091035  -15.552275499
    1.221730476   -3.141592654   35.873811762   14.798955365  -13.835629978
    1.396263402   -3.141592654   40.514423136   36.964857445  -11.266504737
    1.570796327   -3.141592654   48.130428254   48.071338311   -8.414530161
    1.745329252   -3.141592654   56.482026865   45.291499246   -5.643443938
    1.919862177   -3.141592654   63.199185885   29.855326790   -3.041912196
    2.094395102   -3.141592654   66.417691270    6.093719606   -0.481006213
    2.268928028   -3.141592654   65.175948780  -20.286469317    2.238804976
    2.443460953   -3.141592654   59.508473026  -43.793255016    5.255139866
    2.617993878   -3.141592654   50.308768237  -60.223671393    8.566717218
    2.792526803   -3.141592654   39.052778402  -67.133855708   12.023212408
    2.967059728   -3.141592654   27.473534309  -64.024434190   15.344199174

   -3.141592654   -2.792526803   25.123730886  -48.056238439   26.618457896
   -2.967059728   -2.792526803   18.020768207  -32.837602568   28.418767163
   -2.792526803   -2.792526803   13.754774600  -16.226567395   29.138738292
   -2.617993878   -2.792526803   12.231884486   -1.913817554   29.066001522
   -2.443460953   -2.792526803   12.810043765    7.605151364   28.672575246
   -2.268928028   -2.792526803   14.588762072   11.979056903   28.485331565
   -2.094395102   -2.792526803   16.786306027   12.790504541   28.930735773
   -1.919862177   -2.792526803   19.002173591   12.644105730   30.207360819
   -1.745329252   -2.792526803   21.290989501   13.939792543   32.215025358
   -1.570796327   -2.792526803   24.041850648   18.042038652   34.540733485
   -1.396263402   -2.792526803   27.763899815   24.935369108   36.532039110
   -1.221730476   -2.792526803   32.848171588   33.324459884   37.444786191
   -1.047197551   -2.792526803   39.372721438   41.036626420   36.649409810
   -0.872664626   -2.792526803   47.002905214   45.591478367   33.803293183
   -0.698131701   -2.792526803   55.001434706   44.988462099   28.934988407
   -0.523598776   -2.792526803   62.361225616   38.198003773   22.412563754
   -0.349065850   -2.792526803   68.001165939   25.413931485   14.834552818
   -0.174532925   -2.792526803   70.967909453    7.835690315    6.919074766
    0.000000000   -2.792526803   70.598526528  -12.376808099   -0.589747513
    0.174532925   -2.792526803   66.686742525  -32.174017643   -7.022581903
    0.349065850   -2.792526803   59.638292213  -47.609149638  -11.855688773
    0.523598776   -2.792526803   50.586482255  -54.434468089  -14.784847699
    0.698131701   -2.792526803   41.341521231  -49.489889751  -15.769433100
    0.872664626   -2.792526803   34.042899570  -32.363220084  -15.031427941
    1.047197551   -2.792526803   30.570508387   -6.531730218  -13.023798341
    1.221730476   -2.792526803   31.890452098   21.281941323  -10.326130372
    1.396263402   -2.792526803   37.667988467   43.368382282   -7.467941671
    1.570796327   -2.792526803   46.347852315   53.830355993   -4.759790012
    1.745329252   -2.792526803   55.649301405   50.479699533   -2.206301294
    1.919862177   -2.792526803   63.257691396   34.983502922    0.423324426
    2.094395102   -2.792526803   67.409459123   11.735832350    3.429798343
    2.268928028   -2.792526803   67.224111702  -13.811400025    7.004158181
    2.443460953   -2.792526803   62.757682144  -36.566169147   11.123924824
    2.617993878   -2.792526803   54.855091643  -52.692874492   15.548179255
    2.792526803   -2.792526803   44.891309968  -59.996837884   19.889688139
    2.967059728   -2.792526803   34.469924892  -58.030337495   23.706771523

   -3.141592654   -2.443460953   34.191779832  -43.860341421   24.378120209
   -2.967059728   -2.443460953   27.643559059  -30.660867979   25.805313126
   -2.792526803   -2.443460953   23.603568782  -15.722338461   26.372281761
   -2.617993878   -2.443460953   22.072181438   -2.377608573   26.334137297
   -2.443460953   -2.443460953   22.549921408    7.066424109   26.034782895
   -2.268928028   -2.443460953   24.289194463   12.181074267   25.825974340
   -2.094395102   -2.443460953   26.625573545   14.223938081   25.968458739
   -1.919862177   -2.443460953   29.202782664   15.309205268   26.542620072
   -1.745329252   -2.443460953   32.026323708   17.266882252   27.401431868
   -1.570796327   -2.443460953   35.339733106   20.956056421   28.167561431
   -1.396263402   -2.443460953   39.434341235   26.061687528   28.309902890
   -1.221730476   -2.443460953   44.459200219   31.338407119   27.277054549
   -1.047197551   -2.443460953   50.295715075   35.061715351   24.674375706
   -0.872664626   -2.443460953   56.519384260   35.506916715   20.395470938
   -0.698131701   -2.443460953   62.442984041   31.484108186   14.668502941
   -0.523598776   -2.443460953   67.240110317   22.607305555    7.996977471
   -0.349065850   -2.443460953   70.097023859    9.411014559    1.036681895
   -0.174532925   -2.443460953   70.358971941   -6.873039554   -5.527247401
    0.000000000   -2.443460953   67.642352561  -24.354799351  -11.077016924
    0.174532925   -2.443460953   61.952337939  -40.449382290  -15.160691081
    0.349065850   -2.443460953   53.813648048  -51.802268972  -17.543061884
    0.523598776   -2.443460953   44.374228566  -54.754171923  -18.236837315
    0.698131701   -2.443460953   35.363311238  -46.623204491  -17.479343994
    0.872664626   -2.443460953   28.769211652  -27.327200519  -15.660370776
    1.047197551   -2.443460953   26.280954225   -0.463584444  -13.240056047
    1.221730476   -2.443460953   28.674940300   27.393338976  -10.642152664
    1.396263402   -2.443460953   35.476366793   48.941323132   -8.137670639
    1.570796327   -2.443460953   45.075914119   58.839641118   -5.774353327
    1.745329252   -2.443460953   55.232577063   55.368442386   -3.384156140
    1.919862177   -2.443460953   63.730636147   40.386010763   -0.697718547
    2.094395102   -2.443460953   68.908727021   18.139044584    2.507622472
    2.268928028   -2.443460953   69.939385031   -6.315346997    6.282946391
    2.443460953   -2.443460953   66.855659191  -28.322254974   10.468185699
    2.617993878   -2.443460953   60.410482164  -44.372702629   14.736135241
    2.792526803   -2.443460953   51.847461744  -52.411925013   18.694660719
    2.967059728   -2.443460953   42.633023003  -51.909519782   21.987858543

   -3.141592654   -2.094395102   40.870222076  -40.566451772   14.540191783
   -2.967059728   -2.094395102   34.777786570  -28.708950858   15.427287791
   -2.792526803   -2.094395102   30.979101255  -14.856797733   15.912582208
   -2.617993878   -2.094395102   29.530919705   -2.221964249   16.124566699
   -2.443460953   -2.094395102   30.006189422    6.952638621   16.167992817
   -2.268928028   -2.094395102   31.730545664   12.174704492   16.123277571
   -2.094395102   -2.094395102   34.089169671   14.488320041   16.031081700
   -1.919862177   -2.094395102   36.726341286   15.676866741   15.856122756
   -1.745329252   -2.094395102   39.585815345   17.196827683   15.458922550
   -1.570796327   -2.094395102   42.790079156   19.633627498   14.591441531
   -1.396263402   -2.094395102   46.479620458   22.614348511   12.957616778
   -1.221730476   -2.094395102   50.667179956   25.133845151   10.312965976
   -1.047197551   -2.094395102   55.165620557   25.973254358    6.587385020
   -0.872664626   -2.094395102   59.584367937   24.056158385    1.953487988
   -0.698131701   -2.094395102   63.378126920   18.752342848   -3.187472804
   -0.523598776   -2.094395102   65.941454136    9.994172956   -8.301608986
   -0.349065850   -2.094395102   66.709408018   -1.688674806  -12.853918202
   -0.174532925   -2.094395102   65.249755277  -15.340036763  -16.422408022
    0.000000000   -2.094395102   61.334263946  -29.564812355  -18.762635373
    0.174532925   -2.094395102   55.026671688  -42.346305653  -19.849761654
    0.349065850   -2.094395102   46.814261813  -50.853044489  -19.852711973
    0.523598776   -2.094395102   37.731478329  -51.760084954  -19.073014303
    0.698131701   -2.094395102   29.356173991  -42.467656490  -17.841833608
    0.872664626   -2.094395102   23.529906620  -22.786479118  -16.415711862
    1.047197551   -2.094395102   21.826284542    3.926183053  -14.929286369
    1.221730476   -2.094395102   24.954495160   31.409298183  -13.398136481
    1.396263402   -2.094395102   32.429771600   52.686557127  -11.742438048
    1.570796327   -2.094395102   42.685499461   62.686398451   -9.834384550
    1.745329252   -2.094395102   53.557692747   59.788580996   -7.545185446
    1.919862177   -2.094395102   62.906023569   45.738451407   -4.805549905
    2.094395102   -2.094395102   69.108552026   24.497869684   -1.648129190
    2.268928028   -2.094395102   71.320917156    0.786043429    1.774807206
    2.443460953   -2.094395102   69.505853326  -20.996948314    5.215795128
    2.617993878   -2.094395102   64.314516783  -37.436314358    8.393477498
    2.792526803   -2.094395102   56.887975499  -46.411598576   11.071723758
    2.967059728   -2.094395102   48.613104719  -47.203881217   13.122755687

   -3.141592654   -1.745329252   43.000407658  -39.248794312    5.378681622
   -2.967059728   -1.745329252   37.110314119  -27.676359419    5.853978574
   -2.792526803   -1.745329252   33.479236056  -13.965227014    6.270385154
   -2.617993878   -1.745329252   32.172144212   -1.520230172    6.594740719
   -2.443460953   -1.745329252   32.742044354    7.302207760    6.694248065
   -2.268928028   -1.745329252   34.481894433   11.969873820    6.401753820
   -2.094395102   -1.745329252   36.739878214   13.498438370    5.571462531
   -1.919862177   -1.745329252   39.115044810   13.610302290    4.104110092
   -1.745329252   -1.745329252   41.493342888   13.685047342    1.957378780
   -1.570796327   -1.745329252   43.931749085   14.325493770   -0.846360701
   -1.396263402   -1.745329252   46.524181980   15.356555703   -4.199240495
   -1.221730476   -1.745329252   49.289223516   16.180199101   -7.904600409
   -1.047197551   -1.745329252   52.128016312   16.076705260  -11.688380500
   -0.872664626   -1.745329252   54.820498073   14.385367736  -15.234214314
   -0.698131701   -1.745329252   57.040564558   10.600256248  -18.224448805
   -0.523598776   -1.745329252   58.394219887    4.433250498  -20.381967053
   -0.349065850   -1.745329252   58.462692424   -4.094261216  -21.513787740
   -0.174532925   -1.745329252   56.858578505  -14.642697974  -21.563674052
    0.000000000   -1.745329252   53.292314471  -26.408200117  -20.657693696
    0.174532925   -1.745329252   47.675165877  -37.783509665  -19.125092906
    0.349065850   -1.745329252   40.293965479  -46.079998872  -17.428249490
    0.523598776   -1.745329252   31.987004953  -47.775229866  -16.020055368
    0.698131701   -1.745329252   24.196912128  -39.780578518  -15.171169156
    0.872664626   -1.745329252   18.727561148  -21.323720755  -14.861046264
    1.047197551   -1.745329252   17.209804837    4.703779599  -14.806840760
    1.221730476   -1.745329252   20.468743878   32.245832454  -14.606576237
    1.396263402   -1.745329252   28.146042678   54.247179505  -13.900189810
    1.570796327   -1.745329252   38.769664753   65.368943703  -12.493848905
    1.745329252   -1.745329252   50.216016756   63.657282919  -10.391214860
    1.919862177   -1.745329252   60.328439086   50.554147823   -7.765666567
    2.094395102   -1.745329252   67.423470254   29.812775369   -4.892126999
    2.268928028   -1.745329252   70.568512246    6.059517190   -2.075651210
    2.443460953   -1.745329252   69.632849294  -16.274884001    0.414556488
    2.617993878   -1.745329252   65.189841205  -33.626122565    2.398464839
    2.792526803   -1.745329252   58.338313473  -43.632576973    3.821058957
    2.967059728   -1.745329252   50.468635115  -45.316405154    4.761188968

   -3.141592654   -1.396263402   42.168817046  -39.125796072    1.210409099
   -2.967059728   -1.396263402   36.319704292  -27.321124150    1.134626260
   -2.792526803   -1.396263402   32.768734296  -13.451782352    1.120811935
   -2.617993878   -1.396263402   31.538316147   -1.243647992    1.088264013
   -2.443460953   -1.396263402   32.095977894    6.789113910    0.828386998
   -2.268928028   -1.396263402   33.638066281   10.141448316    0.072784412
   -2.094395102   -1.396263402   35.433740055    9.986526139   -1.436602178
   -1.919862177   -1.396263402   37.037202012    8.278132132   -3.873695139
   -1.745329252   -1.396263402   38.334265059    6.675854458   -7.255117581
   -1.570796327   -1.396263402   39.435088506    6.116649158  -11.380957105
   -1.396263402   -1.396263402   40.546694155    6.755553702  -15.831483693
   -1.221730476   -1.396263402   41.850898621    8.221696937  -20.050739690
   -1.047197551   -1.396263402   43.433916020    9.804555738  -23.487519001
   -0.872664626   -1.396263402   45.241842470   10.628384876  -25.723535346
   -0.698131701   -1.396263402   47.060593390    9.795981749  -26.538097773
   -0.523598776   -1.396263402   48.535064822    6.588646921  -25.907846380
   -0.349065850   -1.396263402   49.210493560    0.609045649  -23.988425136
   -0.174532925   -1.396263402   48.594365379   -8.181240918  -21.107659585
    0.000000000   -1.396263402   46.229908421  -19.308038099  -17.757276033
    0.174532925   -1.396263402   41.812946899  -31.352539236  -14.539398591
    0.349065850   -1.396263402   35.404990810  -41.532802097  -12.028823932
    0.523598776   -1.396263402   27.669081583  -45.844858875  -10.594319385
    0.698131701   -1.396263402   19.986292581  -40.405997353  -10.259432394
    0.872664626   -1.396263402   14.244328092  -23.627731206  -10.691606997
    1.047197551   -1.396263402   12.277519671    2.091544716  -11.341316250
    1.221730476   -1.396263402   15.156325241   30.687481780  -11.662502041
    1.396263402   -1.396263402   22.723553765   54.622700812  -11.291523235
    1.570796327   -1.396263402   33.600509227   67.857414866  -10.128627699
    1.745329252   -1.396263402   45.636705394   67.800826775   -8.307684888
    1.919862177   -1.396263402   56.558060909   55.517109023   -6.107749612
    2.094395102   -1.396263402   64.525178769   34.694225350   -3.855756711
    2.268928028   -1.396263402   68.461066483   10.140226483   -1.848143883
    2.443460953   -1.396263402   68.135819509  -13.396128481   -0.296396862
    2.617993878   -1.396263402   64.084289299  -31.996488105    0.704811269
    2.792526803   -1.396263402   57.426182672  -42.979061106    1.184578104
    2.967059728   -1.396263402   49.619965828  -45.173191458    1.288014565

   -3.141592654   -1.047197551   39.448556482  -41.040856281    2.782900185
   -2.967059728   -1.047197551   33.316261398  -28.619066878    1.636888603
   -2.792526803   -1.047197551   29.599435792  -14.081645376    0.434747198
   -2.617993878   -1.047197551   28.295956414   -1.538373098   -0.792152215
   -2.443460953   -1.047197551   28.787595989    6.207309361   -2.140670754
   -2.268928028   -1.047197551   30.148666599    8.526501228   -3.816558856
   -2.094395102   -1.047197551   31.522634255    6.681588651   -6.082348939
   -1.919862177   -1.047197551   32.373854986    2.944347187   -9.147244278
   -1.745329252   -1.047197551   32.573067988   -0.487485695  -13.024591784
   -1.570796327   -1.047197551   32.321132624   -2.030849961  -17.415010608
   -1.396263402   -1.047197551   32.021734812   -1.011162328  -21.718350670
   -1.221730476   -1.047197551   32.115612651    2.356462985  -25.193802579
   -1.047197551   -1.047197551   32.933192494    7.050160478  -27.207573051
   -0.872664626   -1.047197551   34.579052191   11.554391143  -27.421094303
   -0.698131701   -1.047197551   36.874853161   14.251742972  -25.848176207
   -0.523598776   -1.047197551   39.385221017   13.837543560  -22.793533576
   -0.349065850   -1.047197551   41.487911877    9.499713355  -18.750984344
   -0.174532925   -1.047197551   42.465793906    0.945941284  -14.318135867
    0.000000000   -1.047197551   41.606990924  -11.425030719  -10.122061459
    0.174532925   -1.047197551   38.360940048  -25.999044470   -6.709444307
    0.349065850   -1.047197551   32.607814192  -39.441576777   -4.417446967
    0.523598776   -1.047197551   24.953991785  -46.906569370   -3.277982237
    0.698131701   -1.047197551   16.878105384  -43.636417414   -3.025789102
    0.872664626   -1.047197551   10.494435554  -27.489769712   -3.224014194
    1.047197551   -1.047197551    7.914611376   -0.859273194   -3.440634632
    1.221730476   -1.047197551   10.440019944   29.689511217   -3.381427085
    1.396263402   -1.047197551   18.030232008   55.856359626   -2.921264628
    1.570796327   -1.047197551   29.291189313   70.898092282   -2.065215865
    1.745329252   -1.047197551   41.955959204   71.795742359   -0.894147649
    1.919862177   -1.047197551   53.587629488   59.503014148    0.469407650
    2.094395102   -1.047197551   62.189163593   37.863787009    1.866996824
    2.268928028   -1.047197551   66.567774785   11.990348959    3.113894470
    2.443460953   -1.047197551   66.436058161  -13.019351082    4.025621030
    2.617993878   -1.047197551   62.331379768  -32.933094465    4.459534053
    2.792526803   -1.047197551   55.424539955  -44.807437895    4.350513722
    2.967059728   -1.047197551   47.262753631  -47.332740312    3.746898505

   -3.141592654   -0.698131701   38.992282043  -45.020920332    2.888182734
   -2.967059728   -0.698131701   32.156622199  -32.632234335    0.665516986
   -2.792526803   -0.698131701   27.760125634  -17.826160263   -1.629717009
   -2.617993878   -0.698131701   25.830333914   -4.994275882   -3.860535309
   -2.443460953   -0.698131701   25.724586770    2.747032755   -6.030793383
   -2.268928028   -0.698131701   26.443214707    4.528513673   -8.293546661
   -2.094395102   -0.698131701   27.030762631    1.593785874  -10.892042291
   -1.919862177   -0.698131701   26.877732941   -3.469425351  -14.013177090
   -1.745329252   -0.698131701   25.865786746   -7.821149697  -17.609353763
   -1.570796327   -0.698131701   24.330834569   -9.161256041  -21.276774537
   -1.396263402   -0.698131701   22.915964610   -6.393769650  -24.316654582
   -1.221730476   -0.698131701   22.328680708    0.122695194  -25.969749235
   -1.047197551   -0.698131701   23.090630768    8.693639584  -25.728750230
   -0.872664626   -0.698131701   25.356445310   16.915512711  -23.532620355
   -0.698131701   -0.698131701   28.850854953   22.423577825  -19.764766634
   -0.523598776   -0.698131701   32.938309229   23.493745493  -15.091352763
   -0.349065850   -0.698131701   36.750162676   19.188918435  -10.251257924
   -0.174532925   -0.698131701   39.322570184    9.317174425   -5.891640739
    0.000000000   -0.698131701   39.731570959   -5.403966471   -2.458682357
    0.174532925   -0.698131701   37.290542918  -22.820722787   -0.104680630
    0.349065850   -0.698131701   31.855041960  -38.886775360    1.330364436
    0.523598776   -0.698131701   24.130929535  -48.087638502    2.239202453
    0.698131701   -0.698131701   15.788095476  -45.320519305    3.056436418
    0.872664626   -0.698131701    9.151506331  -28.568778305    4.044219996
    1.047197551   -0.698131701    6.486504557   -0.717044215    5.190336269
    1.221730476   -0.698131701    9.151117206   31.099703357    6.284570597
    1.396263402   -0.698131701   17.075303753   58.191111593    7.102980398
    1.570796327   -0.698131701   28.790792402   73.688221552    7.563159806
    1.745329252   -0.698131701   41.951381527   74.622872438    7.746796001
    1.919862177   -0.698131701   54.054587902   62.029341536    7.810668246
    2.094395102   -0.698131701   63.048955993   39.790865248    7.861609236
    2.268928028   -0.698131701   67.690537401   13.034846526    7.884582255
    2.443460953   -0.698131701   67.644823665  -13.105264861    7.752395615
    2.617993878   -0.698131701   63.415134104  -34.293116051    7.286371075
    2.792526803   -0.698131701   56.163050201  -47.376740821    6.330575826
    2.967059728   -0.698131701   47.466554665  -50.830987908    4.837750616

   -3.141592654   -0.349065850   39.669578444  -50.512899818    3.195505534
   -2.967059728   -0.349065850   31.838415983  -38.448562089    0.203968083
   -2.792526803   -0.349065850   26.436110012  -23.459281123   -2.832552197
   -2.617993878   -0.349065850   23.560835701  -10.177371859   -5.710201599
   -2.443460953   -0.349065850   22.585620910   -2.073092430   -8.367337891
   -2.268928028   -0.349065850   22.467447409   -0.315616152  -10.905149616
   -2.094395102   -0.349065850   22.174772350   -3.699565722  -13.511031527
   -1.919862177   -0.349065850   21.048063395   -9.299269113  -16.289751145
   -1.745329252   -0.349065850   19.008007760  -13.612403571  -19.085425766
   -1.570796327   -0.349065850   16.551137155  -13.688872320  -21.407106389
   -1.396263402   -0.349065850   14.562899682   -8.200867865  -22.567934683
   -1.221730476   -0.349065850   13.978708491    2.071510793  -21.977402146
   -1.047197551   -0.349065850   15.423830375   14.500531419  -19.453306676
   -0.872664626   -0.349065850   18.979482309   25.662772702  -15.340760618
   -0.698131701   -0.349065850   24.144690914   32.519141857  -10.391879120
   -0.523598776   -0.349065850   29.984656735   33.196302818   -5.488497367
   -0.349065850   -0.349065850   35.346314107   27.042688353   -1.353617177
   -0.174532925   -0.349065850   39.059590873   14.440631113    1.623430156
    0.000000000   -0.349065850   40.110393007   -3.125812076    3.447862340
    0.174532925   -0.349065850   37.863333229  -22.700093637    4.503302959
    0.349065850   -0.349065850   32.354128539  -39.607635360    5.406126054
    0.523598776   -0.349065850   24.540397319  -48.183139062    6.762231386
    0.698131701   -0.349065850   16.314630720  -43.805920807    8.881708664
    0.872664626   -0.349065850   10.096635542  -25.372362555   11.599310464
    1.047197551   -0.349065850    8.084121972    3.374299769   14.343503888
    1.221730476   -0.349065850   11.458437035   34.953473058   16.435930493
    1.396263402   -0.349065850   19.968269499   60.950978319   17.429454422
    1.570796327   -0.349065850   32.047720386   75.109352244   17.290304809
    1.745329252   -0.349065850   45.358017179   74.994968909   16.332829063
    1.919862177   -0.349065850   57.469068194   61.826372579   15.002294909
    2.094395102   -0.349065850   66.402463235   39.324170995   13.650389149
    2.268928028   -0.349065850   70.941135694   12.297993399   12.413436833
    2.443460953   -0.349065850   70.723057419  -14.400214912   11.218782035
    2.617993878   -0.349065850   66.190289303  -36.541816983    9.865790753
    2.792526803   -0.349065850   58.442594260  -50.833946847    8.132371165
    2.967059728   -0.349065850   49.035952686  -55.472687441    5.897148117

   -3.141592654    0.000000000   40.934111579  -56.210213375    2.472193114
   -2.967059728    0.000000000   32.076251653  -44.428051778   -0.440953225
   -2.792526803    0.000000000   25.638342927  -29.272175846   -3.269544603
   -2.617993878    0.000000000   21.784646972  -15.549629462   -5.848061028
   -2.443460953    0.000000000   19.909956862   -7.032060305   -8.146103664
   -2.268928028    0.000000000   18.943912439   -5.118347293  -10.271318613
   -2.094395102    0.000000000   17.809033753   -8.555091893  -12.371171761
   -1.919862177    0.000000000   15.839840654  -14.013536294  -14.463637590
   -1.745329252    0.000000000   13.044166708  -17.364282878  -16.297340443
   -1.570796327    0.000000000   10.108112064  -15.196308713  -17.346478808
   -1.396263402    0.000000000    8.142766518   -6.268900591  -17.013331715
   -1.221730476    0.000000000    8.234721030    7.865992347  -14.936864455
   -1.047197551    0.000000000   10.983384251   23.423077507  -11.253048374
   -0.872664626    0.000000000   16.247720371   35.975157765   -6.614880229
   -0.698131701    0.000000000   23.181338134   42.121373866   -1.960151549
   -0.523598776    0.000000000   30.506116003   40.383094510    1.845091615
   -0.349065850    0.000000000   36.844793149   31.002523098    4.315610604
   -0.174532925    0.000000000   40.978768165   15.417115371    5.463918693
    0.000000000    0.000000000   42.020536023   -3.948290135    5.753697225
    0.174532925    0.000000000   39.598072742  -23.577642655    5.948007831
    0.349065850    0.000000000   34.061688021  -38.794828144    6.846810672
    0.523598776    0.000000000   26.624095497  -44.609779234    8.989044708
    0.698131701    0.000000000   19.264399459  -37.603285476   12.394443260
    0.872664626    0.000000000   14.268943505  -17.880328106   16.487417684
    1.047197551    0.000000000   13.535053147   10.201854995   20.308940092
    1.221730476    0.000000000   17.915309904   39.443214512   22.934154578
    1.396263402    0.000000000   26.944266296   62.389581398   23.852998481
    1.570796327    0.000000000   39.027148740   73.843937665   23.122008105
    1.745329252    0.000000000   51.951175712   72.028655555   21.226937117
    1.919862177    0.000000000   63.475491118   58.232472949   18.794941682
    2.094395102    0.000000000   71.781999733   35.811984154   16.328432443
    2.268928028    0.000000000   75.733436683    9.077712796   14.068708805
    2.443460953    0.000000000   74.965408887  -17.537908874   12.006644050
    2.617993878    0.000000000   69.862837646  -40.017168614    9.974948013
    2.792526803    0.000000000   61.451611228  -55.009400614    7.766088528
    2.967059728    0.000000000   51.241068162  -60.486426433    5.257156575

   -3.141592654    0.349065850   42.148435865  -61.313427536    1.326861175
   -2.967059728    0.349065850   32.388493642  -49.587934330   -0.556481440
   -2.792526803    0.349065850   25.071323659  -34.119461601   -2.220189334
   -2.617993878    0.349065850   20.418329270  -19.831695779   -3.647761786
   -2.443460953    0.349065850   17.847492861  -10.740740421   -4.901759584
   -2.268928028    0.349065850   16.271179528   -8.434042153   -6.104408431
   -2.094395102    0.349065850   14.580466292  -11.604599980   -7.354260364
   -1.919862177    0.349065850   12.114367028  -16.577219246   -8.609995561
   -1.745329252    0.349065850    8.961131917  -18.741109207   -9.619734062
   -1.570796327    0.349065850    5.957502937  -14.435216613   -9.963673072
   -1.396263402    0.349065850    4.365093191   -2.692199534   -9.243668734
   -1.221730476    0.349065850    5.324549862   14.123491316   -7.316892461
   -1.047197551    0.349065850    9.324655928   31.248220126   -4.447130761
   -0.872664626    0.349065850   15.965420857   43.609270710   -1.243126749
   -0.698131701    0.349065850   24.088394071   47.865811748    1.591633414
   -0.523598776    0.349065850   32.173304111   43.267255393    3.564018933
   -0.349065850    0.349065850   38.763421510   31.096472684    4.598759278
   -0.174532925    0.349065850   42.742080050   13.778132435    5.037846838
    0.000000000    0.349065850   43.468973070   -5.600398558    5.499391763
    0.174532925    0.349065850   40.894081901  -23.381985016    6.667435143
    0.349065850    0.349065850   35.662125203  -35.348892535    9.045048585
    0.523598776    0.349065850   29.145857254  -37.560731611   12.744004114
    0.698131701    0.349065850   23.267844214  -27.963920546   17.368798971
    0.872664626    0.349065850   20.032686642   -7.766470845   22.074129642
    1.047197551    0.349065850   20.927398933   18.381512746   25.848161945
    1.221730476    0.349065850   26.430586995   43.942887423   27.899579565
    1.396263402    0.349065850   35.878880922   62.734524602   27.930808569
    1.570796327    0.349065850   47.706077533   70.772028873   26.182965181
    1.745329252    0.349065850   59.895855241   66.941060146   23.244144070
    1.919862177    0.349065850   70.459767361   52.520125506   19.778456457
    2.094395102    0.349065850   77.786514558   30.400220025   16.310480263
    2.268928028    0.349065850   80.848586042    4.308340738   13.132198829
    2.443460953    0.349065850   79.297100642  -21.795410965   10.323581430
    2.617993878    0.349065850   73.470161317  -44.136190135    7.827275163
    2.792526803    0.349065850   64.324817936  -59.351364918    5.534830609
    2.967059728    0.349065850   53.319382145  -65.235982469    3.370014423

   -3.141592654    0.698131701   43.578596281  -64.097332807   -0.347723625
   -2.967059728    0.698131701   33.332355845  -52.353263773   -0.866554402
   -2.792526803    0.698131701   25.539247343  -36.781226002   -1.081667133
   -2.617993878    0.698131701   20.436225436  -22.310661108   -1.128101800
   -2.443460953    0.698131701   17.449273255  -13.027095497   -1.150342251
   -2.268928028    0.698131701   15.488162321  -10.556030010   -1.275031245
   -2.094395102    0.698131701   13.443288758  -13.517888593   -1.569658231
   -1.919862177    0.698131701   10.676863963  -18.042600385   -2.001398326
   -1.745329252    0.698131701    7.337983202  -19.313084849   -2.431880936
   -1.570796327    0.698131701    4.346791268  -13.656543149   -2.660485620
   -1.396263402    0.698131701    3.022834779   -0.407679864   -2.525902385
   -1.221730476    0.698131701    4.488237935   17.522533697   -2.000028657
   -1.047197551    0.698131701    9.116412961   34.869713589   -1.216754417
   -0.872664626    0.698131701   16.331697996   46.411755618   -0.397845736
   -0.698131701    0.698131701   24.818704884   49.169042046    0.291659192
   -0.523598776    0.698131701   32.997585167   43.116332611    0.870729120
   -0.349065850    0.698131701   39.488519496   30.293206693    1.584361918
   -0.174532925    0.698131701   43.363525701   13.625156888    2.815500173
    0.000000000    0.698131701   44.222051496   -3.726526892    4.944985124
    0.174532925    0.698131701   42.227515744  -18.495310828    8.206863774
    0.349065850    0.698131701   38.134034694  -27.243872178   12.558973438
    0.523598776    0.698131701   33.262695583  -27.042301519   17.616937734
    0.698131701    0.698131701   29.309038738  -16.789348429   22.677665114
    0.872664626    0.698131701   27.920505064    1.843713052   26.863125953
    1.047197551    0.698131701   30.209579176   24.497493407   29.392923679
    1.221730476    0.698131701   36.394904247   45.585819822   29.857444036
    1.396263402    0.698131701   45.747813712   60.133597049   28.329030333
    1.570796327    0.698131701   56.831073235   65.092679458   25.281551466
    1.745329252    0.698131701   67.874029880   59.738648471   21.361449444
    1.919862177    0.698131701   77.153063420   45.198185269   17.172243283
    2.094395102    0.698131701   83.263529132   23.889482007   13.149053425
    2.268928028    0.698131701   85.291874906   -1.005934677    9.543634296
    2.443460953    0.698131701   82.914843160  -25.979242666    6.469148362
    2.617993878    0.698131701   76.433727437  -47.513124764    3.957953673
    2.792526803    0.698131701   66.741283799  -62.292851440    2.003719747
    2.967059728    0.698131701   55.236338377  -68.024981550    0.581478828

   -3.141592654    1.047197551   42.265384623  -64.081759417   -5.120696081
   -2.967059728    1.047197551   32.112323695  -51.358186823   -4.294206226
   -2.792526803    1.047197551   24.544729172  -35.267643783   -3.169372201
   -2.617993878    1.047197551   19.715685783  -20.751497837   -2.004899473
   -2.443460953    1.047197551   16.976354765  -11.789222274   -0.985384752
   -2.268928028    1.047197551   15.188938855   -9.813254604   -0.201613599
   -2.094395102    1.047197551   13.230239079  -13.254825605    0.335884241
   -1.919862177    1.047197551   10.476510566  -18.134892229    0.652379955
   -1.745329252    1.047197551    7.100626001  -19.626141951    0.753749849
   -1.570796327    1.047197551    4.040281654  -14.136636288    0.603688937
   -1.396263402    1.047197551    2.615472098   -1.102944347    0.146954346
   -1.221730476    1.047197551    3.934416884   16.520855934   -0.619938322
   -1.047197551    1.047197551    8.359301268   33.547572861   -1.576467102
   -0.872664626    1.047197551   15.328080419   44.961902384   -2.454146845
   -0.698131701    1.047197551   23.584456909   48.079243283   -2.873995032
   -0.523598776    1.047197551   31.657353977   43.132777801   -2.435156106
   -0.349065850    1.047197551   38.308589887   32.243004303   -0.812700335
   -0.174532925    1.047197551   42.742770139   18.158780417    2.149904401
    0.000000000    1.047197551   44.637921509    3.610399851    6.388117928
    0.174532925    1.047197551   44.144840508   -8.749074533   11.597400324
    0.349065850    1.047197551   41.890993404  -16.141186698   17.234234045
    0.523598776    1.047197551   38.962509991  -16.177641960   22.569012031
    0.698131701    1.047197551   36.751361096   -7.983342159   26.802900675
    0.872664626    1.047197551   36.604518020    7.062497879   29.248805072
    1.047197551    1.047197551   39.430228579   25.391401713   29.542977101
    1.221730476    1.047197551   45.405827467   42.409325350   27.763892347
    1.396263402    1.047197551   53.922184897   53.942100616   24.365990883
    1.570796327    1.047197551   63.761052004   57.244138307   19.986645613
    1.745329252    1.047197551   73.379587056   51.428305917   15.219700439
    1.919862177    1.047197551   81.228876284   37.216344420   10.501352381
    2.094395102    1.047197551   86.006989078   16.647556584    6.107487928
    2.268928028    1.047197551   86.850593242   -7.316389096    2.228303253
    2.443460953    1.047197551   83.462488232  -31.229694776   -0.975121978
    2.617993878    1.047197551   76.167397474  -51.557326816   -3.359184175
    2.792526803    1.047197551   65.884208347  -64.984389115   -4.826034815
    2.967059728    1.047197551   54.030847365  -69.299572095   -5.375105557

   -3.141592654    1.396263402   37.260780282  -62.577073912  -10.738597831
   -2.967059728    1.396263402   27.512183873  -48.320611991   -9.083636070
   -2.792526803    1.396263402   20.562088880  -31.338696087   -7.158051172
   -2.617993878    1.396263402   16.449113765  -16.568824146   -5.285633359
   -2.443460953    1.396263402   14.423073237   -7.863746255   -3.634020764
   -2.268928028    1.396263402   13.274412720   -6.453759311   -2.208127009
   -2.094395102    1.396263402   11.840620284  -10.619424196   -0.925537543
   -1.919862177    1.396263402    9.473933008  -16.369163549    0.255548129
   -1.745329252    1.396263402    6.313474839  -18.980548312    1.234569541
   -1.570796327    1.396263402    3.244970605  -14.931253098    1.777408288
   -1.396263402    1.396263402    1.542548926   -3.496091098    1.652326863
   -1.221730476    1.396263402    2.322632745   12.827529912    0.828487700
   -1.047197551    1.396263402    6.051377592   29.450711896   -0.397783203
   -0.872664626    1.396263402   12.365841400   41.798853999   -1.449570001
   -0.698131701    1.396263402   20.255709170   47.257120832   -1.664183812
   -0.523598776    1.396263402   28.469659860   45.697437502   -0.530705576
   -0.349065850    1.396263402   35.898092905   38.581120647    2.152689388
   -0.174532925    1.396263402   41.745105921   27.878434524    6.245572759
    0.000000000    1.396263402   45.554931705   15.593073666   11.317923512
    0.174532925    1.396263402   47.231866709    3.818200617   16.735149887
    0.349065850    1.396263402   47.081112098   -4.941993683   21.735647310
    0.523598776    1.396263402   45.850705657   -8.185626097   25.536892592
    0.698131701    1.396263402   44.655737521   -4.464749914   27.486570239
    0.872664626    1.396263402   44.703545389    5.817687435   27.239203389
    1.047197551    1.396263402   46.946116055   20.157968423   24.887870536
    1.221730476    1.396263402   51.765768085   34.662590692   20.939892186
    1.396263402    1.396263402   58.826300121   45.231263583   16.112817630
    1.570796327    1.396263402   67.142584670   48.617527519   11.073360988
    1.745329252    1.396263402   75.295105238   43.266324567    6.247405865
    1.919862177    1.396263402   81.757366746   29.453839457    1.811205225
    2.094395102    1.396263402   85.206400710    9.181968465   -2.198516831
    2.268928028    1.396263402   84.780804793  -14.336869386   -5.731298346
    2.443460953    1.396263402   80.236647797  -37.357422381   -8.647162177
    2.617993878    1.396263402   71.992081859  -56.197786498  -10.732040677
    2.792526803    1.396263402   61.064502172  -67.650587652  -11.785752254
    2.967059728    1.396263402   48.933351074  -69.792331707  -11.744555083

   -3.141592654    1.745329252   30.902785412  -59.578898789  -17.332004311
   -2.967059728    1.745329252   21.806448183  -43.983397237  -15.824275502
   -2.792526803    1.745329252   15.666292225  -26.533573736  -13.899550331
   -2.617993878    1.745329252   12.379982625  -11.988990422  -11.795396647
   -2.443460953    1.745329252   11.106103831   -3.849979881   -9.624799650
   -2.268928028    1.745329252   10.606890801   -3.010328297   -7.378749363
   -2.094395102    1.745329252    9.732683450   -7.643234627   -4.994107643
   -1.919862177    1.745329252    7.841752204  -13.939369895   -2.476961092
   -1.745329252    1.745329252    5.031422639  -17.493030227   -0.005270714
   -1.570796327    1.745329252    2.101712296  -14.916383017    2.075895065
   -1.396263402    1.745329252    0.254770506   -5.163097580    3.411888616
   -1.221730476    1.745329252    0.630050735   10.000822823    3.871834927
   -1.047197551    1.745329252    3.855349630   26.762979586    3.707796310
   -0.872664626    1.745329252    9.833466492   40.899408984    3.502497563
   -0.698131701    1.745329252   17.825104937   49.492130458    3.926826058
   -0.523598776    1.745329252   26.747659350   51.585370964    5.449942666
   -0.349065850    1.745329252   35.496761299   47.672197710    8.156002221
   -0.174532925    1.745329252   43.123014951   38.912963500   11.742212969
    0.000000000    1.745329252   48.903513392   26.826977903   15.625881957
    0.174532925    1.745329252   52.421171828   13.362419563   19.090513550
    0.349065850    1.745329252   53.663218407    1.226542419   21.418014907
    0.523598776    1.745329252   53.126609680   -6.517198137   22.030019743
    0.698131701    1.745329252   51.805061530   -7.527788993   20.641340552
    0.872664626    1.745329252   50.956959265   -1.170756900   17.384760830
    1.047197551    1.745329252   51.750778384   10.844993207   12.817823627
    1.221730476    1.745329252   54.875192566   24.820674694    7.747051932
    1.396263402    1.745329252   60.274860367   36.194344538    2.922937128
    1.570796327    1.745329252   67.126912687   40.882803058   -1.218596251
    1.745329252    1.745329252   74.029203838   36.593060738   -4.639559125
    1.919862177    1.745329252   79.378912160   23.288277352   -7.566244560
    2.094395102    1.745329252   81.764709870    3.143279338  -10.263574006
    2.268928028    1.745329252   80.297063439  -20.174439363  -12.837319586
    2.443460953    1.745329252   74.787555143  -42.455888853  -15.175089597
    2.617993878    1.745329252   65.772332304  -59.784721275  -17.009040078
    2.792526803    1.745329252   54.398148390  -69.086051054  -18.051437952
    2.967059728    1.745329252   42.223349564  -68.853476314  -18.146700749

   -3.141592654    2.094395102   23.703841605  -57.639449071  -19.149610387
   -2.967059728    2.094395102   15.049830070  -40.939265421  -17.695816421
   -2.792526803    2.094395102    9.501525436  -22.875241528  -15.732387740
   -2.617993878    2.094395102    6.881671433   -8.049924384  -13.459896780
   -2.443460953    2.094395102    6.310914896    0.265432080  -10.977381182
   -2.268928028    2.094395102    6.551167071    1.363847424   -8.268746388
   -2.094395102    2.094395102    6.470717019   -2.925053324   -5.253221538
   -1.919862177    2.094395102    5.426766747   -9.007169232   -1.904890170
   -1.745329252    2.094395102    3.465618805  -12.802506453    1.627360950
   -1.570796327    2.094395102    1.288347308  -11.095094077    4.994541294
   -1.396263402    2.094395102    0.000000000   -2.625484236    7.782610790
   -1.221730476    2.094395102    0.715065134   11.433402149    9.741599785
   -1.047197551    2.094395102    4.151942221   27.928702069   10.955547595
   -0.872664626    2.094395102   10.394203644   42.947056667   11.811783090
   -0.698131701    2.094395102   18.889859497   53.323616883   12.775634061
   -0.523598776    2.094395102   28.657575079   57.396381541   14.124196935
   -0.349065850    2.094395102   38.555608095   54.860841112   15.791597312
   -0.174532925    2.094395102   47.470638933   46.250592385   17.406084904
    0.000000000    2.094395102   54.435536313   32.800176849   18.428015643
    0.174532925    2.094395102   58.769431745   16.515999087   18.313645575
    0.349065850    2.094395102   60.233781663    0.490135772   16.660187108
    0.523598776    2.094395102   59.194838490  -11.518836007   13.337955615
    0.698131701    2.094395102   56.660365256  -16.242263454    8.593870645
    0.872664626    2.094395102   54.067920441  -12.137810213    3.066929349
    1.047197551    2.094395102   52.893026053   -0.416471840   -2.360137342
    1.221730476    2.094395102   54.159359608   15.026968998   -6.861882370
    1.396263402    2.094395102   58.054082247   28.813288857   -9.983534381
    1.570796327    2.094395102   63.828524085   35.825167802  -11.787628245
    1.745329252    2.094395102   69.992286974   33.019553836  -12.752621997
    1.919862177    2.094395102   74.771371144   20.173365986  -13.494741880
    2.094395102    2.094395102   76.598493622   -0.199123766  -14.478149581
    2.268928028    2.094395102   74.515392898  -23.838869264  -15.847435590
    2.443460953    2.094395102   68.367088479  -45.997419060  -17.432533021
    2.617993878    2.094395102   58.794575208  -62.495162121  -18.870227646
    2.792526803    2.094395102   47.064804356  -70.363109081  -19.772570603
    2.967059728    2.094395102   34.813407027  -68.441245675  -19.884633615

   -3.141592654    2.443460953   17.263463139  -56.470970488  -13.144207582
   -2.967059728    2.443460953    8.914468804  -38.649362649  -11.688084506
   -2.792526803    2.443460953    3.849767678  -19.664594501   -9.895603726
   -2.617993878    2.443460953    1.859588613   -4.065930012   -7.891650662
   -2.443460953    2.443460953    2.048418168    4.983212336   -5.705090466
   -2.268928028    2.443460953    3.180799124    6.877019091   -3.255898939
   -2.094395102    2.443460953    4.137162567    3.435265533   -0.391964233
   -1.919862177    2.443460953    4.269909994   -1.936916009    3.007186103
   -1.745329252    2.443460953    3.574510956   -5.478196330    6.901014453
   -1.570796327    2.443460953    2.648734954   -4.208123634   11.014809580
   -1.396263402    2.443460953    2.477642397    3.202596149   14.906236133
   -1.221730476    2.443460953    4.099318384   15.996578998   18.143480260
   -1.047197551    2.443460953    8.242515915   31.542053825   20.487381614
   -0.872664626    2.443460953   15.074931539   46.189388372   21.943282659
   -0.698131701    2.443460953   24.136048725   56.590207793   22.650261145
   -0.523598776    2.443460953   34.470280790   60.540854321   22.708877172
   -0.349065850    2.443460953   44.859296560   57.184772839   22.063941841
   -0.174532925    2.443460953   54.034885246   46.732727973   20.527161334
    0.000000000    2.443460953   60.850132565   30.456233517   17.873906127
    0.174532925    2.443460953   64.480089840   10.731553872   13.960680015
    0.349065850    2.443460953   64.629767098   -8.724809269    8.829500677
    0.523598776    2.443460953   61.734167689  -23.371831205    2.787389411
    0.698131701    2.443460953   57.008473501  -29.177468443   -3.567110585
    0.872664626    2.443460953   52.207829482  -24.158077327   -9.415930016
    1.047197551    2.443460953   49.151958230   -9.693297772  -13.938484017
    1.221730476    2.443460953   49.119851856    9.501675072  -16.606636169
    1.396263402    2.443460953   52.374251730   26.885515828  -17.393571094
    1.570796327    2.443460953   58.046971968   36.350129617  -16.776432362
    1.745329252    2.443460953   64.401212515   34.425563223  -15.510676186
    1.919862177    2.443460953   69.399646799   21.110893819  -14.322835737
    2.094395102    2.443460953   71.291173495   -0.442713135  -13.662732917
    2.268928028    2.443460953   69.057120363  -25.263323464  -13.619233593
    2.443460953    2.443460953   62.593022617  -48.070935130  -13.985734373
    2.617993878    2.443460953   52.655932467  -64.466448853  -14.404535185
    2.792526803    2.443460953   40.640328953  -71.576531355  -14.523059005
    2.967059728    2.443460953   28.274581006  -68.506889641  -14.120051077

   -3.141592654    2.792526803   14.353644600  -54.940692006    1.006766474
   -2.967059728    2.792526803    6.307232994  -36.734184369    2.689303564
   -2.792526803    2.792526803    1.606887360  -17.413044277    4.196372476
   -2.617993878    2.792526803    0.043307025   -1.411489560    5.536307499
   -2.443460953    2.792526803    0.744576331    8.238088230    6.849914826
   -2.268928028    2.792526803    2.519437328   11.033520176    8.378289620
   -2.094395102    2.792526803    4.303960780    8.808722380   10.396596409
   -1.919862177    2.792526803    5.494669564    4.812606759   13.111524079
   -1.745329252    2.792526803    6.087010299    2.456864532   16.544187733
   -1.570796327    2.792526803    6.608602048    4.305003134   20.448868848
   -1.396263402    2.792526803    7.910255649   11.404933366   24.344090699
   -1.221730476    2.792526803   10.870938001   23.004698207   27.652056450
   -1.047197551    2.792526803   16.084802940   36.726027375   29.882688707
   -0.872664626    2.792526803   23.636351076   49.208752113   30.749253938
   -0.698131701    2.792526803   33.020638715   57.244877717   30.164935158
   -0.523598776    2.792526803   43.245836385   58.586469260   28.163646800
   -0.349065850    2.792526803   53.044899006   52.329900893   24.820822615
   -0.174532925    2.792526803   61.103791142   38.778920990   20.249135251
    0.000000000    2.792526803   66.265280612   19.511801214   14.630065822
    0.174532925    2.792526803   67.763155876   -2.617114655    8.244771804
    0.349065850    2.792526803   65.450690784  -23.356755223    1.502888006
    0.523598776    2.792526803   60.000974525  -37.710363147   -5.052358589
    0.698131701    2.792526803   52.928680224  -41.418682715  -10.777231921
    0.872664626    2.792526803   46.293694229  -32.701320512  -15.030111910
    1.047197551    2.792526803   42.140449532  -13.651358219  -17.362192084
    1.221730476    2.792526803   41.813013177    9.966090725  -17.707710171
    1.396263402    2.792526803   45.453826784   30.599000348  -16.434733920
    1.570796327    2.792526803   51.933250634   41.596163689  -14.213877547
    1.745329252    2.792526803   59.213116079   39.559918591  -11.748809832
    1.919862177    2.792526803   65.013411252   25.056974287   -9.544011840
    2.094395102    2.792526803   67.458879422    1.966810124   -7.791704698
    2.268928028    2.792526803   65.525885739  -24.142531492   -6.416296868
    2.443460953    2.792526803   59.185534815  -47.670037263   -5.199003733
    2.617993878    2.792526803   49.300367247  -64.184127335   -3.915901452
    2.792526803    2.792526803   37.356767629  -70.992375034   -2.431684001
    2.967059728    2.792526803   25.135348821  -67.442737100   -0.751747813
