#! FIELDS phi psi file.free der_phi der_psi
#! SET min_phi -pi
#! SET max_phi pi
#! SET nbins_phi  36
#! SET periodic_phi true
#! SET min_psi -pi
#! SET max_psi pi
#! SET nbins_psi  18
#! SET periodic_psi true
   -3.141592654   -3.141592654   17.719945570  -52.538507210   17.964745169
   -2.967059728   -3.141592654    9.996378794  -35.399852269   20.001188025
   -2.792526803   -3.141592654    5.458494449  -16.817366652   21.165275648
   -2.617993878   -3.141592654    3.968677740   -1.072378086   21.591914678
   -2.443460953   -3.141592654    4.748849998    8.904496358   21.638960876
   -2.268928028   -3.141592654    6.715420210   12.666505197   21.793102995
   -2.094395102   -3.141592654    8.913989733   12.007795909   22.522807397
   -1.919862177   -3.141592654   10.828490958    9.939223551   24.125624430
   -1.745329252   -3.141592654   12.479770740    9.401285811   26.613277146
   -1.570796327   -3.141592654   14.324447883   12.362922232   29.659237307
   -1.396263402   -3.141592654   17.043498006   19.367746292   32.657913196
   -1.221730476   -3.141592654   21.280873691   29.447543748   34.879834942
   -1.047197551   -3.141592654   27.388567021   40.343551383   35.681698536
   -0.872664626   -3.141592654   35.251699269   49.046195701   34.668864782
   -0.698131701   -3.141592654   44.235633056   52.780572658   31.760598728
   -0.523598776   -3.141592654   53.297770765   49.761444680   27.149446683
   -0.349065850   -3.141592654   61.205802879   39.616453130   21.206148519
   -0.174532925   -3.141592654   66.776807107   23.208148369   14.410168328
    0.000000000   -3.141592654   69.077360680    2.580957071    7.298430675
    0.174532925   -3.141592654   67.627923801  -19.156524847    0.413503352
    0.349065850   -3.141592654   62.588594758  -37.783208749   -5.725435368
    0.523598776   -3.141592654   54.913083829  -48.568954084  -10.659293128
    0.698131701   -3.141592654   46.331609843  -47.727036682  -14.030215078
    0.872664626   -3.141592654   39.017353111  -34.181123538  -15.637125785
    1.047197551   -3.141592654   34.989414071  -10.890499235  -15.518329808
    1.221730476   -3.141592654   35.417705100   15.611011549  -13.993254954
    1.396263402   -3.141592654   40.170203683   37.429872898  -11.580683187
    1.570796327   -3.141592654   47.836565235   48.201317816   -8.822943228
    1.745329252   -3.141592654   56.192576904   45.257202052   -6.084155400
    1.919862177   -3.141592654   62.909862599   29.942079448   -3.468549089
    2.094395102   -3.141592654   66.174142953    6.564328028   -0.864154544
    2.268928028   -3.141592654   65.055043141  -19.359745659    1.914844497
    2.443460953   -3.141592654   59.576928606  -42.599078953    4.993786403
    2.617993878   -3.141592654   50.582809943  -59.121184268    8.357335447
    2.792526803   -3.141592654   39.485859836  -66.452201425   11.841004720
    2.967059728   -3.141592654   27.978732730  -63.874200145   15.154968146

   -3.141592654   -2.792526803   25.473877617  -48.350008778   25.918437848
   -2.967059728   -2.792526803   18.301083253  -33.292778422   27.668565775
   -2.792526803   -2.792526803   13.958907408  -16.613455886   28.325916861
   -2.617993878   -2.792526803   12.381959084   -2.139132456   28.185205043
   -2.443460953   -2.792526803   12.933510094    7.520999307   27.736966620
   -2.268928028   -2.792526803   14.706281128   11.989687953   27.530348959
   -2.094395102   -2.792526803   16.911847278   12.872399342   28.002463253
   -1.919862177   -2.792526803   19.146037643   12.766774129   29.337309326
   -1.745329252   -2.792526803   21.453957892   14.018667978   31.396074926
   -1.570796327   -2.792526803   24.204303452   17.938236020   33.716796279
   -1.396263402   -2.792526803   27.881390137   24.511951166   35.611957450
   -1.221730476   -2.792526803   32.858411019   32.522728462   36.334885091
   -1.047197551   -2.792526803   39.212242420   39.899764043   35.293025368
   -0.872664626   -2.792526803   46.622541601   44.233156678   32.211251937
   -0.698131701   -2.792526803   54.374534770   43.549144968   27.197965715
   -0.523598776   -2.792526803   61.486604456   36.829874394   20.688999257
   -0.349065850   -2.792526803   66.906349997   24.294392839   13.314935818
   -0.174532925   -2.792526803   69.712699455    7.149358899    5.773632079
    0.000000000   -2.792526803   69.271229248  -12.501462405   -1.263348864
    0.174532925   -2.792526803   65.387278296  -31.741721119   -7.230759017
    0.349065850   -2.792526803   58.451963805  -46.777074016  -11.705673824
    0.523598776   -2.792526803   49.562547674  -53.439728010  -14.447535811
    0.698131701   -2.792526803   40.489487890  -48.538720484  -15.424046736
    0.872664626   -2.792526803   33.344068873  -31.566039678  -14.815024006
    1.047197551   -2.792526803   29.994241186   -5.924956960  -13.002642853
    1.221730476   -2.792526803   31.401711196   21.675922630  -10.496914836
    1.396263402   -2.792526803   37.227268902   43.526050599   -7.782458316
    1.570796327   -2.792526803   45.915069441   53.778745381   -5.158784838
    1.745329252   -2.792526803   55.198566407   50.363436694   -2.645471851
    1.919862177   -2.792526803   62.798822385   35.051774453   -0.036583929
    2.094395102   -2.792526803   66.996620940   12.224808087    2.949339963
    2.268928028   -2.792526803   66.939208618  -12.843617454    6.495172150
    2.443460953   -2.792526803   62.670405910  -35.319572892   10.579234228
    2.617993878   -2.792526803   54.982446116  -51.541635722   14.964828950
    2.792526803   -2.792526803   45.184582589  -59.287630469   19.268011565
    2.967059728   -2.792526803   34.837042151  -57.889983968   23.047487666

   -3.141592654   -2.443460953   34.258642156  -44.209678687   23.517148501
   -2.967059728   -2.443460953   27.630010997  -31.184247700   24.895265584
   -2.792526803   -2.443460953   23.500416992  -16.193232829   25.406555046
   -2.617993878   -2.443460953   21.900298920   -2.681214908   25.309957566
   -2.443460953   -2.443460953   22.341041496    6.948806009   24.966989747
   -2.268928028   -2.443460953   24.074743716   12.232598672   24.750593696
   -2.094395102   -2.443460953   26.432564107   14.412224984   24.929801435
   -1.919862177   -2.443460953   29.048646915   15.547872384   25.569036166
   -1.745329252   -2.443460953   31.906250294   17.385905333   26.485954459
   -1.570796327   -2.443460953   35.213995798   20.744171218   27.263731593
   -1.396263402   -2.443460953   39.229922294   25.361466678   27.349079823
   -1.221730476   -2.443460953   44.087737518   30.142032079   26.197941157
   -1.047197551   -2.443460953   49.682111506   33.522878261   23.453437086
   -0.872664626   -2.443460953   55.625254963   33.879683720   19.065531131
   -0.698131701   -2.443460953   61.276728170   30.038766523   13.320634644
   -0.523598776   -2.443460953   65.854277240   21.573872044    6.763198304
   -0.349065850   -2.443460953   68.579155565    8.956578091    0.055981300
   -0.174532925   -2.443460953   68.818312582   -6.674234466   -6.152104404
    0.000000000   -2.443460953   66.190106376  -23.560489975  -11.316503119
    0.174532925   -2.443460953   60.676270835  -39.267647423  -15.072160633
    0.349065850   -2.443460953   52.755216070  -50.539495247  -17.252312502
    0.523598776   -2.443460953   43.521272398  -53.694379289  -17.895179508
    0.698131701   -2.443460953   34.665483413  -45.911828514  -17.215188629
    0.872664626   -2.443460953   28.165558178  -26.941942289  -15.546555133
    1.047197551   -2.443460953   25.723816729   -0.294595479  -13.286510759
    1.221730476   -2.443460953   28.134938402   27.430543616  -10.812721861
    1.396263402   -2.443460953   34.932663894   48.863213489   -8.379356495
    1.570796327   -2.443460953   44.508489338   58.653241240   -6.045551571
    1.745329252   -2.443460953   54.628927666   55.167602630   -3.670198895
    1.919862177   -2.443460953   63.104932603   40.373000562   -1.011282195
    2.094395102   -2.443460953   68.313211861   18.526482092    2.138417584
    2.268928028   -2.443460953   69.452223347   -5.467723390    5.829655429
    2.443460953   -2.443460953   66.544550741  -27.198657501    9.913876848
    2.617993878   -2.443460953   60.293591870  -43.329608948   14.080692509
    2.792526803   -2.443460953   51.879739500  -51.785552200   17.952216532
    2.967059728   -2.443460953   42.726726682  -51.830236094   21.178635149

   -3.141592654   -2.094395102   40.650927742  -41.029073529   13.838951833
   -2.967059728   -2.094395102   34.458733111  -29.343724120   14.657977689
   -2.792526803   -2.094395102   30.550670684  -15.441224481   15.075656588
   -2.617993878   -2.094395102   29.015153139   -2.619337415   15.225156575
   -2.443460953   -2.094395102   29.441470226    6.798254948   15.226633701
   -2.268928028   -2.094395102   31.160751943   12.270645637   15.176400094
   -2.094395102   -2.094395102   33.555102657   14.789433529   15.118509959
   -1.919862177   -2.094395102   36.253394957   16.046827117   15.002699731
   -1.745329252   -2.094395102   39.166686905   17.400122562   14.663431415
   -1.570796327   -2.094395102   42.372343896   19.413897512   13.827954509
   -1.396263402   -2.094395102   45.973457299   21.813763208   12.190471368
   -1.221730476   -2.094395102   49.971750543   23.794495174    9.515825714
   -1.047197551   -2.094395102   54.205240868   24.331055592    5.759847834
   -0.872664626   -2.094395102   58.335378150   22.453499709    1.128484105
   -0.698131701   -2.094395102   61.877514160   17.524576566   -3.946319437
   -0.523598776   -2.094395102   64.277771132    9.387530763   -8.913749856
   -0.349065850   -2.094395102   65.003274488   -1.558115556  -13.245822317
   -0.174532925   -2.094395102   63.628825818  -14.512095887  -16.556171199
    0.000000000   -2.094395102   59.904934342  -28.241451628  -18.657258059
    0.174532925   -2.094395102   53.847906602  -40.856603516  -19.581761775
    0.349065850   -2.094395102   45.883392006  -49.552354681  -19.531472820
    0.523598776   -2.094395102   36.991397815  -50.893278792  -18.801715686
    0.698131701   -2.094395102   28.724646739  -42.077194707  -17.682736657
    0.872664626   -2.094395102   22.934199855  -22.730794005  -16.376787590
    1.047197551   -2.094395102   21.225710245    3.846060522  -14.974679623
    1.221730476   -2.094395102   24.337578135   31.312594198  -13.474043816
    1.396263402   -2.094395102   31.794847290   52.571315568  -11.803922367
    1.570796327   -2.094395102   42.025298557   62.509395048   -9.862797986
    1.745329252   -2.094395102   52.862849038   59.587355277   -7.551767917
    1.919862177   -2.094395102   62.185077000   45.674746690   -4.824229847
    2.094395102   -2.094395102   68.403163805   24.768476353   -1.722391384
    2.268928028   -2.094395102   70.698145919    1.459498103    1.605364008
    2.443460953   -2.094395102   69.025542360  -20.078023366    4.925729602
    2.617993878   -2.094395102   63.992501781  -36.594936185    7.976901348
    2.792526803   -2.094395102   56.682257641  -45.957158738   10.540319099
    2.967059728   -2.094395102   48.442052394  -47.260106234   12.497395163

   -3.141592654   -1.745329252   42.614706051  -39.887659429    4.841043033
   -2.967059728   -1.745329252   36.595716516  -28.470236193    5.251937495
   -2.792526803   -1.745329252   32.828876007  -14.691168272    5.606897049
   -2.617993878   -1.745329252   31.412397995   -2.024617170    5.879479278
   -2.443460953   -1.745329252   31.919385772    7.098656614    5.949970205
   -2.268928028   -1.745329252   33.651481444   12.084216547    5.661440066
   -2.094395102   -1.745329252   35.953433692   13.870958733    4.866970651
   -1.919862177   -1.745329252   38.404592554   14.073524499    3.454712670
   -1.745329252   -1.745329252   40.852670995   13.974247288    1.366527065
   -1.570796327   -1.745329252   43.306006679   14.175784676   -1.386412493
   -1.396263402   -1.745329252   45.821864389   14.625442010   -4.697949265
   -1.221730476   -1.745329252   48.411954040   14.940670983   -8.366038100
   -1.047197551   -1.745329252   51.008077220   14.594120296  -12.106571484
   -0.872664626   -1.745329252   53.446363403   13.018933013  -15.592141116
   -0.698131701   -1.745329252   55.462694347    9.682482508  -18.495563622
   -0.523598776   -1.745329252   56.712157984    4.184085041  -20.536771014
   -0.349065850   -1.745329252   56.801078254   -3.611753905  -21.533299559
   -0.174532925   -1.745329252   55.337895404  -13.541309335  -21.455534246
    0.000000000   -1.745329252   51.998862985  -24.959874784  -20.465180148
    0.174532925   -1.745329252   46.638287445  -36.350913009  -18.918791199
    0.349065850   -1.745329252   39.480595003  -44.992185356  -17.280539867
    0.523598776   -1.745329252   31.319392461  -47.194942092  -15.975412724
    0.698131701   -1.745329252   23.588998375  -39.647202236  -15.228938092
    0.872664626   -1.745329252   18.119352234  -21.415424914  -14.980435638
    1.047197551   -1.745329252   16.583069430    4.614215554  -14.929163519
    1.221730476   -1.745329252   19.834569053   32.252735464  -14.681576952
    1.396263402   -1.745329252   27.517701251   54.290428483  -13.903522922
    1.570796327   -1.745329252   38.143728509   65.340655900  -12.431487699
    1.745329252   -1.745329252   49.576640973   63.543483590  -10.293101217
    1.919862177   -1.745329252   59.670557838   50.487244015   -7.674952462
    2.094395102   -1.745329252   66.772012957   29.983191337   -4.853625193
    2.268928028   -1.745329252   69.974530970    6.549306601   -2.126207902
    2.443460953   -1.745329252   69.144052371  -15.593153527    0.252927742
    2.617993878   -1.745329252   64.816032253  -33.037915955    2.121798162
    2.792526803   -1.745329252   58.037743610  -43.414396359    3.440486839
    2.967059728   -1.745329252   50.164229221  -45.576805545    4.294701595

   -3.141592654   -1.396263402   41.672763812  -39.909182407    0.764470229
   -2.967059728   -1.396263402   35.672717560  -28.224186682    0.635038395
   -2.792526803   -1.396263402   31.969923437  -14.251937781    0.566844953
   -2.617993878   -1.396263402   30.620593356   -1.781794584    0.487781980
   -2.443460953   -1.396263402   31.113195963    6.594798283    0.200181742
   -2.268928028   -1.396263402   32.652271231   10.298547384   -0.558426264
   -2.094395102   -1.396263402   34.501071248   10.418290122   -2.048929482
   -1.919862177   -1.396263402   36.191420926    8.806486665   -4.452678390
   -1.745329252   -1.396263402   37.570506919    7.042947811   -7.791294867
   -1.570796327   -1.396263402   38.702503025    6.079700584  -11.864167394
   -1.396263402   -1.396263402   39.761839716    6.191914176  -16.248191295
   -1.221730476   -1.396263402   40.925476315    7.207116527  -20.387253899
   -1.047197551   -1.396263402   42.308729671    8.583774542  -23.734303447
   -0.872664626   -1.396263402   43.908944755    9.526696510  -25.877510444
   -0.698131701   -1.396263402   45.567847438    9.110583252  -26.601817396
   -0.523598776   -1.396263402   46.973577743    6.507650345  -25.889503745
   -0.349065850   -1.396263402   47.690998190    1.164856970  -23.906548897
   -0.174532925   -1.396263402   47.218271737   -7.128813398  -20.997132224
    0.000000000   -1.396263402   45.060884236  -18.040970209  -17.669225783
    0.174532925   -1.396263402   40.858909802  -30.206968499  -14.528540541
    0.349065850   -1.396263402   34.619896437  -40.768999136  -12.132071694
    0.523598776   -1.396263402   26.976743872  -45.532769959  -10.812957357
    0.698131701   -1.396263402   19.317780864  -40.405676930  -10.557011266
    0.872664626   -1.396263402   13.566910780  -23.684074073  -11.009486118
    1.047197551   -1.396263402   11.601161049    2.183439269  -11.622719767
    1.221730476   -1.396263402   14.512607158   30.960094143  -11.871730813
    1.396263402   -1.396263402   22.133925137   54.941084117  -11.420559049
    1.570796327   -1.396263402   33.057214629   68.048309315  -10.192819057
    1.745329252   -1.396263402   45.109928211   67.805946706   -8.336559038
    1.919862177   -1.396263402   56.023174815   55.449470111   -6.136586440
    2.094395102   -1.396263402   63.986307275   34.749094698   -3.918132586
    2.268928028   -1.396263402   67.951206162   10.425207725   -1.969937644
    2.443460953   -1.396263402   67.690482469  -12.968157715   -0.491589646
    2.617993878   -1.396263402   63.708614094  -31.667634936    0.435219105
    2.792526803   -1.396263402   57.080638060  -42.991761930    0.848427556
    2.967059728   -1.396263402   49.234047178  -45.620465659    0.894697044

   -3.141592654   -1.047197551   38.920937800  -41.897051021    2.285703570
   -2.967059728   -1.047197551   32.624266004  -29.603157155    1.130445544
   -2.792526803   -1.047197551   28.741337884  -14.962007261   -0.079279670
   -2.617993878   -1.047197551   27.306016480   -2.142355079   -1.311292554
   -2.443460953   -1.047197551   27.722964189    5.969100798   -2.659696337
   -2.268928028   -1.047197551   29.075077289    8.658247675   -4.330503458
   -2.094395102   -1.047197551   30.498985445    7.101975473   -6.590719418
   -1.919862177   -1.047197551   31.436724691    3.482204720   -9.651773024
   -1.745329252   -1.047197551   31.722900513   -0.068713141  -13.521115885
   -1.570796327   -1.047197551   31.516419634   -1.952997518  -17.885593583
   -1.396263402   -1.047197551   31.190543465   -1.396665789  -22.131830365
   -1.221730476   -1.047197551   31.178622692    1.555536942  -25.515789916
   -1.047197551   -1.047197551   31.833543475    6.033382835  -27.413337884
   -0.872664626   -1.047197551   33.303379529   10.606320398  -27.504578217
   -0.698131701   -1.047197551   35.459971949   13.646897246  -25.824506260
   -0.523598776   -1.047197551   37.908703780   13.756358235  -22.696966344
   -0.349065850   -1.047197551   40.046092972    9.971561770  -18.631676988
   -0.174532925   -1.047197551   41.145357220    1.830514019  -14.235914106
    0.000000000   -1.047197551   40.457869423  -10.395223076  -10.134669650
    0.174532925   -1.047197551   37.382194019  -25.117776980   -6.854761361
    0.349065850   -1.047197551   31.754316237  -38.902072343   -4.697154478
    0.523598776   -1.047197551   24.162742780  -46.710806420   -3.652561390
    0.698131701   -1.047197551   16.102775559  -43.608421698   -3.426725395
    0.872664626   -1.047197551    9.726913621  -27.388293066   -3.578087334
    1.047197551   -1.047197551    7.183198238   -0.534382975   -3.695078649
    1.221730476   -1.047197551    9.783464680   30.202065313   -3.518070561
    1.396263402   -1.047197551   17.466120194   56.367329509   -2.956076328
    1.570796327   -1.047197551   28.800635484   71.206241613   -2.037946408
    1.745329252   -1.047197551   41.495375791   71.838755736   -0.855213075
    1.919862177   -1.047197551   53.119415675   59.406013414    0.469963407
    2.094395102   -1.047197551   61.707414964   37.842555638    1.788635981
    2.268928028   -1.047197551   66.099388742   12.175862505    2.932547312
    2.443460953   -1.047197551   66.014444521  -12.692501522    3.737538522
    2.617993878   -1.047197551   61.962764581  -32.693123036    4.080199426
    2.792526803   -1.047197551   55.071899304  -44.894586394    3.907014596
    2.967059728   -1.047197551   46.857461628  -47.848081572    3.266974360

   -3.141592654   -0.698131701   38.404358162  -45.871196935    2.445186555
   -2.967059728   -0.698131701   31.404256256  -33.623961421    0.285704336
   -2.792526803   -0.698131701   26.839208668  -18.725035223   -1.952853672
   -2.617993878   -0.698131701   24.774266461   -5.615683063   -4.141400325
   -2.443460953   -0.698131701   24.591598026    2.501729569   -6.285985608
   -2.268928028   -0.698131701   25.300892134    4.661982951   -8.540421189
   -2.094395102   -0.698131701   25.939106068    2.020257390  -11.148948559
   -1.919862177   -0.698131701   25.874203543   -2.917617671  -14.294327090
   -1.745329252   -0.698131701   24.953410399   -7.364575046  -17.915711745
   -1.570796327   -0.698131701   23.473981671   -9.003240378  -21.588512985
   -1.396263402   -0.698131701   22.050876703   -6.651139927  -24.595535919
   -1.221730476   -0.698131701   21.383383359   -0.517325294  -26.171257053
   -1.047197551   -0.698131701   22.011437861    7.840080508  -25.818627336
   -0.872664626   -0.698131701   24.127411418   16.098668086  -23.499549170
   -0.698131701   -0.698131701   27.500508943   21.887830581  -19.626490117
   -0.523598776   -0.698131701   31.531157973   23.394896031  -14.893030340
   -0.349065850   -0.698131701   35.365780229   19.540140884  -10.057949516
   -0.174532925   -0.698131701   38.029612754    9.981878002   -5.773887732
    0.000000000   -0.698131701   38.565288263   -4.656441680   -2.472682479
    0.174532925   -0.698131701   36.244929686  -22.212620203   -0.271838877
    0.349065850   -0.698131701   30.894058995  -38.526016186    1.034755970
    0.523598776   -0.698131701   23.214258449  -47.912285385    1.880745026
    0.698131701   -0.698131701   14.898859426  -45.143344340    2.719095178
    0.872664626   -0.698131701    8.307782339  -28.196087077    3.800723491
    1.047197551   -0.698131701    5.730815444   -0.083232821    5.077692786
    1.221730476   -0.698131701    8.521185288   31.874156588    6.295810605
    1.396263402   -0.698131701   16.575021619   58.860211049    7.195148696
    1.570796327   -0.698131701   28.380919280   74.031466385    7.674680558
    1.745329252   -0.698131701   41.567580830   74.590457348    7.814938335
    1.919862177   -0.698131701   53.642647336   61.779653375    7.783965559
    2.094395102   -0.698131701   62.593201869   39.582979149    7.707685352
    2.268928028   -0.698131701   67.215839356   13.043141047    7.594911767
    2.443460953   -0.698131701   67.189433924  -12.912020721    7.343970055
    2.617993878   -0.698131701   62.994534390  -34.128116034    6.798588697
    2.792526803   -0.698131701   55.750121723  -47.487295344    5.814713600
    2.967059728   -0.698131701   46.999728285  -51.341718727    4.342234200

   -3.141592654   -0.349065850   39.002431808  -51.210284367    2.909337832
   -2.967059728   -0.349065850   31.032919261  -39.299785439    0.040339416
   -2.792526803   -0.349065850   25.483593984  -24.253577811   -2.885048106
   -2.617993878   -0.349065850   22.487861196  -10.734812017   -5.675928145
   -2.443460953   -0.349065850   21.443639615   -2.290909258   -8.276589798
   -2.268928028   -0.349065850   21.317980003   -0.188496762  -10.789939938
   -2.094395102   -0.349065850   21.072120993   -3.309748742  -13.402925639
   -1.919862177   -0.349065850   20.025278913   -8.802222805  -16.214021386
   -1.745329252   -0.349065850   18.066986602  -13.203229813  -19.052928106
   -1.570796327   -0.349065850   15.660324278  -13.539609459  -21.407728597
   -1.396263402   -0.349065850   13.667469895   -8.405856268  -22.571971671
   -1.221730476   -0.349065850   13.017823379    1.546104027  -21.944590768
   -1.047197551   -0.349065850   14.353019744   13.801990338  -19.347563384
   -0.872664626   -0.349065850   17.786638174   25.001986109  -15.143580489
   -0.698131701   -0.349065850   22.854530161   32.094713915  -10.112662068
   -0.523598776   -0.349065850   28.650227548   33.124263224   -5.167000120
   -0.349065850   -0.349065850   34.030351366   27.317166558   -1.052901396
   -0.174532925   -0.349065850   37.813461896   14.940266725    1.835064455
    0.000000000   -0.349065850   38.957967428   -2.579743668    3.521340368
    0.174532925   -0.349065850   36.798617793  -22.255165481    4.430305266
    0.349065850   -0.349065850   31.354067540  -39.303286248    5.226607527
    0.523598776   -0.349065850   23.586935129  -47.924137270    6.552460419
    0.698131701   -0.349065850   15.414528903  -43.422169132    8.726224109
    0.872664626   -0.349065850    9.284591577  -24.731282460   11.559563849
    1.047197551   -0.349065850    7.406488203    4.258040760   14.435463110
    1.221730476   -0.349065850   10.943270369   35.888896401   16.627105971
    1.396263402   -0.349065850   19.599847904   61.651207740   17.653725162
    1.570796327   -0.349065850   31.763062215   75.347168586   17.472223314
    1.745329252   -0.349065850   45.070538326   74.742934999   16.409458945
    1.919862177   -0.349065850   57.108083005   61.284871961   14.935839955
    2.094395102   -0.349065850   65.944298503   38.806027728   13.431154403
    2.268928028   -0.349065850   70.412442230   12.034290781   12.057896052
    2.443460953   -0.349065850   70.173249481  -14.391674693   10.765754575
    2.617993878   -0.349065850   65.652914723  -36.446533974    9.370997895
    2.792526803   -0.349065850   57.910799593  -50.902048510    7.658137704
    2.967059728   -0.349065850   48.465230168  -55.861470073    5.498999662

   -3.141592654    0.000000000   40.205037145  -56.589336031    2.285967187
   -2.967059728    0.000000000   31.263270240  -44.981098538   -0.473071050
   -2.792526803    0.000000000   24.725843195  -29.823768592   -3.160996109
   -2.617993878    0.000000000   20.788054000  -15.934398062   -5.624994223
   -2.443460953    0.000000000   18.868339170   -7.147629285   -7.841728613
   -2.268928028    0.000000000   17.906780602   -4.956048774   -9.922208095
   -2.094395102    0.000000000   16.819427159   -8.190902844  -12.014630788
   -1.919862177    0.000000000   14.921201674  -13.589308719  -14.132343131
   -1.745329252    0.000000000   12.192118304  -17.051236411  -16.011882033
   -1.570796327    0.000000000    9.289736775  -15.135750244  -17.108690053
   -1.396263402    0.000000000    7.307038860   -6.527244528  -16.804887495
   -1.221730476    0.000000000    7.328547578    7.337580273  -14.723943471
   -1.047197551    0.000000000    9.971094311   22.769471691  -10.998216502
   -0.872664626    0.000000000   15.123895036   35.384302117   -6.290940130
   -0.698131701    0.000000000   21.971810460   41.752729297   -1.564463773
   -0.523598776    0.000000000   29.257642217   40.309827558    2.283728988
   -0.349065850    0.000000000   35.607440256   31.192427985    4.742254347
   -0.174532925    0.000000000   39.789620246   15.758798407    5.816762770
    0.000000000    0.000000000   40.894481972   -3.583807382    5.990083349
    0.174532925    0.000000000   38.531154956  -23.266176132    6.064554579
    0.349065850    0.000000000   33.044972277  -38.515098459    6.883059223
    0.523598776    0.000000000   25.660979300  -44.247366418    9.011585754
    0.698131701    0.000000000   18.381683537  -37.022716060   12.468747962
    0.872664626    0.000000000   13.511375426  -17.025821349   16.650647914
    1.047197551    0.000000000   12.944078093   11.227447502   20.553768332
    1.221730476    0.000000000   17.500317890   40.384265493   23.211379331
    1.396263402    0.000000000   26.663419730   62.941130014   24.089772022
    1.570796327    0.000000000   38.792470868   73.807992830   23.247585640
    1.745329252    0.000000000   51.659172847   71.437400283   21.194097952
    1.919862177    0.000000000   63.049856141   57.351878536   18.590160170
    2.094395102    0.000000000   71.204175314   35.010504789   15.969769956
    2.268928028    0.000000000   75.043608844    8.627383209   13.597715446
    2.443460953    0.000000000   74.232449087  -17.591720563   11.479529652
    2.617993878    0.000000000   69.143272009  -39.848787866    9.454839315
    2.792526803    0.000000000   60.761611508  -54.879889692    7.314222244
    2.967059728    0.000000000   50.554959562  -60.590073478    4.923284512

   -3.141592654    0.349065850   41.372569340  -61.360121072    1.223995287
   -2.967059728    0.349065850   31.585571344  -49.827117013   -0.505152869
   -2.792526803    0.349065850   24.219923842  -34.403100024   -2.030071537
   -2.617993878    0.349065850   19.524447608  -20.009595328   -3.342998250
   -2.443460953    0.349065850   16.938939795  -10.716636298   -4.512901774
   -2.268928028    0.349065850   15.385508758   -8.201276554   -5.666872972
   -2.094395102    0.349065850   13.748606254  -11.238399528   -6.905243154
   -1.919862177    0.349065850   11.348271068  -16.212522659   -8.182405119
   -1.745329252    0.349065850    8.247013146  -18.532255313   -9.234456831
   -1.570796327    0.349065850    5.257004420  -14.495303147   -9.623209857
   -1.396263402    0.349065850    3.627298841   -3.052136528   -8.930399394
   -1.221730476    0.349065850    4.502703694   13.544962191   -6.996514389
   -1.047197551    0.349065850    8.393928450   30.614324304   -4.079739609
   -0.872664626    0.349065850   14.932261010   43.098932034   -0.798007220
   -0.698131701    0.349065850   22.986282656   47.600457079    2.119107107
   -0.523598776    0.349065850   31.048401825   43.267176153    4.142814415
   -0.349065850    0.349065850   37.656578526   31.288633072    5.167244677
   -0.174532925    0.349065850   41.676940330   14.046300935    5.525296934
    0.000000000    0.349065850   42.449787017   -5.350246949    5.854921557
    0.174532925    0.349065850   39.914525612  -23.170166172    6.880683794
    0.349065850    0.349065850   34.720053286  -35.110090722    9.147765453
    0.523598776    0.349065850   28.256298835  -37.171875302   12.791374883
    0.698131701    0.349065850   22.467100009  -27.321137854   17.410991704
    0.872664626    0.349065850   19.366905830   -6.872490104   22.132410631
    1.047197551    0.349065850   20.428625205   19.363771469   25.904690819
    1.221730476    0.349065850   26.090136604   44.721925072   27.905901308
    1.396263402    0.349065850   35.633938369   63.009715050   27.829715336
    1.570796327    0.349065850   47.451982385   70.388442766   25.933799422
    1.745329252    0.349065850   59.522170946   65.995860324   22.839292512
    1.919862177    0.349065850   69.894766219   51.341906752   19.244836854
    2.094395102    0.349065850   77.025664331   29.401414956   15.697643539
    2.268928028    0.349065850   79.951732091    3.782081555   12.497288989
    2.443460953    0.349065850   78.354781009  -21.800653287    9.720915641
    2.617993878    0.349065850   72.559923619  -43.805168965    7.304241218
    2.792526803    0.349065850   63.480974852  -58.967153798    5.129888060
    2.967059728    0.349065850   52.529558171  -65.026174767    3.110030968

   -3.141592654    0.698131701   42.762545795  -63.879445814   -0.416992395
   -2.967059728    0.698131701   32.536099377  -52.323250242   -0.826672320
   -2.792526803    0.698131701   24.740249180  -36.813798427   -0.929678179
   -2.617993878    0.698131701   19.635266000  -22.279792041   -0.869968595
   -2.443460953    0.698131701   16.664793267  -12.859154491   -0.804807150
   -2.268928028    0.698131701   14.744851886  -10.259860973   -0.874595585
   -2.094395102    0.698131701   12.757504345  -13.171396355   -1.154759984
   -1.919862177    0.698131701   10.047073003  -17.765752623   -1.609238405
   -1.745329252    0.698131701    6.741193768  -19.227135871   -2.083782211
   -1.570796327    0.698131701    3.742515317  -13.827668470   -2.352486032
   -1.396263402    0.698131701    2.366588155   -0.816505436   -2.226908934
   -1.221730476    0.698131701    3.747755245   16.994887386   -1.658674051
   -1.047197551    0.698131701    8.285589855   34.395576569   -0.778615771
   -0.872664626    0.698131701   15.433724250   46.136672101    0.172270624
   -0.698131701    0.698131701   23.894351936   49.142141336    0.988265302
   -0.523598776    0.698131701   32.086025673   43.272290157    1.638744869
   -0.349065850    0.698131701   38.610309494   30.498752464    2.330899708
   -0.174532925    0.698131701   42.515971965   13.758043102    3.440782094
    0.000000000    0.698131701   43.387111695   -3.711361203    5.378792152
    0.174532925    0.698131701   41.388036160  -18.541448634    8.430903577
    0.349065850    0.698131701   37.289968433  -27.220930331   12.604912823
    0.523598776    0.698131701   32.439411634  -26.800545217   17.542858820
    0.698131701    0.698131701   28.553951107  -16.241157556   22.537909169
    0.872664626    0.698131701   27.285289774    2.650596517   26.687024710
    1.047197551    0.698131701   29.723227521   25.351971541   29.179551697
    1.221730476    0.698131701   36.038866617   46.170159873   29.586181195
    1.396263402    0.698131701   45.447923931   60.157705189   27.978326452
    1.570796327    0.698131701   56.476249810   64.444980677   24.846210490
    1.745329252    0.698131701   67.356396337   58.571741418   20.859675028
    1.919862177    0.698131701   76.412224751   43.881045458   16.640150409
    2.094395102    0.698131701   82.310900787   22.846761862   12.626642425
    2.268928028    0.698131701   84.203163616   -1.492075174    9.062761413
    2.443460953    0.698131701   81.793695993  -25.878093441    6.049815775
    2.617993878    0.698131701   75.368010253  -47.022717328    3.612065646
    2.792526803    0.698131701   65.773823501  -61.704097899    1.740580824
    2.967059728    0.698131701   54.361962048  -67.573948026    0.410599621

   -3.141592654    1.047197551   41.455731414  -63.724552593   -5.046259978
   -2.967059728    1.047197551   31.349947555  -51.153432365   -4.161778277
   -2.792526803    1.047197551   23.812297893  -35.104335568   -2.954110541
   -2.617993878    1.047197551   19.015351483  -20.532360145   -1.695826889
   -2.443460953    1.047197551   16.322032422  -11.478622107   -0.596456510
   -2.268928028    1.047197551   14.594352108   -9.451391851    0.227310178
   -2.094395102    1.047197551   12.696921452  -12.929831040    0.752398214
   -1.919862177    1.047197551    9.989111777  -17.945226546    1.013365834
   -1.745329252    1.047197551    6.628918524  -19.640782505    1.045180642
   -1.570796327    1.047197551    3.547400652  -14.352678235    0.850908925
   -1.396263402    1.047197551    2.072357253   -1.438147272    0.409692968
   -1.221730476    1.047197551    3.332715143   16.214315089   -0.265817024
   -1.047197551    1.047197551    7.717375712   33.417201096   -1.066439662
   -0.872664626    1.047197551   14.683983349   45.069321524   -1.762597525
   -0.698131701    1.047197551   22.975323289   48.351598656   -2.032552560
   -0.523598776    1.047197551   31.097318975   43.390103313   -1.532359487
   -0.349065850    1.047197551   37.777668247   32.296354855    0.029021443
   -0.174532925    1.047197551   42.195328172   17.916004314    2.812886596
    0.000000000    1.047197551   44.025072230    3.128061047    6.797475428
    0.174532925    1.047197551   43.439162805   -9.289649512   11.739410572
    0.349065850    1.047197551   41.101910494  -16.516003306   17.148454839
    0.523598776    1.047197551   38.136098251  -16.203637967   22.321444883
    0.698131701    1.047197551   35.956496601   -7.594078978   26.456768588
    0.872664626    1.047197551   35.907862142    7.771436012   28.847108452
    1.047197551    1.047197551   38.867377895   26.165677450   29.106954289
    1.221730476    1.047197551   44.959231225   42.912398471   27.303151641
    1.396263402    1.047197551   53.517918531   53.893213010   23.892058102
    1.570796327    1.047197551   63.291602076   56.557132905   19.521972508
    1.745329252    1.047197551   72.744999540   50.277024704   14.797085726
    1.919862177    1.047197551   80.378718019   35.969131777   10.154453040
    2.094395102    1.047197551   84.960445688   15.706403524    5.857536133
    2.268928028    1.047197551   85.686281730   -7.698772820    2.076090524
    2.443460953    1.047197551   82.282678879  -31.039639267   -1.047303577
    2.617993878    1.047197551   75.057327568  -50.989880975   -3.377340900
    2.792526803    1.047197551   64.885954412  -64.314087888   -4.811627581
    2.967059728    1.047197551   53.141694069  -68.744101388   -5.335611176

   -3.141592654    1.396263402   36.580565854  -62.204336785  -10.386587146
   -2.967059728    1.396263402   26.886682237  -48.043682799   -8.733742591
   -2.792526803    1.396263402   19.984065189  -31.051284172   -6.768857273
   -2.617993878    1.396263402   15.926699699  -16.213621567   -4.831330158
   -2.443460953    1.396263402   13.967267352   -7.463583952   -3.121352167
   -2.268928028    1.396263402   12.886575033   -6.091942440   -1.677131733
   -2.094395102    1.396263402   11.505706844  -10.385137461   -0.430727781
   -1.919862177    1.396263402    9.164333972  -16.313126872    0.673495796
   -1.745329252    1.396263402    5.998301641  -19.090574703    1.571209496
   -1.570796327    1.396263402    2.901312491  -15.124404114    2.072721639
   -1.396263402    1.396263402    1.166578384   -3.645311724    1.979290078
   -1.221730476    1.396263402    1.934183437   12.855997218    1.267423588
   -1.047197551    1.396263402    5.689100746   29.728746605    0.208977347
   -0.872664626    1.396263402   12.070557621   42.268224218   -0.670460085
   -0.698131701    1.396263402   20.044999274   47.716479616   -0.771060926
   -0.523598776    1.396263402   28.318235667   45.875076481    0.365100706
   -0.349065850    1.396263402   35.736811993   38.272535282    2.918232491
   -0.174532925    1.396263402   41.483998734   27.061603839    6.768157126
    0.000000000    1.396263402   45.118845746   14.453257506   11.540442514
    0.174532925    1.396263402   46.590985897    2.672225083   16.668134951
    0.349065850    1.396263402   46.262881779   -5.777859909   21.442395027
    0.523598776    1.396263402   44.929766108   -8.500399774   25.102704608
    0.698131701    1.396263402   43.729444881   -4.216748171   26.989413565
    0.872664626    1.396263402   43.860248314    6.485606081   26.734826179
    1.047197551    1.396263402   46.235112319   20.951025515   24.411222879
    1.221730476    1.396263402   51.178002912   35.226598811   20.515432566
    1.396263402    1.396263402   58.295350953   45.290316292   15.764782176
    1.570796327    1.396263402   66.570338923   48.098971959   10.829940215
    1.745329252    1.396263402   74.592738144   42.347341235    6.136987408
    1.919862177    1.396263402   80.884246084   28.482517854    1.853331724
    2.094395102    1.396263402   84.185921375    8.518488399   -2.003333677
    2.268928028    1.396263402   83.687693476  -14.487336675   -5.406559784
    2.443460953    1.396263402   79.161988798  -37.014019372   -8.237069089
    2.617993878    1.396263402   71.006450128  -55.561023131  -10.290271054
    2.792526803    1.396263402   60.196916012  -66.972536886  -11.359166523
    2.967059728    1.396263402   48.173870272  -69.248371579  -11.358097982

   -3.141592654    1.745329252   30.458229298  -59.369576733  -16.692797752
   -2.967059728    1.745329252   21.394167560  -43.792733586  -15.217155870
   -2.792526803    1.745329252   15.294776599  -26.240007008  -13.288606041
   -2.617993878    1.745329252   12.070586393  -11.575929842  -11.158008601
   -2.443460953    1.745329252   10.872719308   -3.412552848   -8.967232720
   -2.268928028    1.745329252   10.441811741   -2.688022413   -6.734721931
   -2.094395102    1.745329252    9.606044705   -7.530158491   -4.405130092
   -1.919862177    1.745329252    7.715522208  -14.035187625   -1.966234544
   -1.745329252    1.745329252    4.876512318  -17.701168635    0.438812674
   -1.570796327    1.745329252    1.911496620  -15.079402156    2.500580401
   -1.396263402    1.745329252    0.051124882   -5.125820250    3.882710849
   -1.221730476    1.745329252    0.457925358   10.336112658    4.446261744
   -1.047197551    1.745329252    3.767033083   27.375337357    4.408804588
   -0.872664626    1.745329252    9.864125125   41.609426648    4.302204702
   -0.698131701    1.745329252   17.965921438   49.989254642    4.747532874
   -0.523598776    1.745329252   26.931908462   51.540573509    6.183239382
   -0.349065850    1.745329252   35.610531735   46.901644845    8.695683715
   -0.174532925    1.745329252   43.041775317   37.488165194   12.018678522
    0.000000000    1.745329252   48.537961076   25.065148383   15.627974248
    0.174532925    1.745329252   51.750143037   11.701189594   18.864488770
    0.349065850    1.745329252   52.739759765    0.051842743   21.045109984
    0.523598776    1.745329252   52.057705986   -6.985880367   21.596060875
    0.698131701    1.745329252   50.717874275   -7.281735862   20.213703286
    0.872664626    1.745329252   49.962423329   -0.397147648   17.005740120
    1.047197551    1.745329252   50.913793519   11.817973581   12.512324286
    1.221730476    1.745329252   54.197921287   25.621627954    7.534708289
    1.396263402    1.745329252   59.700153249   36.540609489    2.825928792
    1.570796327    1.745329252   66.564976268   40.695688500   -1.175627683
    1.745329252    1.745329252   73.397936807   36.036603749   -4.435963753
    1.919862177    1.745329252   78.641168876   22.685698829   -7.193307779
    2.094395102    1.745329252   80.941938368    2.817986194   -9.730873991
    2.268928028    1.745329252   79.454855782  -20.061427028  -12.174559493
    2.443460953    1.745329252   74.000252802  -41.964491412  -14.428925604
    2.617993878    1.745329252   65.088061719  -59.136027096  -16.234981644
    2.792526803    1.745329252   53.822878183  -68.517645858  -17.300319906
    2.967059728    1.745329252   41.730250871  -68.485330933  -17.450352773

   -3.141592654    2.094395102   23.551131425  -57.582735780  -18.324267072
   -2.967059728    2.094395102   14.906882881  -40.848667806  -16.924487382
   -2.792526803    2.094395102    9.387489541  -22.620621482  -15.002970938
   -2.617993878    2.094395102    6.826079653   -7.648088755  -12.761173767
   -2.443460953    2.094395102    6.328004968    0.667988387  -10.310207785
   -2.268928028    2.094395102    6.625917998    1.597277581   -7.645067557
   -2.094395102    2.094395102    6.564274539   -2.941162841   -4.682971683
   -1.919862177    2.094395102    5.498224661   -9.221299229   -1.381787226
   -1.745329252    2.094395102    3.493253057  -13.056175035    2.129250066
   -1.570796327    2.094395102    1.281933038  -11.195565310    5.511842454
   -1.396263402    2.094395102    0.000000000   -2.429000820    8.344543931
   -1.221730476    2.094395102    0.778652753   11.964348941   10.352755548
   -1.047197551    2.094395102    4.330299687   28.684301456   11.586660245
   -0.872664626    2.094395102   10.705531039   43.661663073   12.402502914
   -0.698131701    2.094395102   19.295853608   53.634390044   13.249817620
   -0.523598776    2.094395102   29.057539561   56.977472541   14.412522150
   -0.349065850    2.094395102   38.807638509   53.591927156   15.855080626
   -0.174532925    2.094395102   47.437215571   44.306905897   17.251208268
    0.000000000    2.094395102   54.033394816   30.606242820   18.106869043
    0.174532925    2.094395102   57.999602740   14.581167478   17.907583689
    0.349065850    2.094395102   59.179121612   -0.784580921   16.253131952
    0.523598776    2.094395102   57.990157280  -11.948532712   12.992288664
    0.698131701    2.094395102   55.452351053  -15.872938832    8.339554384
    0.872664626    2.094395102   52.978093791  -11.199677072    2.906996316
    1.047197551    2.094395102   51.991753022    0.747380732   -2.433560438
    1.221730476    2.094395102   53.453856605   16.053152006   -6.852483300
    1.396263402    2.094395102   57.494451193   29.432953404   -9.884307314
    1.570796327    2.094395102   63.333900565   35.962375106  -11.583504916
    1.745329252    2.094395102   69.488379359   32.822812180  -12.427624133
    1.919862177    2.094395102   74.224659490   19.934137032  -13.037962389
    2.094395102    2.094395102   76.027600918   -0.198033118  -13.887464793
    2.268928028    2.094395102   73.975824575  -23.477434552  -15.131930081
    2.443460953    2.094395102   67.916524191  -45.368485525  -16.614978444
    2.617993878    2.094395102   58.460184229  -61.832888216  -17.988035720
    2.792526803    2.094395102   46.831847773  -69.889463464  -18.871865901
    2.967059728    2.094395102   34.639925666  -68.228625854  -19.008554763

   -3.141592654    2.443460953   17.412130586  -56.505323530  -12.366005325
   -2.967059728    2.443460953    9.055759393  -38.659538275  -10.991008309
   -2.792526803    2.443460953    4.002919686  -19.504225977   -9.290232029
   -2.617993878    2.443460953    2.055075256   -3.756175069   -7.375442099
   -2.443460953    2.443460953    2.299807635    5.284730726   -5.267654400
   -2.268928028    2.443460953    3.471498489    7.003857964   -2.879311837
   -2.094395102    2.443460953    4.429177784    3.330983254   -0.047957543
   -1.919862177    2.443460953    4.528280712   -2.190975893    3.354610820
   -1.745329252    2.443460953    3.787454007   -5.710465975    7.283600679
   -1.570796327    2.443460953    2.835429532   -4.246759390   11.442983438
   -1.396263402    2.443460953    2.681434031    3.449703692   15.356095163
   -1.221730476    2.443460953    4.369719199   16.501481709   18.556459831
   -1.047197551    2.443460953    8.612374227   32.141593376   20.784203680
   -0.872664626    2.443460953   15.537527518   46.599768805   22.047398454
   -0.698131701    2.443460953   24.629008546   56.477286378   22.513565967
   -0.523598776    2.443460953   34.877750989   59.650478599   22.330471765
   -0.349065850    2.443460953   45.039315609   55.493029926   21.495862966
   -0.174532925    2.443460953   53.866709920   44.505840940   19.863707266
    0.000000000    2.443460953   60.280367112   28.173723557   17.227079134
    0.174532925    2.443460953   63.544500518    8.901320252   13.429294519
    0.349065850    2.443460953   63.440753848   -9.756864868    8.472466743
    0.523598776    2.443460953   60.443408364  -23.505282081    2.612048852
    0.698131701    2.443460953   55.764977144  -28.534846683   -3.597313113
    0.872664626    2.443460953   51.125039568  -23.008433041   -9.358753017
    1.047197551    2.443460953   48.289361802   -8.374214171  -13.845646557
    1.221730476    2.443460953   48.477457023   10.659149305  -16.505178919
    1.396263402    2.443460953   51.901048844   27.645671970  -17.281846832
    1.570796327    2.443460953   57.665463380   36.653435365  -16.632105599
    1.745329252    2.443460953   64.041660928   34.419103977  -15.302892940
    1.919862177    2.443460953   69.031951236   21.076221820  -14.021377788
    2.094395102    2.443460953   70.935460873   -0.234320207  -13.243471632
    2.268928028    2.443460953   68.768186124  -24.706246222  -13.069061171
    2.443460953    2.443460953   62.424679034  -47.280474528  -13.308696301
    2.617993878    2.443460953   52.627002443  -63.702832908  -13.627196059
    2.792526803    2.443460953   40.723815450  -71.079355248  -13.692015672
    2.967059728    2.443460953   28.415116123  -68.342429829  -13.291040504

   -3.141592654    2.792526803   14.753075758  -55.085156652    1.398855302
   -2.967059728    2.792526803    6.673688917  -36.921620178    3.000865963
   -2.792526803    2.792526803    1.951009508  -17.461746945    4.406963709
   -2.617993878    2.792526803    0.392869168   -1.309819671    5.643309921
   -2.443460953    2.792526803    1.116114901    8.364906060    6.868986230
   -2.268928028    2.792526803    2.905157949   11.052850244    8.343535249
   -2.094395102    2.792526803    4.679966350    8.687540707   10.355599035
   -1.919862177    2.792526803    5.841816314    4.625577399   13.109815046
   -1.745329252    2.792526803    6.404452854    2.326047696   16.602792984
   -1.570796327    2.792526803    6.914502368    4.318265754   20.544424841
   -1.396263402    2.792526803    8.231455647   11.567095616   24.404870674
   -1.221730476    2.792526803   11.227653406   23.234284839   27.574702420
   -1.047197551    2.792526803   16.476344349   36.867432491   29.565618234
   -0.872664626    2.792526803   24.029658623   49.052087804   30.129841384
   -0.698131701    2.792526803   33.344524353   56.578281589   29.248341149
   -0.523598776    2.792526803   43.398576967   57.289750803   27.031790480
   -0.349065850    2.792526803   52.920035463   50.482556556   23.617478224
   -0.174532925    2.792526803   60.628850458   36.685720493   19.143618957
    0.000000000    2.792526803   65.434991196   17.612321497   13.770588124
    0.174532925    2.792526803   66.648275765   -3.921159172    7.717702242
    0.349065850    2.792526803   64.176887592  -23.854550857    1.312073250
    0.523598776    2.792526803   58.710389108  -37.420057955   -4.978778236
    0.698131701    2.792526803   51.744492479  -40.527054407  -10.556287482
    0.872664626    2.792526803   45.298232488  -31.473577550  -14.782880716
    1.047197551    2.792526803   41.367757169  -12.368718808  -17.177408583
    1.221730476    2.792526803   41.249645828   11.047380224  -17.623771197
    1.396263402    2.792526803   45.047548593   31.304218997  -16.442894583
    1.570796327    2.792526803   51.613596654   41.898759366  -14.275688025
    1.745329252    2.792526803   58.920943183   39.617230219  -11.815554339
    1.919862177    2.792526803   64.729947386   25.150790323   -9.569599535
    2.094395102    2.792526803   67.215182728    2.363077380   -7.738231698
    2.268928028    2.792526803   65.385837287  -23.355178391   -6.258091683
    2.443460953    2.792526803   59.207405411  -46.643900008   -4.928171313
    2.617993878    2.792526803   49.499546405  -63.230006475   -3.548027638
    2.792526803    2.792526803   37.694163879  -70.395559157   -2.004785067
    2.967059728    2.792526803   25.537564069  -67.289397762   -0.317074872
