#! FIELDS phi psi file.free der_phi der_psi
#! SET min_phi -pi
#! SET max_phi pi
#! SET nbins_phi  36
#! SET periodic_phi true
#! SET min_psi -pi
#! SET max_psi pi
#! SET nbins_psi  18
#! SET periodic_psi true
   -3.141592654   -3.141592654   17.564919365  -52.806167622   18.141121668
   -2.967059728   -3.141592654    9.797598392  -35.638806812   20.190629807
   -2.792526803   -3.141592654    5.219647729  -17.035368887   21.366315488
   -2.617993878   -3.141592654    3.696322752   -1.227793986   21.804210648
   -2.443460953   -3.141592654    4.460118776    8.883734963   21.861960759
   -2.268928028   -3.141592654    6.439113524   12.834319375   22.024931316
   -2.094395102   -3.141592654    8.683517528   12.356250051   22.761510196
   -1.919862177   -3.141592654   10.669528471   10.393007106   24.372771506
   -1.745329252   -3.141592654   12.401130212    9.847172035   26.876579301
   -1.570796327   -3.141592654   14.315679485   12.702530109   29.953327039
   -1.396263402   -3.141592654   17.081175462   19.557187565   33.001295955
   -1.221730476   -3.141592654   21.339844558   29.510146626   35.289829770
   -1.047197551   -3.141592654   27.453125713   40.360890335   36.167855703
   -0.872664626   -3.141592654   35.323515534   49.129767454   35.226485768
   -0.698131701   -3.141592654   44.335701747   53.033935744   32.365613282
   -0.523598776   -3.141592654   53.461631472   50.240932022   27.758187462
   -0.349065850   -3.141592654   61.472403120   40.302712612   21.762584288
   -0.174532925   -3.141592654   67.174978797   24.006964116   14.860400186
    0.000000000   -3.141592654   69.615114412    3.357113530    7.606895440
    0.174532925   -3.141592654   68.289865790  -18.527702599    0.573738271
    0.349065850   -3.141592654   63.341934879  -37.372169445   -5.690484521
    0.523598776   -3.141592654   55.718303900  -48.383382143  -10.706595847
    0.698131701   -3.141592654   47.151866436  -47.733634584  -14.111001945
    0.872664626   -3.141592654   39.822873783  -34.337957021  -15.710009546
    1.047197551   -3.141592654   35.756931360  -11.166034424  -15.557819463
    1.221730476   -3.141592654   36.128558917   15.240232807  -13.991334416
    1.396263402   -3.141592654   40.809983847   36.989547585  -11.542342926
    1.570796327   -3.141592654   48.395920038   47.724436567   -8.758649341
    1.745329252   -3.141592654   56.667802079   44.772702564   -6.003483352
    1.919862177   -3.141592654   63.300806596   29.460850403   -3.377222043
    2.094395102   -3.141592654   66.480743987    6.076336178   -0.764724932
    2.268928028   -3.141592654   65.274922720  -19.866216838    2.021982491
    2.443460953   -3.141592654   59.707223631  -43.115090310    5.110143353
    2.617993878   -3.141592654   50.624788808  -59.609979950    8.486013668
    2.792526803   -3.141592654   39.448179976  -66.871074079   11.985163589
    2.967059728   -3.141592654   27.875556029  -64.206564347   15.315865903

   -3.141592654   -2.792526803   25.383647156  -48.572866332   26.202793155
   -2.967059728   -2.792526803   18.174570855  -33.491190078   27.973374361
   -2.792526803   -2.792526803   13.798890476  -16.797132810   28.650127748
   -2.617993878   -2.792526803   12.193704531   -2.269173077   28.529067844
   -2.443460953   -2.792526803   12.732222052    7.512285300   28.098989485
   -2.268928028   -2.792526803   14.518244345   12.155102928   27.905454715
   -2.094395102   -2.792526803   16.768404797   13.211545193   28.384155738
   -1.919862177   -2.792526803   19.073033571   13.220835453   29.723108467
   -1.745329252   -2.792526803   21.463640542   14.494726541   31.791246826
   -1.570796327   -2.792526803   24.292805079   18.351445118   34.134660711
   -1.396263402   -2.792526803   28.033088856   24.818656239   36.068922159
   -1.221730476   -2.792526803   33.054635631   32.730497720   36.843401766
   -1.047197551   -2.792526803   39.439794497   40.061348488   35.854708279
   -0.872664626   -2.792526803   46.879765809   44.422767799   32.812221008
   -0.698131701   -2.792526803   54.672429052   43.833072585   27.806872867
   -0.523598776   -2.792526803   61.844990663   37.238221863   21.260089761
   -0.349065850   -2.792526803   67.345767104   24.805153291   13.797153907
   -0.174532925   -2.792526803   70.245659496    7.694903966    6.124820578
    0.000000000   -2.792526803   69.896297087  -12.006452863   -1.062636394
    0.174532925   -2.792526803   66.089205440  -31.365350686   -7.170642256
    0.349065850   -2.792526803   59.207043032  -46.546530397  -11.751145784
    0.523598776   -2.792526803   50.345823100  -53.344462411  -14.551068546
    0.698131701   -2.792526803   41.279464701  -48.553408511  -15.540564208
    0.872664626   -2.792526803   34.123263486  -31.674439479  -14.912359071
    1.047197551   -2.792526803   30.746518796   -6.126690320  -13.065092797
    1.221730476   -2.792526803   32.110511588   21.379407075  -10.521834036
    1.396263402   -2.792526803   37.876948895   43.147656735   -7.773480008
    1.570796327   -2.792526803   46.493826137   53.349386336   -5.119719930
    1.745329252   -2.792526803   55.700377298   49.914619517   -2.577941167
    1.919862177   -2.792526803   63.221674695   34.595993115    0.059117642
    2.094395102   -2.792526803   67.338785667   11.753380055    3.072432228
    2.268928028   -2.792526803   67.197056543  -13.338147331    6.644544368
    2.443460953   -2.792526803   62.840938635  -35.820165388   10.754973954
    2.617993878   -2.792526803   55.068239184  -52.004233184   15.168516945
    2.792526803   -2.792526803   45.196388520  -59.668262694   19.500768909
    2.967059728   -2.792526803   34.790726513  -58.177327687   23.307905220

   -3.141592654   -2.443460953   34.283305213  -44.390396715   23.838247811
   -2.967059728   -2.443460953   27.624987337  -31.348309313   25.248846064
   -2.792526803   -2.443460953   23.467566628  -16.345775414   25.789624694
   -2.617993878   -2.443460953   21.844439137   -2.783097113   25.719040890
   -2.443460953   -2.443460953   22.276445777    6.959981833   25.395385735
   -2.268928028   -2.443460953   24.025801278   12.405301211   25.187535881
   -2.094395102   -2.443460953   26.428559264   14.749939436   25.363761735
   -1.919862177   -2.443460953   29.114968515   16.004692851   25.993714544
   -1.745329252   -2.443460953   32.057298514   17.885317033   26.903684578
   -1.570796327   -2.443460953   35.450445632   21.210173040   27.684672621
   -1.396263402   -2.443460953   39.541113664   25.745983727   27.785140784
   -1.221730476   -2.443460953   44.457989609   30.434708542   26.655725887
   -1.047197551   -2.443460953   50.097207019   33.749684417   23.928932521
   -0.872664626   -2.443460953   56.077474831   34.084431825   19.542229214
   -0.698131701   -2.443460953   61.765895858   30.261308173   13.770232368
   -0.523598776   -2.443460953   66.385402442   21.830716492    7.149881184
   -0.349065850   -2.443460953   69.157484139    9.235165517    0.344526730
   -0.174532925   -2.443460953   69.445023415   -6.405909931   -5.985181356
    0.000000000   -2.443460953   66.860389815  -23.334975279  -11.273115736
    0.174532925   -2.443460953   61.380885041  -39.101930916  -15.130016715
    0.349065850   -2.443460953   53.483731505  -50.430825345  -17.372044265
    0.523598776   -2.443460953   44.264736028  -53.631278571  -18.033893922
    0.698131701   -2.443460953   35.416286503  -45.891767198  -17.339856104
    0.872664626   -2.443460953   28.915140318  -26.980562754  -15.640405039
    1.047197551   -2.443460953   26.459676970   -0.418091969  -13.347283741
    1.221730476   -2.443460953   28.840648152   27.207635333  -10.845107450
    1.396263402   -2.443460953   35.591562824   48.553099210   -8.387220969
    1.570796327   -2.443460953   45.108191947   58.290900975   -6.028239078
    1.745329252   -2.443460953   55.163399088   54.786147932   -3.624087670
    1.919862177   -2.443460953   63.572049032   39.982129695   -0.933522929
    2.094395102   -2.443460953   68.710571650   18.114923539    2.247881025
    2.268928028   -2.443460953   69.775390926   -5.905651839    5.969801899
    2.443460953   -2.443460953   66.790362896  -27.641120097   10.085675476
    2.617993878   -2.443460953   60.465142423  -43.730644611   14.287706958
    2.792526803   -2.443460953   51.988087473  -52.105355289   18.197898859
    2.967059728   -2.443460953   42.786988524  -52.064492803   21.463443246

   -3.141592654   -2.094395102   40.782691110  -41.127952081   14.096132385
   -2.967059728   -2.094395102   34.574466887  -29.433341506   14.956584156
   -2.792526803   -2.094395102   30.650778446  -15.529191134   15.414726548
   -2.617993878   -2.094395102   29.102266595   -2.672527559   15.600621885
   -2.443460953   -2.094395102   29.526348178    6.833795209   15.628919152
   -2.268928028   -2.094395102   31.263061219   12.439392880   15.590554722
   -2.094395102   -2.094395102   33.699516426   15.100924679   15.528183862
   -1.919862177   -2.094395102   36.462667052   16.469980362   15.395902385
   -1.745329252   -2.094395102   39.455377534   17.874874268   15.035696437
   -1.570796327   -2.094395102   42.743545736   19.871965867   14.181541431
   -1.396263402   -2.094395102   46.419190979   22.202227745   12.529335531
   -1.221730476   -2.094395102   50.477233324   24.088104724    9.840149334
   -1.047197551   -2.094395102   54.754092879   24.537016357    6.062868115
   -0.872664626   -2.094395102   58.914479566   22.597639010    1.396674193
   -0.698131701   -2.094395102   62.478539332   17.634258324   -3.731288279
   -0.523598776   -2.094395102   64.896224082    9.477277633   -8.771236493
   -0.349065850   -2.094395102   65.635965569   -1.485892926  -13.190672452
   -0.174532925   -2.094395102   64.272758387  -14.455947498  -16.591971348
    0.000000000   -2.094395102   60.558016330  -28.190988147  -18.771010934
    0.174532925   -2.094395102   54.510697355  -40.793831567  -19.744653396
    0.349065850   -2.094395102   46.559399377  -49.463737829  -19.707241604
    0.523598776   -2.094395102   37.685011992  -50.784500807  -18.959095519
    0.698131701   -2.094395102   29.436803909  -41.980448013  -17.805709440
    0.872664626   -2.094395102   23.658660208  -22.695611054  -16.466571753
    1.047197551   -2.094395102   21.947583340    3.775216189  -15.043274755
    1.221730476   -2.094395102   25.036637818   31.122787180  -13.533482277
    1.396263402   -2.094395102   32.452146426   52.288731105  -11.858037518
    1.570796327   -2.094395102   42.628735412   62.182426490   -9.905885209
    1.745329252   -2.094395102   53.408262604   59.253054568   -7.573604431
    1.919862177   -2.094395102   62.672077955   45.337918354   -4.816792239
    2.094395102   -2.094395102   68.830051218   24.412541830   -1.682937824
    2.268928028   -2.094395102   71.060725382    1.079627248    1.676291813
    2.443460953   -2.094395102   69.321530142  -20.454331771    5.028316333
    2.617993878   -2.094395102   64.226785223  -36.918303462    8.113869507
    2.792526803   -2.094395102   56.867712952  -46.190938343   10.715378384
    2.967059728   -2.094395102   48.594625383  -47.407454395   12.713110635

   -3.141592654   -1.745329252   42.814220122  -39.888890626    5.031017445
   -2.967059728   -1.745329252   36.796077640  -28.464788869    5.475057943
   -2.792526803   -1.745329252   33.029634213  -14.691924460    5.867207460
   -2.617993878   -1.745329252   31.614054493   -2.007726931    6.175534144
   -2.443460953   -1.745329252   32.128726053    7.175954184    6.272771416
   -2.268928028   -1.745329252   33.882522903   12.259754551    5.995457377
   -2.094395102   -1.745329252   36.224783956   14.156426616    5.194414325
   -1.919862177   -1.745329252   38.734083206   14.447575369    3.760686524
   -1.745329252   -1.745329252   41.251828550   14.387853159    1.641996323
   -1.570796327   -1.745329252   43.776331585   14.565282867   -1.144587765
   -1.396263402   -1.745329252   46.353844239   14.933869975   -4.489932477
   -1.221730476   -1.745329252   48.988132994   15.134746830   -8.192403810
   -1.047197551   -1.745329252   51.608146722   14.676242234  -11.970254737
   -0.872664626   -1.745329252   54.053043296   13.017053594  -15.498308453
   -0.698131701   -1.745329252   56.064495773    9.633160500  -18.450737045
   -0.523598776   -1.745329252   57.303464201    4.115775344  -20.547010853
   -0.349065850   -1.745329252   57.380382202   -3.678805823  -21.601103510
   -0.174532925   -1.745329252   55.907275427  -13.584592673  -21.575937657
    0.000000000   -1.745329252   52.564959693  -24.949683916  -20.622669070
    0.174532925   -1.745329252   47.212957719  -36.260843557  -19.088926018
    0.349065850   -1.745329252   40.078526857  -44.819099514  -17.437279733
    0.523598776   -1.745329252   31.952673295  -46.973111148  -16.100909160
    0.698131701   -1.745329252   24.260421798  -39.444420200  -15.320398479
    0.872664626   -1.745329252   18.818894072  -21.307926005  -15.049124291
    1.047197551   -1.745329252   17.289010469    4.574735603  -14.991864635
    1.221730476   -1.745329252   20.520357258   32.065101171  -14.749451800
    1.396263402   -1.745329252   28.161034876   54.000855803  -13.975170469
    1.570796327   -1.745329252   38.732410162   65.013348855  -12.494074183
    1.745329252   -1.745329252   50.108271775   63.220666830  -10.330060240
    1.919862177   -1.745329252   60.146675299   50.171501841   -7.674848358
    2.094395102   -1.745329252   67.192410493   29.656347145   -4.814379277
    2.268928028   -1.745329252   70.336645367    6.210017421   -2.053090171
    2.443460953   -1.745329252   69.448083865  -15.911863503    0.352462701
    2.617993878   -1.745329252   65.070056958  -33.285169843    2.242570868
    2.792526803   -1.745329252   58.257534356  -43.558101554    3.581139945
    2.967059728   -1.745329252   50.367535585  -45.627507617    4.457541405

   -3.141592654   -1.396263402   41.923319568  -39.861045855    0.916416141
   -2.967059728   -1.396263402   35.932593888  -28.171493870    0.817239777
   -2.792526803   -1.396263402   32.238003283  -14.211343226    0.785174364
   -2.617993878   -1.396263402   30.895849899   -1.735489282    0.740961424
   -2.443460953   -1.396263402   31.399817978    6.683891921    0.478742937
   -2.268928028   -1.396263402   32.960873181   10.465381904   -0.270090411
   -2.094395102   -1.396263402   34.846670191   10.674945679   -1.768406572
   -1.919862177   -1.396263402   36.588558646    9.134046499   -4.195399522
   -1.745329252   -1.396263402   38.027818114    7.394446893   -7.568114964
   -1.570796327   -1.396263402   39.218790520    6.391725350  -11.681051331
   -1.396263402   -1.396263402   40.324874029    6.407239223  -16.107546624
   -1.221730476   -1.396263402   41.515275764    7.295226153  -20.290140132
   -1.047197551   -1.396263402   42.903348578    8.555112938  -23.681711322
   -0.872664626   -1.396263402   44.491206167    9.420237312  -25.870255727
   -0.698131701   -1.396263402   46.128258984    8.972847711  -26.639680940
   -0.523598776   -1.396263402   47.509939847    6.373460070  -25.969739045
   -0.349065850   -1.396263402   48.206107759    1.058411148  -24.022130683
   -0.174532925   -1.396263402   47.719234253   -7.180034578  -21.135695655
    0.000000000   -1.396263402   45.560311304  -18.002128887  -17.813344770
    0.174532925   -1.396263402   41.375118206  -30.052547883  -14.659127380
    0.349065850   -1.396263402   35.172858946  -40.508866303  -12.234487231
    0.523598776   -1.396263402   27.580461192  -45.226105958  -10.883112362
    0.698131701   -1.396263402   19.972245493  -40.147169123  -10.603798785
    0.872664626   -1.396263402   14.255446949  -23.564981933  -11.050910532
    1.047197551   -1.396263402   12.294504267    2.116769156  -11.676574347
    1.221730476   -1.396263402   15.179269943   30.729429931  -11.945787654
    1.396263402   -1.396263402   22.751318023   54.620477277  -11.507768656
    1.570796327   -1.396263402   33.617061131   67.720631296  -10.274389132
    1.745329252   -1.396263402   45.615623095   67.515764921   -8.390927909
    1.919862177   -1.396263402   56.481223715   55.188830142   -6.149063473
    2.094395102   -1.396263402   64.399189506   34.485916198   -3.885949282
    2.268928028   -1.396263402   68.316947769   10.148680338   -1.900705341
    2.443460953   -1.396263402   68.008746880  -13.228229587   -0.397601566
    2.617993878   -1.396263402   63.986750593  -31.860111703    0.543560276
    2.792526803   -1.396263402   57.333836420  -43.083364952    0.966759309
    2.967059728   -1.396263402   49.479692566  -45.620764529    1.025816236

   -3.141592654   -1.047197551   39.167897087  -41.833501831    2.420378846
   -2.967059728   -1.047197551   32.885907100  -29.505624607    1.275383973
   -2.792526803   -1.047197551   29.020870527  -14.857847951    0.082973007
   -2.617993878   -1.047197551   27.604271602   -2.030336915   -1.129203086
   -2.443460953   -1.047197551   28.043084743    6.110381407   -2.461330326
   -2.268928028   -1.047197551   29.424289726    8.853211062   -4.124825258
   -2.094395102   -1.047197551   30.887595471    7.357804642   -6.389963126
   -1.919862177   -1.047197551   31.874166194    3.779884602   -9.468890990
   -1.745329252   -1.047197551   32.213017507    0.227355157  -13.367418395
   -1.570796327   -1.047197551   32.054058845   -1.715269261  -17.769528508
   -1.396263402   -1.047197551   31.760884827   -1.266584601  -22.058676785
   -1.221730476   -1.047197551   31.760545907    1.556084750  -25.488822830
   -1.047197551   -1.047197551   32.405377841    5.922522709  -27.434161783
   -0.872664626   -1.047197551   33.849422277   10.429037136  -27.572205686
   -0.698131701   -1.047197551   35.973133271   13.454455609  -25.933466744
   -0.523598776   -1.047197551   38.389990437   13.588203198  -22.835704442
   -0.349065850   -1.047197551   40.502326849    9.856233093  -18.782856082
   -0.174532925   -1.047197551   41.588288705    1.798070837  -14.379492451
    0.000000000   -1.047197551   40.904834076  -10.312347685  -10.252538025
    0.174532925   -1.047197551   37.855127790  -24.904590789   -6.935775500
    0.349065850   -1.047197551   32.274229547  -38.587026548   -4.740867245
    0.523598776   -1.047197551   24.741051488  -46.374775318   -3.670443418
    0.698131701   -1.047197551   16.733554545  -43.361065827   -3.439858645
    0.872664626   -1.047197551   10.386227796  -27.319644956   -3.611036052
    1.047197551   -1.047197551    7.836468683   -0.670151045   -3.766472321
    1.221730476   -1.047197551   10.398721929   29.916353218   -3.631917551
    1.396263402   -1.047197551   18.025982555   56.035261893   -3.098081456
    1.570796327   -1.047197551   29.305798188   70.922449215   -2.179600147
    1.745329252   -1.047197551   41.958185075   71.635981075   -0.964211113
    1.919862177   -1.047197551   53.551592423   59.247332903    0.417787520
    2.094395102   -1.047197551   62.111119559   37.664119158    1.801703090
    2.268928028   -1.047197551   66.467609305   11.945985422    3.003122861
    2.443460953   -1.047197551   66.339651319  -12.947063084    3.847301779
    2.617993878   -1.047197551   62.246061478  -32.908245670    4.208943510
    2.792526803   -1.047197551   55.325408356  -45.015058372    4.040135136
    2.967059728   -1.047197551   47.099453036  -47.861839544    3.399220333

   -3.141592654   -0.698131701   38.652004118  -45.807197351    2.468598981
   -2.967059728   -0.698131701   31.668730577  -33.503089320    0.298284360
   -2.792526803   -0.698131701   27.127157002  -18.582307522   -1.940194428
   -2.617993878   -0.698131701   25.088116640   -5.462371817   -4.121732826
   -2.443460953   -0.698131701   24.933843199    2.674439145   -6.258127033
   -2.268928028   -0.698131701   25.676095287    4.868564309   -8.508436919
   -2.094395102   -0.698131701   26.353537528    2.262053366  -11.120583690
   -1.919862177   -0.698131701   26.332720921   -2.659726505  -14.278839000
   -1.745329252   -0.698131701   25.455777782   -7.128753093  -17.921460142
   -1.570796327   -0.698131701   24.012201770   -8.837294326  -21.621653707
   -1.396263402   -0.698131701   22.608870422   -6.596511737  -24.659462052
   -1.221730476   -0.698131701   21.939881445   -0.590667241  -26.268009245
   -1.047197551   -0.698131701   22.545319566    7.660134124  -25.949459780
   -0.872664626   -0.698131701   24.624201600   15.862239196  -23.663690164
   -0.698131701   -0.698131701   27.955618349   21.655727639  -19.817652375
   -0.523598776   -0.698131701   31.950019956   23.218271154  -15.096181635
   -0.349065850   -0.698131701   35.761420622   19.454778760  -10.250009636
   -0.174532925   -0.698131701   38.420363357   10.014310268   -5.929899020
    0.000000000   -0.698131701   38.973375751   -4.489430613   -2.574929567
    0.174532925   -0.698131701   36.693656797  -21.919631504   -0.317250821
    0.349065850   -0.698131701   31.401523738  -38.159712853    1.032616004
    0.523598776   -0.698131701   23.785162128  -47.571930768    1.895387051
    0.698131701   -0.698131701   15.518317083  -44.945406212    2.718826606
    0.872664626   -0.698131701    8.942957000  -28.222013385    3.757715598
    1.047197551   -0.698131701    6.341232285   -0.333483232    4.977304911
    1.221730476   -0.698131701    9.074499275   31.490628097    6.142721661
    1.396263402   -0.698131701   17.059989352   58.482445900    7.013559010
    1.570796327   -0.698131701   28.809378765   73.773759291    7.500985263
    1.745329252   -0.698131701   41.964292356   74.479714277    7.685132846
    1.919862177   -0.698131701   54.028554386   61.749850572    7.721042920
    2.094395102   -0.698131701   62.973423069   39.530402891    7.714838473
    2.268928028   -0.698131701   67.579720527   12.902547460    7.656633018
    2.443460953   -0.698131701   67.521491233  -13.128022416    7.433514438
    2.617993878   -0.698131701   63.287414264  -34.347440500    6.888452879
    2.792526803   -0.698131701   56.010332822  -47.632140513    5.885572420
    2.967059728   -0.698131701   47.244242547  -51.375357302    4.387185432

   -3.141592654   -0.349065850   39.224284316  -51.191847851    2.828139963
   -2.967059728   -0.349065850   31.266231277  -39.195165265   -0.068370983
   -2.792526803   -0.349065850   25.739804168  -24.103155236   -3.010315409
   -2.617993878   -0.349065850   22.772579417  -10.561779851   -5.809429470
   -2.443460953   -0.349065850   21.760287650   -2.099278374   -8.413771783
   -2.268928028   -0.349065850   21.670015616    0.025743021  -10.929932114
   -2.094395102   -0.349065850   21.463308118   -3.076966069  -13.548048959
   -1.919862177   -0.349065850   20.457517166   -8.569367028  -16.368527220
   -1.745329252   -0.349065850   18.537694359  -13.003004930  -19.220676233
   -1.570796327   -0.349065850   16.160307485  -13.412213586  -21.590651720
   -1.396263402   -0.349065850   14.180604904   -8.388496611  -22.769629017
   -1.221730476   -0.349065850   13.523070092    1.436270088  -22.156184395
   -1.047197551   -0.349065850   14.829158426   13.583955949  -19.573359544
   -0.872664626   -0.349065850   18.219077121   24.729300964  -15.383870030
   -0.698131701   -0.349065850   23.240048474   31.841976708  -10.362754029
   -0.523598776   -0.349065850   28.998679914   32.962075084   -5.411939994
   -0.349065850   -0.349065850   34.362172282   27.293600879   -1.267541929
   -0.174532925   -0.349065850   38.154984066   15.075078939    1.678127742
    0.000000000   -0.349065850   39.336379937   -2.296761528    3.439369077
    0.174532925   -0.349065850   37.236463889  -21.868713424    4.420936728
    0.349065850   -0.349065850   31.862735388  -38.895763863    5.266858007
    0.523598776   -0.349065850   24.160551281  -47.608287426    6.605932520
    0.698131701   -0.349065850   16.026991093  -43.308893174    8.754668695
    0.872664626   -0.349065850    9.894245560  -24.879990726   11.533809856
    1.047197551   -0.349065850    7.969053976    3.880992245   14.344036355
    1.221730476   -0.349065850   11.429054269   35.412878877   16.479866304
    1.396263402   -0.349065850   20.006497893   61.246088550   17.479347802
    1.570796327   -0.349065850   32.115150608   75.138733867   17.308868961
    1.745329252   -0.349065850   45.405348067   74.743912772   16.291427857
    1.919862177   -0.349065850   57.454613212   61.394511225   14.881458281
    2.094395102   -0.349065850   66.308752662   38.878001245   13.437678466
    2.268928028   -0.349065850   70.778364072   11.969080251   12.104370668
    2.443460953   -0.349065850   70.515020346  -14.595387970   10.821974730
    2.617993878   -0.349065850   65.952666516  -36.707324403    9.408382034
    2.792526803   -0.349065850   58.167754477  -51.116411826    7.658109845
    2.967059728   -0.349065850   48.694082959  -55.963202343    5.455885615

   -3.141592654    0.000000000   40.386214280  -56.675231935    2.132196703
   -2.967059728    0.000000000   31.439877609  -44.956039559   -0.659714234
   -2.792526803    0.000000000   24.913479939  -29.731078402   -3.368668792
   -2.617993878    0.000000000   20.995615441  -15.803222833   -5.845256351
   -2.443460953    0.000000000   19.101485639   -6.987337828   -8.069804852
   -2.268928028    0.000000000   18.170439769   -4.766628984  -10.156220764
   -2.094395102    0.000000000   17.118339695   -7.978117477  -12.254978261
   -1.919862177    0.000000000   15.258143601  -13.370516569  -14.380623325
   -1.745329252    0.000000000   12.565841410  -16.855580373  -16.268903209
   -1.570796327    0.000000000    9.693105930  -14.999084378  -17.373032174
   -1.396263402    0.000000000    7.726496437   -6.486269152  -17.072811904
   -1.221730476    0.000000000    7.745104446    7.259905264  -14.991645795
   -1.047197551    0.000000000   10.364210585   22.582796691  -11.264037902
   -0.872664626    0.000000000   15.478416664   35.139149295   -6.555019304
   -0.698131701    0.000000000   22.284531527   41.533998635   -1.823555686
   -0.523598776    0.000000000   29.541222258   40.207833132    2.042389215
   -0.349065850    0.000000000   35.888350071   31.269588657    4.541758175
   -0.174532925    0.000000000   40.101083909   16.028444385    5.682635423
    0.000000000    0.000000000   41.267313296   -3.161737823    5.937141976
    0.174532925    0.000000000   38.985139034  -22.776427270    6.087070305
    0.349065850    0.000000000   33.582308104  -38.070910102    6.954512849
    0.523598776    0.000000000   26.263021856  -43.970405201    9.093820564
    0.698131701    0.000000000   19.010143213  -37.009192394   12.525066445
    0.872664626    0.000000000   14.116551493  -17.303116336   16.656572001
    1.047197551    0.000000000   13.480156517   10.733657327   20.503317493
    1.221730476    0.000000000   17.943139538   39.841879773   23.117472981
    1.396263402    0.000000000   27.021837747   62.544273183   23.979370141
    1.570796327    0.000000000   39.104495463   73.682426697   23.152251056
    1.745329252    0.000000000   51.973167434   71.569317429   21.138704141
    1.919862177    0.000000000   63.399543716   57.597485461   18.583820217
    2.094395102    0.000000000   71.592659740   35.179600494   16.003365724
    2.268928028    0.000000000   75.444853099    8.591803874   13.647718308
    2.443460953    0.000000000   74.608281570  -17.838238271   11.516600632
    2.617993878    0.000000000   69.464394414  -40.207815803    9.453534038
    2.792526803    0.000000000   61.020008563  -55.219216907    7.260191402
    2.967059728    0.000000000   50.763203911  -60.815442228    4.815130085

   -3.141592654    0.349065850   41.493108088  -61.519442543    1.104167141
   -2.967059728    0.349065850   31.690635802  -49.854467218   -0.654397807
   -2.792526803    0.349065850   24.328353312  -34.347178402   -2.202017462
   -2.617993878    0.349065850   19.647376459  -19.904652390   -3.534436057
   -2.443460953    0.349065850   17.083521046  -10.575152173   -4.722961713
   -2.268928028    0.349065850   15.557802972   -8.025159015   -5.895061360
   -2.094395102    0.349065850   13.954261010  -11.034189016   -7.150465365
   -1.919862177    0.349065850   11.590879289  -15.997155202   -8.442777643
   -1.745329252    0.349065850    8.526379544  -18.332969772   -9.506893903
   -1.570796327    0.349065850    5.567486700  -14.345362580   -9.903254500
   -1.396263402    0.349065850    3.957097861   -2.988224233   -9.212743494
   -1.221730476    0.349065850    4.834072392   13.494360532   -7.276773375
   -1.047197551    0.349065850    8.706292024   30.450037686   -4.356103042
   -0.872664626    0.349065850   15.209276466   42.869066202   -1.070593442
   -0.698131701    0.349065850   23.224275725   47.401376405    1.853483024
   -0.523598776    0.349065850   31.262653374   43.211307346    3.896729445
   -0.349065850    0.349065850   37.879929646   31.455967874    4.963783291
   -0.174532925    0.349065850   41.950387713   14.446524962    5.390659135
    0.000000000    0.349065850   42.808975726   -4.785926931    5.805659817
    0.174532925    0.349065850   40.377754565  -22.566984094    6.913873363
    0.349065850    0.349065850   35.281526366  -34.612174695    9.240741986
    0.523598776    0.349065850   28.885898675  -36.908608503   12.910988670
    0.698131701    0.349065850   23.115888742  -27.372813065   17.526609489
    0.872664626    0.349065850   19.978698385   -7.236145781   22.225468198
    1.047197551    0.349065850   20.956858084   18.795764577   25.971941966
    1.221730476    0.349065850   26.515198860   44.143524728   27.956220076
    1.396263402    0.349065850   35.972584196   62.626245207   27.877461399
    1.570796327    0.349065850   47.750477941   70.318078635   25.991718872
    1.745329252    0.349065850   59.834302247   66.200754514   22.913372915
    1.919862177    0.349065850   70.254646306   51.647591011   19.332278309
    2.094395102    0.349065850   77.431685270   29.591430765   15.788333431
    2.268928028    0.349065850   80.369720142    3.716182203   12.576404310
    2.443460953    0.349065850   78.737838327  -22.123710810    9.772543670
    2.617993878    0.349065850   72.872157425  -44.268417449    7.315351783
    2.792526803    0.349065850   63.711553917  -59.415450178    5.094026190
    2.967059728    0.349065850   52.691944328  -65.346929431    3.028550847

   -3.141592654    0.698131701   42.859855936  -64.074992124   -0.454786692
   -2.967059728    0.698131701   32.611537729  -52.388349544   -0.886738767
   -2.792526803    0.698131701   24.812148296  -36.799436391   -1.016157823
   -2.617993878    0.698131701   19.714166230  -22.218531793   -0.987130972
   -2.443460953    0.698131701   16.757846236  -12.758627986   -0.954436916
   -2.268928028    0.698131701   14.859042394  -10.117345253   -1.054006316
   -2.094395102    0.698131701   12.900036671  -12.991261351   -1.357305418
   -1.919862177    0.698131701   10.223140552  -17.565699974   -1.827024057
   -1.745329252    0.698131701    6.951927685  -19.036810434   -2.310327299
   -1.570796327    0.698131701    3.983191339  -13.682985887   -2.584385133
   -1.396263402    0.698131701    2.625804941   -0.757111462   -2.463892898
   -1.221730476    0.698131701    4.007469286   16.935854785   -1.902407776
   -1.047197551    0.698131701    8.524164653   34.214976701   -1.030832381
   -0.872664626    0.698131701   15.633604606   45.886294324   -0.087352929
   -0.698131701    0.698131701   24.052319680   48.933963033    0.729651941
   -0.523598776    0.698131701   32.221351795   43.242013259    1.399940697
   -0.349065850    0.698131701   38.763634023   30.743884769    2.139172930
   -0.174532925    0.698131701   42.737591585   14.286428422    3.323420351
    0.000000000    0.698131701   43.719588569   -2.992962012    5.351582705
    0.174532925    0.698131701   41.851105783  -17.793908072    8.490736317
    0.349065850    0.698131701   37.873445108  -26.616785529   12.731413204
    0.523598776    0.698131701   33.105402677  -26.478449088   17.708129708
    0.698131701    0.698131701   29.245883320  -16.271711729   22.718272612
    0.872664626    0.698131701   27.941977739    2.289036613   26.869736342
    1.047197551    0.698131701   30.296283261   24.782893424   29.361996112
    1.221730476    0.698131701   36.508792078   45.593313400   29.769392832
    1.396263402    0.698131701   45.831684944   59.774320505   28.160049502
    1.570796327    0.698131701   56.819127731   64.364659043   25.018180470
    1.745329252    0.698131701   67.709835670   58.750331060   21.010385031
    1.919862177    0.698131701   76.807396237   44.144696758   16.760453450
    2.094395102    0.698131701   82.743878599   22.984489365   12.714206946
    2.268928028    0.698131701   84.638580026   -1.613657097    9.121467883
    2.443460953    0.698131701   82.184531770  -26.255335744    6.085694868
    2.617993878    0.698131701   75.678909969  -47.535743370    3.629269190
    2.792526803    0.698131701   65.994869526  -62.196445445    1.740376957
    2.967059728    0.698131701   54.507607855  -67.933427606    0.392360350

   -3.141592654    1.047197551   41.550436031  -63.932110852   -5.059680781
   -2.967059728    1.047197551   31.418490736  -51.255895636   -4.194882819
   -2.792526803    1.047197551   23.868596939  -35.151537157   -3.018273133
   -2.617993878    1.047197551   19.066280283  -20.549265430   -1.798392318
   -2.443460953    1.047197551   16.372940439  -11.459462141   -0.737193931
   -2.268928028    1.047197551   14.652983931   -9.378879054    0.057337028
   -2.094395102    1.047197551   12.773472391  -12.798514242    0.567722765
   -1.919862177    1.047197551   10.092663285  -17.771967176    0.827575141
   -1.745329252    1.047197551    6.763845617  -19.463155718    0.865067468
   -1.570796327    1.047197551    3.710430727  -14.218626046    0.673753121
   -1.396263402    1.047197551    2.251507892   -1.397179473    0.225620532
   -1.221730476    1.047197551    3.508112847   16.125181830   -0.467791370
   -1.047197551    1.047197551    7.865647944   33.199717949   -1.292068952
   -0.872664626    1.047197551   14.787556539   44.790367060   -2.007895112
   -0.698131701    1.047197551   23.034320059   48.145461714   -2.281944401
   -0.523598776    1.047197551   31.138341497   43.414145293   -1.760730596
   -0.349065850    1.047197551   37.851547369   32.657215915   -0.149410903
   -0.174532925    1.047197551   42.362381904   18.609646992    2.708684090
    0.000000000    1.047197551   44.333985956    4.030207165    6.779200669
    0.174532925    1.047197551   43.909616632   -8.376873320   11.803022397
    0.349065850    1.047197551   41.718022075  -15.790292409   17.277977631
    0.523598776    1.047197551   38.851712546  -15.807229198   22.497712511
    0.698131701    1.047197551   36.707899221   -7.582913432   26.666140748
    0.872664626    1.047197551   36.629888626    7.437923903   29.084480597
    1.047197551    1.047197551   39.510219887   25.619490321   29.371275655
    1.221730476    1.047197551   45.502010964   42.345173613   27.588616643
    1.396263402    1.047197551   53.973772641   53.488366628   24.181304423
    1.570796327    1.047197551   63.699097766   56.411674347   19.787267739
    1.745329252    1.047197551   73.148149774   50.352371321   15.009915675
    1.919862177    1.047197551   80.803997760   36.116681266   10.297898250
    2.094395102    1.047197551   85.404497222   15.747148154    5.933514957
    2.268928028    1.047197551   86.119209454   -7.876537531    2.102482457
    2.443460953    1.047197551   82.665022839  -31.430809567   -1.046809889
    2.617993878    1.047197551   75.359957098  -51.489690378   -3.383956450
    2.792526803    1.047197551   65.101881426  -64.786869510   -4.816831399
    2.967059728    1.047197551   53.284901767  -69.094643869   -5.340841591

   -3.141592654    1.396263402   36.645259786  -62.426822636  -10.395149106
   -2.967059728    1.396263402   26.920663857  -48.183413492   -8.759990007
   -2.792526803    1.396263402   19.997444408  -31.155410245   -6.833969319
   -2.617993878    1.396263402   15.923807017  -16.295546778   -4.946448910
   -2.443460953    1.396263402   13.953590929   -7.499383545   -3.283720904
   -2.268928028    1.396263402   12.873152348   -6.047995508   -1.871165627
   -2.094395102    1.396263402   11.507997257  -10.251542095   -0.634427123
   -1.919862177    1.396263402    9.195982864  -16.118240405    0.478962189
   -1.745329252    1.396263402    6.065128495  -18.895225227    1.394017229
   -1.570796327    1.396263402    2.997323357  -14.998843569    1.907827485
   -1.396263402    1.396263402    1.274148901   -3.648095494    1.812867748
   -1.221730476    1.396263402    2.027831275   12.697144545    1.085741939
   -1.047197551    1.396263402    5.742922014   29.440335617    0.006870080
   -0.872664626    1.396263402   12.069436633   41.947933500   -0.885280487
   -0.698131701    1.396263402   19.996593679   47.523816571   -0.979061305
   -0.523598776    1.396263402   28.259934559   45.978396268    0.189311847
   -0.349065850    1.396263402   35.730553613   38.771089098    2.798037049
   -0.174532925    1.396263402   41.598460634   27.928150350    6.717998263
    0.000000000    1.396263402   45.406215583   15.533090824   11.562072186
    0.174532925    1.396263402   47.069316820    3.741125577   16.751784658
    0.349065850    1.396263402   46.911228276   -4.929790797   21.572555638
    0.523598776    1.396263402   45.696225132   -8.011185926   25.265835827
    0.698131701    1.396263402   44.546308594   -4.128422983   27.179884052
    0.872664626    1.396263402   44.660697958    6.224036038   26.954889130
    1.047197551    1.396263402   46.968267539   20.466662458   24.663896669
    1.221730476    1.396263402   51.819501696   34.689055608   20.794117154
    1.396263402    1.396263402   58.850301641   44.856033130   16.046330231
    1.570796327    1.396263402   67.065541606   47.852331840   11.077661118
    1.745329252    1.396263402   75.060572184   42.264917922    6.313837508
    1.919862177    1.396263402   81.344480403   28.454863886    1.938509480
    2.094395102    1.396263402   84.636082280    8.410383114   -2.004573266
    2.268928028    1.396263402   84.105192710  -14.760572089   -5.465752371
    2.443460953    1.396263402   79.517141915  -37.446239366   -8.315914345
    2.617993878    1.396263402   71.278230295  -56.065505039  -10.356713155
    2.792526803    1.396263402   60.382632783  -67.437000086  -11.397946577
    2.967059728    1.396263402   48.288030978  -69.596387308  -11.372864856

   -3.141592654    1.745329252   30.503890574  -59.592972337  -16.812811442
   -2.967059728    1.745329252   21.404864622  -43.978968392  -15.347009585
   -2.792526803    1.745329252   15.273665224  -26.421980648  -13.444797139
   -2.617993878    1.745329252   12.018675390  -11.741303395  -11.347339245
   -2.443460953    1.745329252   10.797065124   -3.509020136   -9.183836412
   -2.268928028    1.745329252   10.359308945   -2.663036749   -6.962067683
   -2.094395102    1.745329252    9.539778223   -7.373766914   -4.622775622
   -1.919862177    1.745329252    7.684943629  -13.795059689   -2.158955787
   -1.745329252    1.745329252    4.888799936  -17.468153272    0.274511170
   -1.570796327    1.745329252    1.956994801  -14.948391866    2.355216152
   -1.396263402    1.745329252    0.105706322   -5.161444389    3.739674983
   -1.221730476    1.745329252    0.490518136   10.121976839    4.291758221
   -1.047197551    1.745329252    3.750340161   27.039228340    4.240526086
   -0.872664626    1.745329252    9.787053933   41.278764897    4.132319972
   -0.698131701    1.745329252   17.844299150   49.839230340    4.598457052
   -0.523598776    1.745329252   26.812360795   51.736104544    6.078229988
   -0.349065850    1.745329252   35.562130122   47.522732625    8.649521031
   -0.174532925    1.745329252   43.136276429   38.481954243   12.032776905
    0.000000000    1.745329252   48.826365342   26.255423674   15.691379783
    0.174532925    1.745329252   52.246440753   12.853163259   18.959832539
    0.349065850    1.745329252   53.418317943    0.958703461   21.156562310
    0.523598776    1.745329252   52.863440654   -6.448769345   21.715813538
    0.698131701    1.745329252   51.582554018   -7.141289989   20.344538952
    0.872664626    1.745329252   50.820676986   -0.597054771   17.157632178
    1.047197551    1.745329252   51.715554442   11.391750504   12.693258076
    1.221730476    1.745329252   54.915779107   25.108870783    7.739996689
    1.396263402    1.745329252   60.330514324   36.066237791    3.032252205
    1.570796327    1.745329252   67.121814966   40.331729962   -1.005944666
    1.745329252    1.745329252   73.901404100   35.779803026   -4.340849013
    1.919862177    1.745329252   79.104917034   22.473509515   -7.194141629
    2.094395102    1.745329252   81.366386333    2.567187432   -9.823180585
    2.268928028    1.745329252   79.827968544  -20.403009813  -12.330862405
    2.443460953    1.745329252   74.305838796  -42.390215010  -14.611563750
    2.617993878    1.745329252   65.316150622  -59.585579923  -16.411359914
    2.792526803    1.745329252   53.975971475  -68.916596039  -17.453129523
    2.967059728    1.745329252   41.821602822  -68.791059160  -17.579909355

   -3.141592654    2.094395102   23.533177180  -57.791215547  -18.476787291
   -2.967059728    2.094395102   14.853821804  -41.050682754  -17.090398163
   -2.792526803    2.094395102    9.297752246  -22.839508912  -15.190042004
   -2.617993878    2.094395102    6.698556138   -7.852783402  -12.969315128
   -2.443460953    2.094395102    6.171193187    0.550262567  -10.530615540
   -2.268928028    2.094395102    6.461156413    1.631841103   -7.862884408
   -2.094395102    2.094395102    6.420127394   -2.746052145   -4.882692174
   -1.919862177    2.094395102    5.398014561   -8.928848221   -1.553331325
   -1.745329252    2.094395102    3.444622230  -12.779580194    1.987079617
   -1.570796327    2.094395102    1.272076496  -11.046173067    5.392195706
   -1.396263402    2.094395102    0.000000000   -2.472723411    8.237985427
   -1.221730476    2.094395102    0.754002668   11.731605468   10.254801760
   -1.047197551    2.094395102    4.254060976   28.344700076   11.502922575
   -0.872664626    2.094395102   10.571269302   43.364022398   12.348097316
   -0.698131701    2.094395102   19.126507348   53.558850102   13.242590841
   -0.523598776    2.094395102   28.906017405   57.275126322   14.463234609
   -0.349065850    2.094395102   38.745681073   54.317363009   15.960274799
   -0.174532925    2.094395102   47.534754347   45.383134738   17.392828293
    0.000000000    2.094395102   54.336324859   31.844908348   18.258466620
    0.174532925    2.094395102   58.516037847   15.750889634   18.044018464
    0.349065850    2.094395102   59.879330205    0.125106837   16.359365995
    0.523598776    2.094395102   58.818236750  -11.402874951   13.067836285
    0.698131701    2.094395102   56.342596412  -15.702304092    8.397481812
    0.872664626    2.094395102   53.869327763  -11.346328162    2.967403044
    1.047197551    2.094395102   52.836599952    0.378855339   -2.354128489
    1.221730476    2.094395102   54.222816263   15.568089253   -6.751237853
    1.396263402    2.094395102   58.175552341   28.921973001   -9.776717440
    1.570796327    2.094395102   63.928246583   35.483608224  -11.498447949
    1.745329252    2.094395102   70.003551104   32.391148602  -12.394742800
    1.919862177    2.094395102   74.667401338   19.530501549  -13.073823444
    2.094395102    2.094395102   76.399821745   -0.607822534  -13.989062366
    2.268928028    2.094395102   74.274343508  -23.913047422  -15.279865828
    2.443460953    2.094395102   68.137343350  -45.818104574  -16.783650298
    2.617993878    2.094395102   58.604221797  -62.254869165  -18.156570482
    2.792526803    2.094395102   46.908025282  -70.239557069  -19.030552879
    2.967059728    2.094395102   34.662590062  -68.493117234  -19.159320128

   -3.141592654    2.443460953   17.331168074  -56.750453570  -12.522539412
   -2.967059728    2.443460953    8.932304029  -38.907610076  -11.148808685
   -2.792526803    2.443460953    3.834808362  -19.765724080   -9.448974227
   -2.617993878    2.443460953    1.843075476   -3.985780140   -7.532528601
   -2.443460953    2.443460953    2.056533470    5.170152582   -5.418027987
   -2.268928028    2.443460953    3.223515775    7.071759372   -3.016612522
   -2.094395102    2.443460953    4.209795533    3.582212157   -0.166399743
   -1.919862177    2.443460953    4.363644184   -1.833361586    3.258630632
   -1.745329252    2.443460953    3.685522212   -5.373535426    7.211117458
   -1.570796327    2.443460953    2.781808636   -4.048716644   11.394093949
   -1.396263402    2.443460953    2.645382034    3.447559551   15.332941504
   -1.221730476    2.443460953    4.316687542   16.318031922   18.566135923
   -1.047197551    2.443460953    8.518312991   31.876041216   20.838943145
   -0.872664626    2.443460953   15.401204750   46.408579453   22.160539769
   -0.698131701    2.443460953   24.478402174   56.530171507   22.691907764
   -0.523598776    2.443460953   34.767423480   60.071229033   22.566594661
   -0.349065850    2.443460953   45.037129582   56.302987690   21.765532446
   -0.174532925    2.443460953   54.033505985   45.603653110   20.130973748
    0.000000000    2.443460953   60.650350807   29.366637059   17.454999592
    0.174532925    2.443460953   64.115264577    9.975387720   13.591591519
    0.349065850    2.443460953   64.176510309   -8.960841847    8.560986452
    0.523598776    2.443460953   61.288209550  -23.056314216    2.637533006
    0.698131701    2.443460953   56.658516166  -28.418409239   -3.610648136
    0.872664626    2.443460953   52.014449058  -23.160428912   -9.382644523
    1.047197551    2.443460953   49.134710338   -8.715119627  -13.858513895
    1.221730476    2.443460953   49.252392519   10.203413494  -16.499882257
    1.396263402    2.443460953   52.591037230   27.134449845  -17.267022883
    1.570796327    2.443460953   58.264807310   36.129815759  -16.626380150
    1.745329252    2.443460953   64.550541247   33.906644069  -15.324979960
    1.919862177    2.443460953   69.452911456   20.580820790  -14.081490862
    2.094395102    2.443460953   71.270924993   -0.720201088  -13.340968036
    2.268928028    2.443460953   69.019187715  -25.188033895  -13.195388532
    2.443460953    2.443460953   62.592467254  -47.748683506  -13.452787349
    2.617993878    2.443460953   52.716215906  -64.129629214  -13.779781786
    2.792526803    2.443460953   40.744345264  -71.436642163  -13.847430326
    2.967059728    2.443460953   28.379808373  -68.627627972  -13.447029368

   -3.141592654    2.792526803   14.614631193  -55.336394473    1.352931340
   -2.967059728    2.792526803    6.492569349  -37.165590213    2.953536338
   -2.792526803    2.792526803    1.726817135  -17.708903239    4.365374946
   -2.617993878    2.792526803    0.128250489   -1.513931154    5.614994161
   -2.443460953    2.792526803    0.825712577    8.287466986    6.859936733
   -2.268928028    2.792526803    2.617485342   11.168204251    8.356640233
   -2.094395102    2.792526803    4.429846663    8.993363994   10.390929126
   -1.919862177    2.792526803    5.656336881    5.041535899   13.166826888
   -1.745329252    2.792526803    6.292094758    2.724216606   16.682810758
   -1.570796327    2.792526803    6.861607645    4.583822695   20.653024399
   -1.396263402    2.792526803    8.208996663   11.646399574   24.552381071
   -1.221730476    2.792526803   11.204285484   23.154615823   27.774888536
   -1.047197551    2.792526803   16.432255943   36.730175502   29.831569672
   -0.872664626    2.792526803   23.967117796   49.002092790   30.467597079
   -0.698131701    2.792526803   33.291569240   56.757680681   29.649582046
   -0.523598776    2.792526803   43.404107027   57.786437142   27.469475597
   -0.349065850    2.792526803   53.040286629   51.288594064   24.048301126
   -0.174532925    2.792526803   60.909617738   37.691386762   19.518382054
    0.000000000    2.792526803   65.896314352   18.643133993   14.048673008
    0.174532925    2.792526803   67.278713897   -3.040570729    7.879395248
    0.349065850    2.792526803   64.939038189  -23.239527906    1.363437886
    0.523598776    2.792526803   59.553715671  -37.105158722   -5.009794720
    0.698131701    2.792526803   52.618500752  -40.482615635  -10.630123513
    0.872664626    2.792526803   46.160645309  -31.641709705  -14.860616248
    1.047197551    2.792526803   42.186628460  -12.692042576  -17.231474420
    1.221730476    2.792526803   42.002136198   10.616150373  -17.643332164
    1.396263402    2.792526803   45.718437713   30.804790146  -16.432453161
    1.570796327    2.792526803   52.194230313   41.368150189  -14.248349358
    1.745329252    2.792526803   59.408556743   39.084342820  -11.784976392
    1.919862177    2.792526803   65.125472949   24.629272000   -9.544677903
    2.094395102    2.792526803   67.520481995    1.849278852   -7.722857043
    2.268928028    2.792526803   65.601621767  -23.867179156   -6.253376720
    2.443460953    2.792526803   59.334464873  -47.144902654   -4.934569388
    2.617993878    2.792526803   49.542291255  -63.689136661   -3.565932047
    2.792526803    2.792526803   37.663022568  -70.779423525   -2.034049365
    2.967059728    2.792526803   25.446766874  -67.591410264   -0.356293043
