#! FIELDS phi psi file.free der_phi der_psi
#! SET min_phi -pi
#! SET max_phi pi
#! SET nbins_phi  36
#! SET periodic_phi true
#! SET min_psi -pi
#! SET max_psi pi
#! SET nbins_psi  18
#! SET periodic_psi true
   -3.141592654   -3.141592654   17.676213108  -52.501863582   18.049103811
   -2.967059728   -3.141592654    9.968410241  -35.266803059   20.085719265
   -2.792526803   -3.141592654    5.457376762  -16.652864341   21.245283524
   -2.617993878   -3.141592654    3.995337374   -0.923906068   21.662024510
   -2.443460953   -3.141592654    4.798519629    9.019162450   21.695661928
   -2.268928028   -3.141592654    6.782218949   12.749038412   21.836801807
   -2.094395102   -3.141592654    8.992516111   12.058005262   22.559162607
   -1.919862177   -3.141592654   10.912108988    9.943943399   24.165709097
   -1.745329252   -3.141592654   12.558824914    9.340914980   26.671643704
   -1.570796327   -3.141592654   14.386847699   12.233154276   29.751153657
   -1.396263402   -3.141592654   17.078924866   19.194728658   32.795699381
   -1.221730476   -3.141592654   21.286240661   29.285860036   35.070349081
   -1.047197551   -3.141592654   27.371587325   40.259242915   35.924020494
   -0.872664626   -3.141592654   35.230999551   49.094323699   34.952627776
   -0.698131701   -3.141592654   44.237155425   52.988285080   32.064612013
   -0.523598776   -3.141592654   53.348985040   50.117265272   27.443053879
   -0.349065850   -3.141592654   61.328610536   40.068700078   21.454576067
   -0.174532925   -3.141592654   66.981288896   23.676132565   14.583768245
    0.000000000   -3.141592654   69.358780829    2.981885958    7.381802196
    0.174532925   -3.141592654   67.969246382  -18.876167259    0.410068701
    0.349065850   -3.141592654   62.967833659  -37.625423208   -5.795819544
    0.523598776   -3.141592654   55.312144391  -48.490519634  -10.767758326
    0.698131701   -3.141592654   46.741911080  -47.667504818  -14.147716937
    0.872664626   -3.141592654   39.439790123  -34.097985646  -15.740607364
    1.047197551   -3.141592654   35.429068132  -10.780501966  -15.593159486
    1.221730476   -3.141592654   35.876636299   15.713532592  -14.032186749
    1.396263402   -3.141592654   40.642394323   37.468980132  -11.581629354
    1.570796327   -3.141592654   48.306292659   48.125627394   -8.787342744
    1.745329252   -3.141592654   56.636905179   45.039245947   -6.016926889
    1.919862177   -3.141592654   63.303703868   29.584527879   -3.378398740
    2.094395102   -3.141592654   66.495478276    6.098036677   -0.762644485
    2.268928028   -3.141592654   65.289213145  -19.881869686    2.016472628
    2.443460953   -3.141592654   59.719932715  -43.109803007    5.088508948
    2.617993878   -3.141592654   50.642981735  -59.548598476    8.444109714
    2.792526803   -3.141592654   39.483258509  -66.736560175   11.923316494
    2.967059728   -3.141592654   27.941238220  -63.989025638   15.237306830

   -3.141592654   -2.792526803   25.455216800  -48.322839528   26.001853481
   -2.967059728   -2.792526803   18.295589023  -33.180508072   27.744090195
   -2.792526803   -2.792526803   13.975576725  -16.481641846   28.386577567
   -2.617993878   -2.792526803   12.419929796   -2.031161439   28.227249499
   -2.443460953   -2.792526803   12.987304768    7.595325498   27.761647037
   -2.268928028   -2.792526803   14.770971877   12.043082876   27.544450389
   -2.094395102   -2.792526803   16.985025964   12.916796275   28.018106088
   -1.919862177   -2.792526803   19.226069527   12.798637954   29.370913518
   -1.745329252   -2.792526803   21.537364409   14.022243115   31.465475941
   -1.570796327   -2.792526803   24.285107767   17.903871966   33.837521550
   -1.396263402   -2.792526803   27.953682906   24.452433881   35.792598045
   -1.221730476   -2.792526803   32.920668942   32.473527123   36.574318388
   -1.047197551   -2.792526803   39.270175474   39.906111003   35.579371152
   -0.872664626   -2.792526803   46.689195429   44.330033746   32.523115966
   -0.698131701   -2.792526803   54.467085743   43.748285725   27.506552435
   -0.523598776   -2.792526803   61.621803853   37.113575840   20.962034001
   -0.349065850   -2.792526803   67.095500513   24.619355106   13.522597718
   -0.174532925   -2.792526803   69.958128089    7.458664647    5.896183994
    0.000000000   -2.792526803   69.565544870  -12.257614493   -1.229413636
    0.174532925   -2.792526803   65.716555696  -31.585885166   -7.271585964
    0.349065850   -2.792526803   58.801716110  -46.692969853  -11.795259780
    0.523598776   -2.792526803   49.923956638  -53.382210982  -14.556611058
    0.698131701   -2.792526803   40.862327097  -48.458509286  -15.528632419
    0.872664626   -2.792526803   33.735084401  -31.437011806  -14.900732015
    1.047197551   -2.792526803   30.411582940   -5.758250436  -13.064363926
    1.221730476   -2.792526803   31.848513448   21.837550950  -10.535029439
    1.396263402   -2.792526803   37.697577280   43.623232460   -7.798891188
    1.570796327   -2.792526803   46.392774521   53.757674106   -5.154808290
    1.745329252   -2.792526803   55.659759515   50.191936472   -2.622145675
    1.919862177   -2.792526803   63.216474346   34.726380527    0.003672899
    2.094395102   -2.792526803   67.345872908   11.773085009    3.002320172
    2.268928028   -2.792526803   67.202473999  -13.365792744    6.556413462
    2.443460953   -2.792526803   62.841778808  -35.837178613   10.646297125
    2.617993878   -2.792526803   55.069793798  -51.975071889   15.037696238
    2.792526803   -2.792526803   45.208417842  -59.574593324   19.347175806
    2.967059728   -2.792526803   34.825596026  -58.007646913   23.131334156

   -3.141592654   -2.443460953   34.270734602  -44.193135347   23.588221330
   -2.967059728   -2.443460953   27.651360923  -31.105530693   24.957964218
   -2.792526803   -2.443460953   23.536589492  -16.110177729   25.450744781
   -2.617993878   -2.443460953   21.948895740   -2.623772748   25.330850621
   -2.443460953   -2.443460953   22.397591369    6.985745380   24.966714207
   -2.268928028   -2.443460953   24.137812047   12.275126501   24.738046044
   -2.094395102   -2.443460953   26.505251312   14.481813155   24.919543130
   -1.919862177   -2.443460953   29.136043905   15.644423670   25.579222489
   -1.745329252   -2.443460953   32.011501730   17.489397229   26.534540480
   -1.570796327   -2.443460953   35.336211454   20.831113706   27.364013029
   -1.396263402   -2.443460953   39.365178879   25.423973307   27.504832823
   -1.221730476   -2.443460953   44.232633135   30.192484159   26.401213263
   -1.047197551   -2.443460953   49.836636400   33.586737042   23.685403853
   -0.872664626   -2.443460953   55.793807801   33.978175389   19.300508373
   -0.698131701   -2.443460953   61.466108814   30.178051544   13.530812967
   -0.523598776   -2.443460953   66.070724259   21.740559981    6.923561733
   -0.349065850   -2.443460953   68.825282804    9.124290293    0.148988888
   -0.174532925   -2.443460953   69.091785634   -6.533702287   -6.132175238
    0.000000000   -2.443460953   66.484446761  -23.463596359  -11.361232255
    0.174532925   -2.443460953   60.983870157  -39.210464725  -15.160934909
    0.349065850   -2.443460953   53.071133513  -50.496040803  -17.359008113
    0.523598776   -2.443460953   43.846298633  -53.628139775  -17.996744347
    0.698131701   -2.443460953   35.006295979  -45.794073572  -17.298393481
    0.872664626   -2.443460953   28.531993974  -26.768161803  -15.609665951
    1.047197551   -2.443460953   26.123889680   -0.090085030  -13.336054399
    1.221730476   -2.443460953   28.570132785   27.619415865  -10.857380871
    1.396263402   -2.443460953   35.395466526   48.981250629   -8.424841420
    1.570796327   -2.443460953   44.982180562   58.652347960   -6.092302847
    1.745329252   -2.443460953   55.089767300   55.018128720   -3.714495796
    1.919862177   -2.443460953   63.526196860   40.070726230   -1.048017022
    2.094395102   -2.443460953   68.670153092   18.098107770    2.113832856
    2.268928028   -2.443460953   69.727373615   -5.964835800    5.820999272
    2.443460953   -2.443460953   66.732494987  -27.687511556    9.924550357
    2.617993878   -2.443460953   60.402811640  -43.731910657   14.112898214
    2.792526803   -2.443460953   51.930626252  -52.045864197   18.004875957
    2.967059728   -2.443460953   42.745846271  -51.935978328   21.245776711

   -3.141592654   -2.094395102   40.684409822  -41.014699770   13.868676092
   -2.967059728   -2.094395102   34.498832101  -29.292330464   14.681730039
   -2.792526803   -2.094395102   30.599173750  -15.402618293   15.086356963
   -2.617993878   -2.094395102   29.067766362   -2.610385278   15.220506433
   -2.443460953   -2.094395102   29.494312610    6.797441142   15.209468744
   -2.268928028   -2.094395102   31.215474017   12.299743506   15.154058288
   -2.094395102   -2.094395102   33.619941838   14.879405957   15.101833535
   -1.919862177   -2.094395102   36.339705772   16.200003939   15.004425814
   -1.745329252   -2.094395102   39.283484121   17.589913832   14.695219213
   -1.570796327   -2.094395102   42.522599119   19.600152460   13.896780983
   -1.396263402   -2.094395102   46.153578492   21.965943224   12.294695516
   -1.221730476   -2.094395102   50.174686611   23.902954236    9.643786227
   -1.047197551   -2.094395102   54.424049197   24.407001457    5.891845020
   -0.872664626   -2.094395102   58.565947577   22.514174182    1.242036364
   -0.698131701   -2.094395102   62.118315760   17.581900855   -3.870886480
   -0.523598776   -2.094395102   64.528392513    9.441307401   -8.888985499
   -0.349065850   -2.094395102   65.262541936   -1.514913030  -13.274721956
   -0.174532925   -2.094395102   63.894402972  -14.484050307  -16.631510407
    0.000000000   -2.094395102   60.174470952  -28.222583545  -18.762687178
    0.174532925   -2.094395102   54.121164462  -40.829805581  -19.695681095
    0.349065850   -2.094395102   46.163770848  -49.494013360  -19.633516048
    0.523598776   -2.094395102   37.286264208  -50.784029699  -18.879406738
    0.698131701   -2.094395102   29.043475650  -41.912664588  -17.735451989
    0.872664626   -2.094395102   23.285570142  -22.527035519  -16.414777348
    1.047197551   -2.094395102   21.613708555    4.054774384  -15.013721023
    1.221730476   -2.094395102   24.759412121   31.484103449  -13.528175761
    1.396263402   -2.094395102   32.240305875   52.663521959  -11.880030369
    1.570796327   -2.094395102   42.477447357   62.488496418   -9.958751541
    1.745329252   -2.094395102   53.299876959   59.432939318   -7.658300176
    1.919862177   -2.094395102   62.583234389   45.385460457   -4.929038865
    2.094395102   -2.094395102   68.740766317   24.369640111   -1.813766417
    2.268928028   -2.094395102   70.960360584    1.005507288    1.536324123
    2.443460953   -2.094395102   69.208936530  -20.514922744    4.884125119
    2.617993878   -2.094395102   64.106487197  -36.944108393    7.963358599
    2.792526803   -2.094395102   56.746534014  -46.173635001   10.550532202
    2.967059728   -2.094395102   48.480612264  -47.341867460   12.522800439

   -3.141592654   -1.745329252   42.648340906  -39.859992230    4.863351963
   -2.967059728   -1.745329252   36.636562183  -28.424331245    5.257940651
   -2.792526803   -1.745329252   32.876088137  -14.668992545    5.597543930
   -2.617993878   -1.745329252   31.460559783   -2.033993678    5.858764573
   -2.443460953   -1.745329252   31.965035050    7.085851575    5.923279752
   -2.268928028   -1.745329252   33.697971901   12.114315014    5.634509465
   -2.094395102   -1.745329252   36.011661796   13.978925193    4.845667897
   -1.919862177   -1.745329252   38.488958741   14.261504067    3.444904822
   -1.745329252   -1.745329252   40.974654436   14.209261695    1.372950317
   -1.570796327   -1.745329252   43.469280173   14.403824995   -1.361907293
   -1.396263402   -1.745329252   46.020667871   14.797802285   -4.658841100
   -1.221730476   -1.745329252   48.634056370   15.032510601   -8.321890585
   -1.047197551   -1.745329252   51.239537226   14.612547727  -12.071222152
   -0.872664626   -1.745329252   53.676575224   12.990774096  -15.579293173
   -0.698131701   -1.745329252   55.686305847    9.639528401  -18.514408928
   -0.523598776   -1.745329252   56.928741994    4.148670404  -20.589322533
   -0.349065850   -1.745329252   57.013095840   -3.628374384  -21.613886573
   -0.174532925   -1.745329252   55.549192744  -13.532862358  -21.552204214
    0.000000000   -1.745329252   52.214419946  -24.918360317  -20.562185753
    0.174532925   -1.745329252   46.864744603  -36.266585214  -19.000433243
    0.349065850   -1.745329252   39.726127654  -44.857739549  -17.336088585
    0.523598776   -1.745329252   31.592733941  -47.012890564  -16.003214834
    0.698131701   -1.745329252   23.897140443  -39.434222125  -15.237722913
    0.872664626   -1.745329252   18.465341065  -21.200465750  -14.986427977
    1.047197551   -1.745329252   16.964220896    4.796009762  -14.949815128
    1.221730476   -1.745329252   20.242215582   32.369372503  -14.728506006
    1.396263402   -1.745329252   27.938160969   54.316376912  -13.978129211
    1.570796327   -1.745329252   38.559597222   65.259365058  -12.524667126
    1.745329252   -1.745329252   49.968390103   63.348157144  -10.388812354
    1.919862177   -1.745329252   60.018651222   50.184911831   -7.756105063
    2.094395102   -1.745329252   67.059955452   29.601846687   -4.907344679
    2.268928028   -1.745329252   70.192623306    6.140065555   -2.147024766
    2.443460953   -1.745329252   69.292859480  -15.967543336    0.262348880
    2.617993878   -1.745329252   64.906894266  -33.320742448    2.152281346
    2.792526803   -1.745329252   58.089759608  -43.574820982    3.479370523
    2.967059728   -1.745329252   50.198654135  -45.622555110    4.329673000

   -3.141592654   -1.396263402   41.714800452  -39.914072678    0.765477893
   -2.967059728   -1.396263402   35.715975985  -28.212834223    0.621954750
   -2.792526803   -1.396263402   32.013956843  -14.258310196    0.545184668
   -2.617993878   -1.396263402   30.661453673   -1.809582901    0.464178250
   -2.443460953   -1.396263402   31.149321130    6.574718378    0.180116622
   -2.268928028   -1.396263402   32.688876780   10.331492101   -0.571513434
   -2.094395102   -1.396263402   34.550638188   10.537096265   -2.053523740
   -1.919862177   -1.396263402   36.269504331    9.010112631   -4.448723973
   -1.745329252   -1.396263402   37.689019890    7.293658439   -7.780172808
   -1.570796327   -1.396263402   38.864526734    6.316289770  -11.849204492
   -1.396263402   -1.396263402   39.959671428    6.357793997  -16.235692545
   -1.221730476   -1.396263402   41.143799916    7.272825420  -20.386589846
   -1.047197551   -1.396263402   42.530266793    8.559060856  -23.755852162
   -0.872664626   -1.396263402   44.120887511    9.448248828  -25.928453836
   -0.698131701   -1.396263402   45.764774742    9.023738106  -26.682159379
   -0.523598776   -1.396263402   47.157285950    6.446864153  -25.990571778
   -0.349065850   -1.396263402   47.867872756    1.148283718  -24.012845034
   -0.174532925   -1.396263402   47.396782426   -7.093641562  -21.090876422
    0.000000000   -1.396263402   45.250386447  -17.950137390  -17.735408549
    0.174532925   -1.396263402   41.069239781  -30.060405437  -14.558985219
    0.349065850   -1.396263402   34.860215943  -40.574650444  -12.127907424
    0.523598776   -1.396263402   27.253799343  -45.311227214  -10.784983620
    0.698131701   -1.396263402   19.633608330  -40.188493578  -10.523588620
    0.872664626   -1.396263402   13.917812785  -23.504726921  -10.991902263
    1.047197551   -1.396263402   11.978108424    2.299140542  -11.638787790
    1.221730476   -1.396263402   14.903312606   31.000834058  -11.929766673
    1.396263402   -1.396263402   22.525159772   54.905854840  -11.516410083
    1.570796327   -1.396263402   33.435953505   67.939985329  -10.311013354
    1.745329252   -1.396263402   45.463464204   67.625374029   -8.455195941
    1.919862177   -1.396263402   56.338970978   55.198281959   -6.234381702
    2.094395102   -1.396263402   64.252992091   34.440061750   -3.980796653
    2.268928028   -1.396263402   68.161121496   10.090185075   -1.993812555
    2.443460953   -1.396263402   67.842923537  -13.283816167   -0.483792162
    2.617993878   -1.396263402   63.811135578  -31.918298965    0.460478172
    2.792526803   -1.396263402   57.147372515  -43.148893827    0.875350630
    2.967059728   -1.396263402   49.281614882  -45.686050532    0.911263975

   -3.141592654   -1.047197551   38.935812136  -41.941092563    2.291636382
   -2.967059728   -1.047197551   32.635555203  -29.606837794    1.109516652
   -2.792526803   -1.047197551   28.753053393  -14.957889255   -0.116256042
   -2.617993878   -1.047197551   27.318200576   -2.140536679   -1.351202947
   -2.443460953   -1.047197551   27.736561243    5.988044915   -2.691247428
   -2.268928028   -1.047197551   29.096058148    8.729760037   -4.346922111
   -2.094395102   -1.047197551   30.539021308    7.250968899   -6.590887571
   -1.919862177   -1.047197551   31.509419766    3.702438263   -9.639527832
   -1.745329252   -1.047197551   31.837519996    0.182286351  -13.503325105
   -1.570796327   -1.047197551   31.673072381   -1.733644997  -17.870262576
   -1.396263402   -1.047197551   31.378458109   -1.265517224  -22.127029097
   -1.221730476   -1.047197551   31.379629266    1.571760150  -25.529380728
   -1.047197551   -1.047197551   32.028364583    5.952131971  -27.451739166
   -0.872664626   -1.047197551   33.479035416   10.477330897  -27.569963766
   -0.698131701   -1.047197551   35.613445427   13.530939957  -25.911614835
   -0.523598776   -1.047197551   38.046699319   13.700267629  -22.792073417
   -0.349065850   -1.047197551   40.181342280    9.996814945  -18.715300990
   -0.174532925   -1.047197551   41.292292730    1.936872272  -14.288842121
    0.000000000   -1.047197551   40.629617956  -10.220461357  -10.144462088
    0.174532925   -1.047197551   37.589038147  -24.895141605   -6.819782620
    0.349065850   -1.047197551   32.002304239  -38.658823065   -4.627039773
    0.523598776   -1.047197551   24.452592016  -46.480934671   -3.565734540
    0.698131701   -1.047197551   16.428957287  -43.427275234   -3.346042321
    0.872664626   -1.047197551   10.078493589  -27.281528587   -3.525558743
    1.047197551   -1.047197551    7.546256477   -0.509116968   -3.686181576
    1.221730476   -1.047197551   10.144728169   30.159248324   -3.557012470
    1.396263402   -1.047197551   17.815700989   56.278862520   -3.033865557
    1.570796327   -1.047197551   29.132230159   71.089420155   -2.134326577
    1.745329252   -1.047197551   41.804321536   71.694584915   -0.944297277
    1.919862177   -1.047197551   53.399946625   59.221878938    0.411676721
    2.094395102   -1.047197551   61.951486876   37.607238505    1.775000202
    2.268928028   -1.047197551   66.298279338   11.896039766    2.963748118
    2.443460953   -1.047197551   66.162543909  -12.988434141    3.800533055
    2.617993878   -1.047197551   62.060956800  -32.962400849    4.154005544
    2.792526803   -1.047197551   55.128466621  -45.097062283    3.970137575
    2.967059728   -1.047197551   46.886059566  -47.965614311    3.304155867

   -3.141592654   -0.698131701   38.406652802  -45.980818296    2.396205008
   -2.967059728   -0.698131701   31.393399554  -33.669738818    0.203449421
   -2.792526803   -0.698131701   26.824091266  -18.732145806   -2.052586392
   -2.617993878   -0.698131701   24.760237577   -5.596894205   -4.240934476
   -2.443460953   -0.698131701   24.583710833    2.555679708   -6.370920323
   -2.268928028   -0.698131701   25.307016952    4.771964892   -8.603032884
   -2.094395102   -0.698131701   25.970270664    2.197334625  -11.189590025
   -1.919862177   -0.698131701   25.941335887   -2.688352454  -14.320128727
   -1.745329252   -0.698131701   25.062204275   -7.125319642  -17.937152154
   -1.570796327   -0.698131701   23.621188809   -8.812565083  -21.616045584
   -1.396263402   -0.698131701   22.223255905   -6.560302064  -24.637395495
   -1.221730476   -0.698131701   21.561181946   -0.547980946  -26.233393639
   -1.047197551   -0.698131701   22.174723782    7.711506280  -25.904504261
   -0.872664626   -0.698131701   24.263937396   15.932160573  -23.608513759
   -0.698131701   -0.698131701   27.610196636   21.758528497  -19.750649358
   -0.523598776   -0.698131701   31.626160956   23.362856415  -15.015674414
   -0.349065850   -0.698131701   35.465849104   19.630368986  -10.156241772
   -0.174532925   -0.698131701   38.155583010   10.183152552   -5.826114704
    0.000000000   -0.698131701   38.733656383   -4.379433116   -2.466755822
    0.174532925   -0.698131701   36.464986621  -21.906046988   -0.210286727
    0.349065850   -0.698131701   31.166799504  -38.236908193    1.135544774
    0.523598776   -0.698131701   23.532801092  -47.683676678    1.995722452
    0.698131701   -0.698131701   15.249521642  -45.008091634    2.821597857
    0.872664626   -0.698131701    8.672754061  -28.167785579    3.868799157
    1.047197551   -0.698131701    6.092100870   -0.149503659    5.098933929
    1.221730476   -0.698131701    8.865244086   31.749995480    6.270042592
    1.396263402   -0.698131701   16.895744776   58.722579186    7.134423995
    1.570796327   -0.698131701   28.679021102   73.911978701    7.600187381
    1.745329252   -0.698131701   41.846814494   74.490952408    7.751185062
    1.919862177   -0.698131701   53.904479948   61.673614381    7.751265496
    2.094395102   -0.698131701   62.833304634   39.433860777    7.715696072
    2.268928028   -0.698131701   67.424442246   12.829512181    7.639329716
    2.443460953   -0.698131701   67.355464810  -13.182187925    7.407799252
    2.617993878   -0.698131701   63.111069265  -34.417844492    6.858221994
    2.792526803   -0.698131701   55.818055089  -47.746479417    5.848014612
    2.967059728   -0.698131701   47.028088955  -51.531595217    4.335408952

   -3.141592654   -0.349065850   38.973783252  -51.397461686    2.844544676
   -2.967059728   -0.349065850   30.980364030  -39.389338169   -0.063006328
   -2.792526803   -0.349065850   25.422619819  -24.264498825   -3.011692870
   -2.617993878   -0.349065850   22.430495780  -10.685249898   -5.807538792
   -2.443460953   -0.349065850   21.399840468   -2.185407770   -8.397321069
   -2.268928028   -0.349065850   21.297664040   -0.024552698  -10.890797520
   -2.094395102   -0.349065850   21.085239086   -3.092818009  -13.483959960
   -1.919862177   -0.349065850   20.079330732   -8.556547276  -16.282994412
   -1.745329252   -0.349065850   18.163433638  -12.971337813  -19.120889632
   -1.570796327   -0.349065850   15.792274750  -13.373412492  -21.484483268
   -1.396263402   -0.349065850   13.819400653   -8.349046011  -22.663138436
   -1.221730476   -0.349065850   13.168801981    1.477013802  -22.052116999
   -1.047197551   -0.349065850   14.482666466   13.634404029  -19.471042165
   -0.872664626   -0.349065850   17.883190035   24.803782541  -15.280414256
   -0.698131701   -0.349065850   22.920360231   31.955330791  -10.255318641
   -0.523598776   -0.349065850   28.702695413   33.119612581   -5.300464783
   -0.349065850   -0.349065850   34.096525272   27.478853567   -1.155979845
   -0.174532925   -0.349065850   37.921215417   15.246453746    1.783119835
    0.000000000   -0.349065850   39.127546687   -2.190099169    3.531831130
    0.174532925   -0.349065850   37.038009863  -21.858049227    4.499377670
    0.349065850   -0.349065850   31.658350872  -38.967238090    5.336190918
    0.523598776   -0.349065850   23.940801447  -47.699042944    6.676626943
    0.698131701   -0.349065850   15.795953473  -43.333749985    8.839442052
    0.872664626   -0.349065850    9.669498109  -24.777063071   11.643078058
    1.047197551   -0.349065850    7.773870236    4.110886453   14.480697994
    1.221730476   -0.349065850   11.280228364   35.697745742   16.636062685
    1.396263402   -0.349065850   19.904299961   61.477713366   17.637393365
    1.570796327   -0.349065850   32.042126441   75.232390998   17.447325630
    1.745329252   -0.349065850   45.335032256   74.686169392   16.394011305
    1.919862177   -0.349065850   57.364943618   61.244570786   14.943793459
    2.094395102   -0.349065850   66.191132326   38.721066009   13.467999326
    2.268928028   -0.349065850   70.636911713   11.857354194   12.118256617
    2.443460953   -0.349065850   70.357804705  -14.669690511   10.834422913
    2.617993878   -0.349065850   65.782458644  -36.790324898    9.427580531
    2.792526803   -0.349065850   57.979206520  -51.247347162    7.683421071
    2.967059728   -0.349065850   48.477953235  -56.145452953    5.480476191

   -3.141592654    0.000000000   40.154082435  -56.884155563    2.217592074
   -2.967059728    0.000000000   31.171798275  -45.150936608   -0.573629987
   -2.792526803    0.000000000   24.615130167  -29.877520365   -3.279877222
   -2.617993878    0.000000000   20.676810926  -15.890490207   -5.746737631
   -2.443460953    0.000000000   18.772257698   -7.020349904   -7.953773593
   -2.268928028    0.000000000   17.839201696   -4.759200461  -10.018378826
   -2.094395102    0.000000000   16.790787887   -7.946201918  -12.096778400
   -1.919862177    0.000000000   14.937082811  -13.331019291  -14.208847124
   -1.745329252    0.000000000   12.251163381  -16.822445379  -16.093241491
   -1.570796327    0.000000000    9.382885994  -14.980781759  -17.202962276
   -1.396263402    0.000000000    7.418184697   -6.480818580  -16.914742593
   -1.221730476    0.000000000    7.437384351    7.263715315  -14.847534335
   -1.047197551    0.000000000   10.058247824   22.602291267  -11.131571354
   -0.872664626    0.000000000   15.178490334   35.192327145   -6.429703748
   -0.698131701    0.000000000   21.997736154   41.632314274   -1.702142831
   -0.523598776    0.000000000   29.275496483   40.348719678    2.158529961
   -0.349065850    0.000000000   35.649375817   31.429768356    4.645986358
   -0.174532925    0.000000000   39.888813227   16.166485808    5.766091705
    0.000000000    0.000000000   41.074031983   -3.087713287    5.994173131
    0.174532925    0.000000000   38.797584429  -22.784033227    6.119807376
    0.349065850    0.000000000   33.387760082  -38.134767229    6.973990402
    0.523598776    0.000000000   26.057074897  -44.023418704    9.117047599
    0.698131701    0.000000000   18.801814591  -36.971212510   12.569735749
    0.872664626    0.000000000   13.926692588  -17.126493198   16.735438392
    1.047197551    0.000000000   13.332164614   11.027067093   20.619269530
    1.221730476    0.000000000   17.850065116   40.158081745   23.261277435
    1.396263402    0.000000000   26.976965626   62.761499043   24.131710232
    1.570796327    0.000000000   39.082355508   73.718759805   23.290388173
    1.745329252    0.000000000   51.941308801   71.430988196   21.245436884
    1.919862177    0.000000000   63.334239367   57.371269481   18.654180233
    2.094395102    0.000000000   71.488213368   34.973362020   16.045428819
    2.268928028    0.000000000   75.311065903    8.466118768   13.677768319
    2.443460953    0.000000000   74.458956287  -17.898287962   11.551498041
    2.617993878    0.000000000   69.305828032  -40.265191977    9.504134698
    2.792526803    0.000000000   60.847304955  -55.329946481    7.328419119
    2.967059728    0.000000000   50.565289666  -60.991096385    4.895667336

   -3.141592654    0.349065850   41.287480430  -61.704997477    1.207610377
   -2.967059728    0.349065850   31.452338811  -50.033260846   -0.537999981
   -2.792526803    0.349065850   24.062678618  -34.474615920   -2.072059271
   -2.617993878    0.349065850   19.365309150  -19.963822347   -3.386426694
   -2.443460953    0.349065850   16.796732213  -10.571885567   -4.552491711
   -2.268928028    0.349065850   15.275565245   -7.980483354   -5.701778956
   -2.094395102    0.349065850   13.681568499  -10.974007219   -6.939820175
   -1.919862177    0.349065850   11.328203449  -15.946498929   -8.224992110
   -1.745329252    0.349065850    8.270267367  -18.309070586   -9.293955260
   -1.570796327    0.349065850    5.312583384  -14.353891437   -9.705516592
   -1.396263402    0.349065850    3.698377084   -3.019814929   -9.035835539
   -1.221730476    0.349065850    4.569313928   13.460978108   -7.120611996
   -1.047197551    0.349065850    8.437465362   30.441084044   -4.215641294
   -0.872664626    0.349065850   14.942573885   42.905804654   -0.938837436
   -0.698131701    0.349065850   22.968569308   47.490113539    1.981030581
   -0.523598776    0.349065850   31.026150198   43.338270537    4.018120013
   -0.349065850    0.349065850   37.666573416   31.587636012    5.070108374
   -0.174532925    0.349065850   41.757277629   14.539982669    5.469933615
    0.000000000    0.349065850   42.626345942   -4.762196309    5.849496260
    0.174532925    0.349065850   40.192837142  -22.612920247    6.922903527
    0.349065850    0.349065850   35.085184336  -34.686320562    9.225727514
    0.523598776    0.349065850   28.679419738  -36.936644107   12.889034105
    0.698131701    0.349065850   22.914199258  -27.279284950   17.514883788
    0.872664626    0.349065850   19.806756485   -6.989192983   22.235350199
    1.047197551    0.349065850   20.838705421   19.151396177   26.005396155
    1.221730476    0.349065850   26.460407137   44.490952172   28.005536804
    1.396263402    0.349065850   35.967646999   62.830124356   27.928617665
    1.570796327    0.349065850   47.762131856   70.299465369   26.030237492
    1.745329252    0.349065850   59.824332094   65.985432011   22.930496803
    1.919862177    0.349065850   70.197862202   51.349842189   19.328663996
    2.094395102    0.349065850   77.325552105   29.342709477   15.773492541
    2.268928028    0.349065850   80.230248845    3.587443073   12.564894408
    2.443460953    0.349065850   78.585488586  -22.152230223    9.778627963
    2.617993878    0.349065850   72.717972526  -44.275620676    7.348320616
    2.792526803    0.349065850   63.552249922  -59.475871326    5.155773827
    2.967059728    0.349065850   52.515237798  -65.484718290    3.114577118

   -3.141592654    0.698131701   42.689756868  -64.243259445   -0.387760040
   -2.967059728    0.698131701   32.411405790  -52.552539455   -0.791324894
   -2.792526803    0.698131701   24.587536366  -36.907129207   -0.891596832
   -2.617993878    0.698131701   19.477291342  -22.250277502   -0.832349105
   -2.443460953    0.698131701   16.521462755  -12.724400703   -0.770723658
   -2.268928028    0.698131701   14.632343007  -10.046423882   -0.847470080
   -2.094395102    0.698131701   12.686408404  -12.918037565   -1.138915263
   -1.919862177    0.698131701   10.020265565  -17.519942763   -1.610124352
   -1.745329252    0.698131701    6.753253483  -19.034606737   -2.106858051
   -1.570796327    0.698131701    3.780956679  -13.722471981   -2.401559422
   -1.396263402    0.698131701    2.414288019   -0.818294323   -2.301960664
   -1.221730476    0.698131701    3.785665321   16.884888299   -1.755344293
   -1.047197551    0.698131701    8.296714932   34.205687946   -0.888961566
   -0.872664626    0.698131701   15.409499739   45.935851731    0.057985054
   -0.698131701    0.698131701   23.841646851   49.034930748    0.880937035
   -0.523598776    0.698131701   32.030661664   43.362878406    1.550217390
   -0.349065850    0.698131701   38.592432114   30.838623911    2.273016413
   -0.174532925    0.698131701   42.577412432   14.312652264    3.422468998
    0.000000000    0.698131701   43.556495281   -3.052091955    5.402492404
    0.174532925    0.698131701   41.671487627  -17.916336894    8.491092021
    0.349065850    0.698131701   37.671026761  -26.742384766   12.690641857
    0.523598776    0.698131701   32.886711357  -26.525078229   17.643003248
    0.698131701    0.698131701   29.031356001  -16.168373585   22.645998524
    0.872664626    0.698131701   27.760469892    2.561117831   26.802241524
    1.047197551    0.698131701   30.173151037   25.163464779   29.303680098
    1.221730476    0.698131701   36.452445366   45.953723157   29.718387775
    1.396263402    0.698131701   45.826065915   59.975443046   28.111696431
    1.570796327    0.698131701   56.828565303   64.332787894   24.968348169
    1.745329252    0.698131701   67.695207170   58.522585041   20.957301440
    1.919862177    0.698131701   76.744707635   43.846776268   16.705047281
    2.094395102    0.698131701   82.633431568   22.754690323   12.659521620
    2.268928028    0.698131701   84.499795992   -1.704760047    9.072539087
    2.443460953    0.698131701   82.040618855  -26.234333850    6.049315696
    2.617993878    0.698131701   75.542073012  -47.492264503    3.612893913
    2.792526803    0.698131701   65.861103460  -62.215088137    1.749925928
    2.967059728    0.698131701   54.362557512  -68.043093550    0.430602409

   -3.141592654    1.047197551   41.397820203  -64.037625809   -4.975259116
   -2.967059728    1.047197551   31.247147726  -51.353405771   -4.069658350
   -2.792526803    1.047197551   23.684654991  -35.190293579   -2.850269705
   -2.617993878    1.047197551   18.882005409  -20.514434946   -1.590202450
   -2.443460953    1.047197551   16.199954637  -11.369990912   -0.497391082
   -2.268928028    1.047197551   14.497612306   -9.273882311    0.313988022
   -2.094395102    1.047197551   12.634764847  -12.718506732    0.822854309
   -1.919862177    1.047197551    9.963558414  -17.745204268    1.063967088
   -1.745329252    1.047197551    6.634036139  -19.496286662    1.071501038
   -1.570796327    1.047197551    3.570506865  -14.295067621    0.848004139
   -1.396263402    1.047197551    2.096759209   -1.482804792    0.374816982
   -1.221730476    1.047197551    3.340625812   16.071461009   -0.330466328
   -1.047197551    1.047197551    7.693975452   33.208963447   -1.152330594
   -0.872664626    1.047197551   14.623572119   44.868383427   -1.856226807
   -0.698131701    1.047197551   22.888205216   48.265218034   -2.118319566
   -0.523598776    1.047197551   31.013099331   43.523524473   -1.596123526
   -0.349065850    1.047197551   37.740160116   32.698078174   -0.003074799
   -0.174532925    1.047197551   42.249000285   18.542693608    2.815617448
    0.000000000    1.047197551   44.199222709    3.856636053    6.831485615
    0.174532925    1.047197551   43.738328752   -8.609773838   11.796410893
    0.349065850    1.047197551   41.506599225  -16.001414144   17.219434219
    0.523598776    1.047197551   38.611990808  -15.905853348   22.400786425
    0.698131701    1.047197551   36.465908875   -7.502934228   26.544572470
    0.872664626    1.047197551   36.418453330    7.702948392   28.947853693
    1.047197551    1.047197551   39.356483106   25.997814929   29.224998878
    1.221730476    1.047197551   45.414676450   42.703385449   27.437144669
    1.396263402    1.047197551   53.936875629   53.689215933   24.031826378
    1.570796327    1.047197551   63.677683155   56.385570921   19.650176096
    1.745329252    1.047197551   73.104340622   50.138070770   14.895469120
    1.919862177    1.047197551   80.714960429   35.837133661   10.211829111
    2.094395102    1.047197551   85.271074405   15.537244342    5.874843575
    2.268928028    1.047197551   85.961017022   -7.946388086    2.065883684
    2.443460953    1.047197551   82.505828968  -31.382972881   -1.066073213
    2.617993878    1.047197551   75.213366432  -51.409179000   -3.386107501
    2.792526803    1.047197551   64.965832158  -64.757126793   -4.797197621
    2.967059728    1.047197551   53.146833974  -69.147167024   -5.292253869

   -3.141592654    1.396263402   36.530365275  -62.446050881  -10.276507185
   -2.967059728    1.396263402   26.802892901  -48.187121733   -8.588931083
   -2.792526803    1.396263402   19.883387827  -31.103383563   -6.606787744
   -2.617993878    1.396263402   15.824050786  -16.186331595   -4.669174630
   -2.443460953    1.396263402   13.875613315   -7.366410440   -2.972351673
   -2.268928028    1.396263402   12.816921988   -5.940150511   -1.549248847
   -2.094395102    1.396263402   11.465284055  -10.209232334   -0.327479373
   -1.919862177    1.396263402    9.153534219  -16.157923387    0.750515068
   -1.745329252    1.396263402    6.009329687  -19.003250172    1.620248366
   -1.570796327    1.396263402    2.919213629  -15.136655358    2.091323268
   -1.396263402    1.396263402    1.172891735   -3.765991366    1.966758818
   -1.221730476    1.396263402    1.911170622   12.644938040    1.228161180
   -1.047197551    1.396263402    5.624767688   29.476637656    0.154375891
   -0.872664626    1.396263402   11.964625017   42.059931865   -0.723937163
   -0.698131701    1.396263402   19.914511061   47.661590363   -0.806646355
   -0.523598776    1.396263402   28.198978731   46.070358785    0.358935575
   -0.349065850    1.396263402   35.676581773   38.750475319    2.944253003
   -0.174532925    1.396263402   41.528211191   27.761324438    6.820278096
    0.000000000    1.396263402   45.295004487   15.238708094   11.606859723
    0.174532925    1.396263402   46.900272870    3.388403667   16.736173641
    0.349065850    1.396263402   46.682537674   -5.242587820   21.503425156
    0.523598776    1.396263402   45.423625396   -8.186889609   25.155177557
    0.698131701    1.396263402   44.259920147   -4.104529729   27.039193119
    0.872664626    1.396263402   44.396381658    6.447030634   26.792208748
    1.047197551    1.396263402   46.755325719   20.814750968   24.485461260
    1.221730476    1.396263402   51.669095942   35.034888190   20.608644671
    1.396263402    1.396263402   58.750425379   45.071986870   15.868369010
    1.570796327    1.396263402   66.986573338   47.873113221   10.925836361
    1.745329252    1.396263402   74.969720098   42.122031990    6.204120196
    1.919862177    1.396263402   81.221776138   28.253932217    1.877165150
    2.094395102    1.396263402   84.482038504    8.269071625   -2.023588263
    2.268928028    1.396263402   83.936854479  -14.779105754   -5.456333613
    2.443460953    1.396263402   79.355612962  -37.358464143   -8.291286595
    2.617993878    1.396263402   71.136224103  -55.943398983  -10.322061499
    2.792526803    1.396263402   60.259437297  -67.352748778  -11.348221589
    2.967059728    1.396263402   48.173825372  -69.577261967  -11.295755076

   -3.141592654    1.745329252   30.439924994  -59.514496282  -16.633472821
   -2.967059728    1.745329252   21.356806586  -43.868424395  -15.111807739
   -2.792526803    1.745329252   15.249215466  -26.260595448  -13.150669156
   -2.617993878    1.745329252   12.025495347  -11.550851410  -11.004123900
   -2.443460953    1.745329252   10.835905282   -3.342403116   -8.813226782
   -2.268928028    1.745329252   10.420909404   -2.577394462   -6.593010491
   -2.094395102    1.745329252    9.606526736   -7.402459455   -4.283932081
   -1.919862177    1.745329252    7.736743424  -13.933754814   -1.870716337
   -1.745329252    1.745329252    4.909538527  -17.675496186    0.504952928
   -1.570796327    1.745329252    1.939939058  -15.160821662    2.534440363
   -1.396263402    1.745329252    0.055773108   -5.315149191    3.884094969
   -1.221730476    1.745329252    0.422398772   10.072510349    4.420842179
   -1.047197551    1.745329252    3.683621561   27.102826515    4.369813064
   -0.872664626    1.745329252    9.738992817   41.420269807    4.268019719
   -0.698131701    1.745329252   17.822608368   49.985962372    4.735517322
   -0.523598776    1.745329252   26.810309200   51.800599198    6.202833173
   -0.349065850    1.745329252   35.558710298   47.434486591    8.744593806
   -0.174532925    1.745329252   43.101814336   38.216103875   12.084290439
    0.000000000    1.745329252   48.732111545   25.847578434   15.692997518
    0.174532925    1.745329252   52.074653060   12.390943036   18.913847290
    0.349065850    1.745329252   53.169124162    0.553353864   21.071283388
    0.523598776    1.745329252   52.556028781   -6.695908564   21.601056040
    0.698131701    1.745329252   51.250567204   -7.170259998   20.207704716
    0.872664626    1.745329252   50.502933292   -0.410850851   17.003003292
    1.047197551    1.745329252   51.444401572   11.723062557   12.525452128
    1.221730476    1.745329252   54.706738221   25.468790094    7.568946085
    1.396263402    1.745329252   60.177882930   36.336602708    2.875911698
    1.570796327    1.745329252   67.003042146   40.444612495   -1.125075684
    1.745329252    1.745329252   73.788837649   35.747779209   -4.404512197
    1.919862177    1.745329252   78.979411243   22.373597071   -7.196736949
    2.094395102    1.745329252   81.224531397    2.494032401   -9.774325339
    2.268928028    1.745329252   79.680320080  -20.391415113  -12.249712926
    2.443460953    1.745329252   74.167904668  -42.295662821  -14.516385466
    2.617993878    1.745329252   65.198693190  -59.455031805  -16.310470513
    2.792526803    1.745329252   53.880630741  -68.800020824  -17.341719956
    2.967059728    1.745329252   41.743843839  -68.705295018  -17.443307365

   -3.141592654    2.094395102   23.545134482  -57.635512884  -18.295717037
   -2.967059728    2.094395102   14.897370958  -40.841009554  -16.851991970
   -2.792526803    2.094395102    9.382501067  -22.580677530  -14.893957543
   -2.617993878    2.094395102    6.829467144   -7.593578334  -12.628572800
   -2.443460953    2.094395102    6.341940898    0.735155421  -10.169044516
   -2.268928028    2.094395102    6.652751972    1.677484095   -7.509436826
   -2.094395102    2.094395102    6.605357883   -2.863546438   -4.563943484
   -1.919862177    2.094395102    5.550137099   -9.182283974   -1.286717071
   -1.745329252    2.094395102    3.545417627  -13.099741303    2.196454828
   -1.570796327    2.094395102    1.317275565  -11.346846567    5.550637361
   -1.396263402    2.094395102    0.000000000   -2.678743847    8.358770370
   -1.221730476    2.094395102    0.729755343   11.663674842   10.352185624
   -1.047197551    2.094395102    4.230022034   28.410330941   11.586681017
   -0.872664626    2.094395102   10.566672318   43.509217783   12.420156567
   -0.698131701    2.094395102   19.147787711   53.694141115   13.296987069
   -0.523598776    2.094395102   28.942858427   57.303985135   14.489876236
   -0.349065850    2.094395102   38.772837672   54.170630065   15.950499212
   -0.174532925    2.094395102   47.519297549   45.045324532   17.344153287
    0.000000000    2.094395102   54.248204365   31.363519901   18.176306301
    0.174532925    2.094395102   58.338101330   15.222500067   17.939441631
    0.349065850    2.094395102   59.613341311   -0.336092728   16.244385251
    0.523598776    2.094395102   58.485012614  -11.698259115   12.950839701
    0.698131701    2.094395102   55.976727985  -15.775992463    8.281029326
    0.872664626    2.094395102   53.510221047  -11.200099077    2.849937969
    1.047197551    2.094395102   52.518268281    0.686090159   -2.473015257
    1.221730476    2.094395102   53.965140361   15.938811953   -6.865350913
    1.396263402    2.094395102   57.980426358   29.253755355   -9.871406236
    1.570796327    2.094395102   63.782259672   35.708279090  -11.555219277
    1.745329252    2.094395102   69.886282637   32.500163692  -12.400416320
    1.919862177    2.094395102   74.561893402   19.566537912  -13.028114609
    2.094395102    2.094395102   76.298909197   -0.580900527  -13.905375489
    2.268928028    2.094395102   74.180890380  -23.849838494  -15.178189555
    2.443460953    2.094395102   68.058954079  -45.710714594  -16.679901932
    2.617993878    2.094395102   58.546917968  -62.125484395  -18.054625029
    2.792526803    2.094395102   46.873417955  -70.111097730  -18.920775909
    2.967059728    2.094395102   34.650191954  -68.364388919  -19.023395851

   -3.141592654    2.443460953   17.400608461  -56.495654921  -12.383759493
   -2.967059728    2.443460953    9.051978041  -38.587641887  -10.972710840
   -2.792526803    2.443460953    4.014090267  -19.410878209   -9.235927774
   -2.617993878    2.443460953    2.082308456   -3.667952960   -7.293257689
   -2.443460953    2.443460953    2.341419342    5.361846998   -5.170771851
   -2.268928028    2.443460953    3.525732493    7.071469684   -2.782005679
   -2.094395102    2.443460953    4.493848929    3.378646908    0.038129004
   -1.919862177    2.443460953    4.597560401   -2.192049874    3.422816295
   -1.745329252    2.443460953    3.849667067   -5.796540983    7.332683522
   -1.570796327    2.443460953    2.873787227   -4.434814402   11.476800532
   -1.396263402    2.443460953    2.679233228    3.178699986   15.382974379
   -1.221730476    2.443460953    4.317006675   16.205115161   18.588774814
   -1.047197551    2.443460953    8.511732455   31.903120901   20.836263597
   -0.872664626    2.443460953   15.406959548   46.508981868   22.130983323
   -0.698131701    2.443460953   24.501061177   56.607109668   22.631809748
   -0.523598776    2.443460953   34.794324459   60.030232789   22.473714641
   -0.349065850    2.443460953   45.041930342   56.086452977   21.642570544
   -0.174532925    2.443460953   53.984652090   45.211767605   19.987140766
    0.000000000    2.443460953   60.521688511   28.858832180   17.304457200
    0.174532925    2.443460953   63.894832419    9.450453353   13.449097974
    0.349065850    2.443460953   63.870695421   -9.396954501    8.436998997
    0.523598776    2.443460953   60.920371279  -23.319634334    2.535367053
    0.698131701    2.443460953   56.263227507  -28.466316715   -3.694374143
    0.872664626    2.443460953   51.629482756  -22.998762821   -9.454127199
    1.047197551    2.443460953   48.792850021   -8.394368411  -13.920987371
    1.221730476    2.443460953   48.974566838   10.602211282  -16.549272527
    1.396263402    2.443460953   52.382929038   27.521550056  -17.292013766
    1.570796327    2.443460953   58.117853634   36.434884888  -16.613948991
    1.745329252    2.443460953   64.447252490   34.102176062  -15.268565650
    1.919862177    2.443460953   69.375125614   20.683614533  -13.986340815
    2.094395102    2.443460953   71.206291887   -0.663467929  -13.222819972
    2.268928028    2.443460953   68.963996599  -25.129889742  -13.073218165
    2.443460953    2.443460953   62.549797378  -47.661048252  -13.339972036
    2.617993878    2.443460953   52.691905303  -64.007333674  -13.678622524
    2.792526803    2.443460953   40.744227129  -71.281391182  -13.749121798
    2.967059728    2.443460953   28.410137133  -68.431533074  -13.336166152

   -3.141592654    2.792526803   14.719491326  -55.033619873    1.406420735
   -2.967059728    2.792526803    6.656867588  -36.791151730    3.020394907
   -2.792526803    2.792526803    1.959529550  -17.310626505    4.442001852
   -2.617993878    2.792526803    0.426465514   -1.177681700    5.691728163
   -2.443460953    2.792526803    1.170089235    8.466521637    6.924648718
   -2.268928028    2.792526803    2.974425401   11.127280015    8.399164770
   -2.094395102    2.792526803    4.759752247    8.730725164   10.406020309
   -1.919862177    2.792526803    5.925006492    4.616490047   13.154322860
   -1.745329252    2.792526803    6.479405584    2.235798978   16.645499833
   -1.570796327    2.792526803    6.965680920    4.136204905   20.593560763
   -1.396263402    2.792526803    8.244461992   11.318358706   24.470974327
   -1.221730476    2.792526803   11.195790428   22.980607116   27.668986145
   -1.047197551    2.792526803   16.405728003   36.690413836   29.696999552
   -0.872664626    2.792526803   23.940697099   49.029577641   30.300992927
   -0.698131701    2.792526803   33.269163353   56.761520056   29.451161022
   -0.523598776    2.792526803   43.373968886   57.683845294   27.245690190
   -0.349065850    2.792526803   52.979339384   51.036104693   23.812715606
   -0.174532925    2.792526803   60.791793781   37.299598506   19.289826066
    0.000000000    2.792526803   65.702002752   18.172531185   13.846634800
    0.174532925    2.792526803   67.001709378   -3.501088716    7.718234153
    0.349065850    2.792526803   64.589068692  -23.600717735    1.248009233
    0.523598776    2.792526803   59.154462501  -37.299827425   -5.084830093
    0.698131701    2.792526803   52.202455964  -40.477846395  -10.677111356
    0.872664626    2.792526803   45.762721246  -31.442229409  -14.892935939
    1.047197551    2.792526803   41.837848632  -12.337656104  -17.257217778
    1.221730476    2.792526803   41.723908350   11.057909236  -17.661784591
    1.396263402    2.792526803   45.518812589   31.250842087  -16.435531052
    1.570796327    2.792526803   52.067089862   41.741846085  -14.226568113
    1.745329252    2.792526803   59.336700993   39.340851466  -11.734543141
    1.919862177    2.792526803   65.087733247   24.767173833   -9.471269333
    2.094395102    2.792526803   67.499062820    1.906960216   -7.639473115
    2.268928028    2.792526803   65.587208099  -23.835642276   -6.174255907
    2.443460953    2.792526803   59.326759340  -47.093865738   -4.868923828
    2.617993878    2.792526803   49.547176817  -63.593274226   -3.514920914
    2.792526803    2.792526803   37.689478888  -70.626062196   -1.991596382
    2.967059728    2.792526803   25.505844851  -67.368817712   -0.312640263
