#! FIELDS phi psi file.free der_phi der_psi
#! SET min_phi -pi
#! SET max_phi pi
#! SET nbins_phi  36
#! SET periodic_phi true
#! SET min_psi -pi
#! SET max_psi pi
#! SET nbins_psi  18
#! SET periodic_psi true
   -3.141592654   -3.141592654   17.446516583  -52.589653034   18.285074823
   -2.967059728   -3.141592654    9.719803748  -35.403433926   20.333750805
   -2.792526803   -3.141592654    5.180099621  -16.839764200   21.522284711
   -2.617993878   -3.141592654    3.685511896   -1.096268976   21.977652567
   -2.443460953   -3.141592654    4.466956240    8.956398237   22.047799191
   -2.268928028   -3.141592654    6.454573252   12.863667298   22.210903841
   -2.094395102   -3.141592654    8.701606846   12.359294473   22.933112877
   -1.919862177   -3.141592654   10.687273301   10.387542352   24.519399721
   -1.745329252   -3.141592654   12.418531876    9.851061897   26.997059585
   -1.570796327   -3.141592654   14.335277456   12.723074979   30.058180826
   -1.396263402   -3.141592654   17.105563632   19.587259887   33.111809578
   -1.221730476   -3.141592654   21.369108482   29.532093900   35.433370960
   -1.047197551   -3.141592654   27.484401537   40.360651834   36.370392867
   -0.872664626   -3.141592654   35.353129018   49.114009377   35.504623623
   -0.698131701   -3.141592654   44.363337086   53.032453266   32.719705584
   -0.523598776   -3.141592654   53.493098695   50.291377329   28.169213496
   -0.349065850   -3.141592654   61.518717159   40.422618836   22.194361806
   -0.174532925   -3.141592654   67.247386998   24.179046177   15.267852938
    0.000000000   -3.141592654   69.718638927    3.531006205    7.948061999
    0.174532925   -3.141592654   68.419321609  -18.415018823    0.821616263
    0.349065850   -3.141592654   63.482104583  -37.368309175   -5.540866078
    0.523598776   -3.141592654   55.848326393  -48.504637577  -10.638752120
    0.698131701   -3.141592654   47.250969147  -47.960388539  -14.094373650
    0.872664626   -3.141592654   39.876603479  -34.620895492  -15.710183349
    1.047197551   -3.141592654   35.761468197  -11.435165352  -15.545414499
    1.221730476   -3.141592654   36.092670381   15.056496386  -13.945685381
    1.396263402   -3.141592654   40.752931595   36.933007797  -11.450856663
    1.570796327   -3.141592654   48.339609101   47.781082720   -8.614353030
    1.745329252   -3.141592654   56.626346645   44.868989649   -5.804518927
    1.919862177   -3.141592654   63.272412523   29.498680761   -3.128735391
    2.094395102   -3.141592654   66.448474299    5.987786264   -0.481561243
    2.268928028   -3.141592654   65.216152465  -20.073500971    2.316314910
    2.443460953   -3.141592654   59.607410516  -43.361052469    5.389128153
    2.617993878   -3.141592654   50.486665313  -59.786776214    8.729128351
    2.792526803   -3.141592654   39.291206851  -66.903162620   12.184985341
    2.967059728   -3.141592654   27.726680941  -64.086879432   15.479407775

   -3.141592654   -2.792526803   25.329956204  -48.397076280   26.448687232
   -2.967059728   -2.792526803   18.156887586  -33.268687543   28.206922207
   -2.792526803   -2.792526803   13.818978257  -16.596581271   28.877812619
   -2.617993878   -2.792526803   12.243758065   -2.131494992   28.753893024
   -2.443460953   -2.792526803   12.799875253    7.575780769   28.319212216
   -2.268928028   -2.792526803   14.590851607   12.150860741   28.115450902
   -2.094395102   -2.792526803   16.835743128   13.159456922   28.577271658
   -1.919862177   -2.792526803   19.129536305   13.154341502   29.895431888
   -1.745329252   -2.792526803   21.510301971   14.455098146   31.945077102
   -1.570796327   -2.792526803   24.337357200   18.369647173   34.280070419
   -1.396263402   -2.792526803   28.086760129   24.902078628   36.223299073
   -1.221730476   -2.792526803   33.127418764   32.860733740   37.028284589
   -1.047197551   -2.792526803   39.537158719   40.207431382   36.089933222
   -0.872664626   -2.792526803   47.002199260   44.561110269   33.109215364
   -0.698131701   -2.792526803   54.817738286   43.956028583   28.162279816
   -0.523598776   -2.792526803   62.010583831   37.347496139   21.652836983
   -0.349065850   -2.792526803   67.528909309   24.894922847   14.190956644
   -0.174532925   -2.792526803   70.441544685    7.746012151    6.477031818
    0.000000000   -2.792526803   70.095798571  -12.020783276   -0.788550590
    0.174532925   -2.792526803   66.278960957  -31.465124206   -6.993872779
    0.349065850   -2.792526803   59.371835198  -46.731703975  -11.668656807
    0.523598776   -2.792526803   50.472291802  -53.595402519  -14.541254636
    0.698131701   -2.792526803   41.358748370  -48.836472666  -15.572983917
    0.872664626   -2.792526803   34.153340742  -31.947531952  -14.958131886
    1.047197551   -2.792526803   30.733591955   -6.337900841  -13.103135731
    1.221730476   -2.792526803   32.070133449   21.284006367  -10.538508957
    1.396263402   -2.792526803   37.832639912   43.199234032   -7.758558105
    1.570796327   -2.792526803   46.470392158   53.527868008   -5.062376807
    1.745329252   -2.792526803   55.713685723   50.138333071   -2.467105242
    1.919862177   -2.792526803   63.269673390   34.750984796    0.230685436
    2.094395102   -2.792526803   67.400895909   11.750396778    3.302559844
    2.268928028   -2.792526803   67.243424239  -13.509932710    6.919854193
    2.443460953   -2.792526803   62.847654849  -36.085159666   11.054012904
    2.617993878   -2.792526803   55.029425803  -52.241288027   15.469010606
    2.792526803   -2.792526803   45.126410168  -59.776626115   19.786674016
    2.967059728   -2.792526803   34.716063779  -58.124174797   23.572777315

   -3.141592654   -2.443460953   34.310334498  -44.252449358   24.060008484
   -2.967059728   -2.443460953   27.682224212  -31.154067114   25.456089634
   -2.792526803   -2.443460953   23.558480254  -16.164606250   25.985151461
   -2.617993878   -2.443460953   21.962352059   -2.661162617   25.904833601
   -2.443460953   -2.443460953   22.409046589    7.004706601   25.571872349
   -2.268928028   -2.443460953   24.159518417   12.375447909   25.354010995
   -2.094395102   -2.443460953   26.551956834   14.666387259   25.519591938
   -1.919862177   -2.443460953   29.221923943   15.907284722   26.139398385
   -1.745329252   -2.443460953   32.149774205   17.825445210   27.041648447
   -1.570796327   -2.443460953   35.539063726   21.230461500   27.819749230
   -1.396263402   -2.443460953   39.641856041   25.863152172   27.925102056
   -1.221730476   -2.443460953   44.586739907   30.632815521   26.811022197
   -1.047197551   -2.443460953   50.264903850   33.990298123   24.110194769
   -0.872664626   -2.443460953   56.287723223   34.324292815   19.756113857
   -0.698131701   -2.443460953   62.015237235   30.463382973   14.014067220
   -0.523598776   -2.443460953   66.664568968   21.965591415    7.408451261
   -0.349065850   -2.443460953   69.452408014    9.277054611    0.591395107
   -0.174532925   -2.443460953   69.737823938   -6.474900947   -5.780483852
    0.000000000   -2.443460953   67.131234579  -23.516297182  -11.134690283
    0.174532925   -2.443460953   61.611637248  -39.375302155  -15.066837849
    0.349065850   -2.443460953   53.661539891  -50.757664495  -17.375632935
    0.523598776   -2.443460953   44.384030335  -53.970185600  -18.083662214
    0.698131701   -2.443460953   35.477854637  -46.209291040  -17.412720252
    0.872664626   -2.443460953   28.925094158  -27.250027817  -15.719017131
    1.047197551   -2.443460953   26.429300410   -0.604381203  -13.422463757
    1.221730476   -2.443460953   28.788380283   27.150785916  -10.911853350
    1.396263402   -2.443460953   35.543501804   48.660873633   -8.438750404
    1.570796327   -2.443460953   45.092926337   58.550912824   -6.052069157
    1.745329252   -2.443460953   55.201450836   55.117782932   -3.604003526
    1.919862177   -2.443460953   63.665128460   40.259168279   -0.855524509
    2.094395102   -2.443460953   68.838696330   18.225816489    2.388541951
    2.268928028   -2.443460953   69.905221583   -5.994691779    6.165702609
    2.443460953   -2.443460953   66.891269241  -27.867004033   10.319433564
    2.617993878   -2.443460953   60.523603103  -43.970009192   14.538300639
    2.792526803   -2.443460953   52.012302102  -52.243926267   18.447405885
    2.967059728   -2.443460953   42.800075879  -52.052227115   21.700923904

   -3.141592654   -2.094395102   40.874879861  -41.019603174   14.238194680
   -2.967059728   -2.094395102   34.691920231  -29.265511735   15.088143984
   -2.792526803   -2.094395102   30.797743192  -15.369484458   15.534634092
   -2.617993878   -2.094395102   29.272902861   -2.567495798   15.708955772
   -2.443460953   -2.094395102   29.709030763    6.864899121   15.727342312
   -2.268928028   -2.094395102   31.444727115   12.398516963   15.682365538
   -2.094395102   -2.094395102   33.869087403   15.007984361   15.617595868
   -1.919862177   -2.094395102   36.614162082   16.363195800   15.486224490
   -1.745329252   -2.094395102   39.590620663   17.803991727   15.127641964
   -1.570796327   -2.094395102   42.872886885   19.880172251   14.273359126
   -1.396263402   -2.094395102   46.558691320   22.310071684   12.619136942
   -1.221730476   -2.094395102   50.643729373   24.284667305    9.929198469
   -1.047197551   -2.094395102   54.960179810   24.786501334    6.156386229
   -0.872664626   -2.094395102   59.165295096   22.851988850    1.501413391
   -0.698131701   -2.094395102   62.770555639   17.843498298   -3.612592422
   -0.523598776   -2.094395102   65.217445393    9.595380744   -8.644514601
   -0.349065850   -2.094395102   65.967080185   -1.495202583  -13.071075620
   -0.174532925   -2.094395102   64.589900121  -14.607647751  -16.498703657
    0.000000000   -2.094395102   60.837219778  -28.468837557  -18.719149763
    0.174532925   -2.094395102   54.733540730  -41.153124922  -19.738753690
    0.349065850   -2.094395102   46.716679980  -49.847210574  -19.740786722
    0.523598776   -2.094395102   37.776842192  -51.146877351  -19.019784469
    0.698131701   -2.094395102   29.469010121  -42.298787495  -17.882840973
    0.872664626   -2.094395102   23.639970374  -22.958437834  -16.555536179
    1.047197551   -2.094395102   21.889690065    3.595057126  -15.144245513
    1.221730476   -2.094395102   24.958137254   31.076284106  -13.645572904
    1.396263402   -2.094395102   32.381042340   52.425522996  -11.973983769
    1.570796327   -2.094395102   42.598137995   62.503208051  -10.010368568
    1.745329252   -2.094395102   53.444594555   59.679237460   -7.647386207
    1.919862177   -2.094395102   62.782026465   45.730189417   -4.843458226
    2.094395102   -2.094395102   68.995347047   24.636813468   -1.655094515
    2.268928028   -2.094395102   71.245699901    1.079903379    1.755158879
    2.443460953   -2.094395102   69.490068595  -20.627667609    5.146214913
    2.617993878   -2.094395102   64.358752050  -37.141988188    8.255297611
    2.792526803   -2.094395102   56.965595340  -46.341287056   10.866065465
    2.967059728   -2.094395102   48.677876000  -47.421433256   12.862605214

   -3.141592654   -1.745329252   42.930183099  -39.785237687    5.098817169
   -2.967059728   -1.745329252   36.935585974  -28.311345081    5.532489658
   -2.792526803   -1.745329252   33.195583110  -14.552458674    5.911804161
   -2.617993878   -1.745329252   31.800056380   -1.922886985    6.206755886
   -2.443460953   -1.745329252   32.323754026    7.193643321    6.293343703
   -2.268928028   -1.745329252   34.075201704   12.217481395    6.011206357
   -2.094395102   -1.745329252   36.406191983   14.073618742    5.212255467
   -1.919862177   -1.745329252   38.899674538   14.354819722    3.785011767
   -1.745329252   -1.745329252   41.403108904   14.323309747    1.671587331
   -1.570796327   -1.745329252   43.921469782   14.563487904   -1.116167082
   -1.396263402   -1.745329252   46.505909484   15.015785158   -4.470429680
   -1.221730476   -1.745329252   49.161913032   15.298699743   -8.185102784
   -1.047197551   -1.745329252   51.816184090   14.899108596  -11.971186907
   -0.872664626   -1.745329252   54.302280398   13.257951053  -15.497976751
   -0.698131701   -1.745329252   56.353606237    9.839541344  -18.440166132
   -0.523598776   -1.745329252   57.621472604    4.231339157  -20.523610635
   -0.349065850   -1.745329252   57.707132138   -3.699952226  -21.570719851
   -0.174532925   -1.745329252   56.216932646  -13.759747343  -21.549533301
    0.000000000   -1.745329252   52.831992005  -25.256205247  -20.610206115
    0.174532925   -1.745329252   47.418870580  -36.644723374  -19.094873075
    0.349065850   -1.745329252   40.215310101  -45.218890162  -17.460634793
    0.523598776   -1.745329252   32.021534798  -47.348905363  -16.138837487
    0.698131701   -1.745329252   24.266738075  -39.784829932  -15.372189655
    0.872664626   -1.745329252   18.769046368  -21.609905849  -15.117155009
    1.047197551   -1.745329252   17.191729116    4.341085196  -15.078546744
    1.221730476   -1.745329252   20.392897193   31.965579311  -14.852491276
    1.396263402   -1.745329252   28.033287994   54.106144285  -14.085222335
    1.570796327   -1.745329252   38.642827371   65.340577416  -12.595917121
    1.745329252   -1.745329252   50.090453084   63.695348067  -10.407625077
    1.919862177   -1.745329252   60.213971139   50.644477850   -7.716604236
    2.094395102   -1.745329252   67.330637904   29.975139463   -4.816988574
    2.268928028   -1.745329252   70.510859925    6.299767422   -2.021180083
    2.443460953   -1.745329252   69.620045411  -16.013725591    0.409294566
    2.617993878   -1.745329252   65.215934442  -33.460357958    2.313620130
    2.792526803   -1.745329252   58.375840437  -43.681774857    3.657280885
    2.967059728   -1.745329252   50.474246988  -45.632630420    4.531970564

   -3.141592654   -1.396263402   42.037274068  -39.786503384    0.947174457
   -2.967059728   -1.396263402   36.064696719  -28.050243130    0.836283546
   -2.792526803   -1.396263402   32.390928366  -14.103265977    0.791264185
   -2.617993878   -1.396263402   31.063965678   -1.673455603    0.735817487
   -2.443460953   -1.396263402   31.574392927    6.696324775    0.467607595
   -2.268928028   -1.396263402   33.134173469   10.440918400   -0.279732442
   -2.094395102   -1.396263402   35.013609429   10.629040622   -1.769630846
   -1.919862177   -1.396263402   36.746761023    9.082330013   -4.185725623
   -1.745329252   -1.396263402   38.177769897    7.355103513   -7.552105280
   -1.570796327   -1.396263402   39.364476377    6.384630296  -11.669093497
   -1.396263402   -1.396263402   40.473754487    6.453110377  -16.111007490
   -1.221730476   -1.396263402   41.677868764    7.406743903  -20.314875075
   -1.047197551   -1.396263402   43.091188339    8.730646339  -23.724921248
   -0.872664626   -1.396263402   44.713725353    9.635616188  -25.922166361
   -0.698131701   -1.396263402   46.388554605    9.180589086  -26.689270151
   -0.523598776   -1.396263402   47.801309752    6.510950556  -26.010154577
   -0.349065850   -1.396263402   48.511081317    1.069206026  -24.052530387
   -0.174532925   -1.396263402   48.012903746   -7.321866061  -21.158847640
    0.000000000   -1.396263402   45.816952674  -18.278311945  -17.831664134
    0.174532925   -1.396263402   41.575517058  -30.411437487  -14.672855880
    0.349065850   -1.396263402   35.307781480  -40.892485388  -12.243100598
    0.523598776   -1.396263402   27.649129484  -45.599513005  -10.888103705
    0.698131701   -1.396263402   19.977313667  -40.502191054  -10.609942387
    0.872664626   -1.396263402   14.200511049  -23.895465957  -11.064697122
    1.047197551   -1.396263402   12.186638714    1.850744932  -11.702555465
    1.221730476   -1.396263402   15.036185445   30.606517355  -11.983567491
    1.396263402   -1.396263402   22.605427158   54.721482315  -11.551915848
    1.570796327   -1.396263402   33.510515709   68.065325580  -10.316438404
    1.745329252   -1.396263402   45.585439533   68.024305673   -8.422642317
    1.919862177   -1.396263402   56.542735943   55.701464211   -6.164729218
    2.094395102   -1.396263402   64.538243394   34.839189637   -3.883535385
    2.268928028   -1.396263402   68.496979079   10.260281876   -1.881598997
    2.443460953   -1.396263402   68.189026470  -13.323297438   -0.365578562
    2.617993878   -1.396263402   64.140913163  -32.041904054    0.583413740
    2.792526803   -1.396263402   57.458343837  -43.223737822    1.008894245
    2.967059728   -1.396263402   49.589031427  -45.649751659    1.064707373

   -3.141592654   -1.047197551   39.270812148  -41.764852440    2.477413370
   -2.967059728   -1.047197551   33.005175658  -29.398675875    1.316585300
   -2.792526803   -1.047197551   29.157981548  -14.768746164    0.102287190
   -2.617993878   -1.047197551   27.753427788   -1.983722973   -1.131023965
   -2.443460953   -1.047197551   28.196991890    6.119906510   -2.477251294
   -2.268928028   -1.047197551   29.577943674    8.843537078   -4.144543449
   -2.094395102   -1.047197551   31.038802878    7.340494114   -6.403879267
   -1.919862177   -1.047197551   32.021914998    3.757178659   -9.472384413
   -1.745329252   -1.047197551   32.356395847    0.200937147  -13.363333861
   -1.570796327   -1.047197551   32.193208947   -1.735785371  -17.766781034
   -1.396263402   -1.047197551   31.898735176   -1.256919593  -22.068102973
   -1.221730476   -1.047197551   31.904873525    1.624062569  -25.517901826
   -1.047197551   -1.047197551   32.568099118    6.065716134  -27.484484392
   -0.872664626   -1.047197551   34.043016063   10.633834805  -27.640430885
   -0.698131701   -1.047197551   36.204518418   13.671880564  -26.014417511
   -0.523598776   -1.047197551   38.655255193   13.746438473  -22.924756469
   -0.349065850   -1.047197551   40.785189264    9.891071152  -18.875910500
   -0.174532925   -1.047197551   41.864157671    1.681890592  -14.471328225
    0.000000000   -1.047197551   41.148449063  -10.559163851  -10.335777416
    0.174532925   -1.047197551   38.047965944  -25.230946554   -7.002755393
    0.349065850   -1.047197551   32.407078647  -38.941892700   -4.787280769
    0.523598776   -1.047197551   24.811536207  -46.733829348   -3.698005591
    0.698131701   -1.047197551   16.741105911  -43.723377014   -3.455642451
    0.872664626   -1.047197551   10.330711614  -27.677019174   -3.623990822
    1.047197551   -1.047197551    7.722315415   -0.972665783   -3.783266317
    1.221730476   -1.047197551   10.243054558   29.759593053   -3.655161144
    1.396263402   -1.047197551   17.862493792   56.113631259   -3.127387565
    1.570796327   -1.047197551   29.178893806   71.257964313   -2.213331889
    1.745329252   -1.047197551   41.907032859   72.146080571   -1.000225741
    1.919862177   -1.047197551   53.592995346   59.767501544    0.383026778
    2.094395102   -1.047197551   62.231613706   38.027014406    1.774097507
    2.268928028   -1.047197551   66.630810775   12.067636447    2.990278306
    2.443460953   -1.047197551   66.504862088  -13.031895549    3.856000609
    2.617993878   -1.047197551   62.386924212  -33.080078272    4.241571342
    2.792526803   -1.047197551   55.438205870  -45.147659759    4.092373425
    2.967059728   -1.047197551   47.198018470  -47.888451764    3.460512866

   -3.141592654   -0.698131701   38.764405116  -45.749398924    2.504165464
   -2.967059728   -0.698131701   31.793562255  -33.428361199    0.322050046
   -2.792526803   -0.698131701   27.263287617  -18.533713857   -1.937874901
   -2.617993878   -0.698131701   25.229499836   -5.450937253   -4.142301673
   -2.443460953   -0.698131701   25.075008219    2.663035320   -6.295977832
   -2.268928028   -0.698131701   25.814815386    4.854391157   -8.554325487
   -2.094395102   -0.698131701   26.490102832    2.251118029  -11.165072216
   -1.919862177   -0.698131701   26.467148676   -2.675914700  -14.315561355
   -1.745329252   -0.698131701   25.586235030   -7.158466456  -17.949095933
   -1.570796327   -0.698131701   24.136623608   -8.875388374  -21.643315480
   -1.396263402   -0.698131701   22.727879168   -6.615157523  -24.681096383
   -1.221730476   -0.698131701   22.060052259   -0.553784435  -26.296292470
   -1.047197551   -0.698131701   22.678723092    7.775901895  -25.990789082
   -0.872664626   -0.698131701   24.784129520   16.044335550  -23.724267975
   -0.698131701   -0.698131701   28.149565816   21.852097056  -19.903051402
   -0.523598776   -0.698131701   32.174145236   23.355147528  -15.209675912
   -0.349065850   -0.698131701   35.999631996   19.471666363  -10.389779625
   -0.174532925   -0.698131701   38.649304451    9.891563238   -6.087244984
    0.000000000   -0.698131701   39.170415929   -4.725125409   -2.735215323
    0.174532925   -0.698131701   36.843378894  -22.218585567   -0.464661606
    0.349065850   -0.698131701   31.496776633  -38.480815238    0.909176422
    0.523598776   -0.698131701   23.823546409  -47.903499370    1.798626040
    0.698131701   -0.698131701   15.497411847  -45.294130318    2.643860197
    0.872664626   -0.698131701    8.860204470  -28.578263829    3.695947600
    1.047197551   -0.698131701    6.199439130   -0.640566290    4.920730221
    1.221730476   -0.698131701    8.890345640   31.329310065    6.085222438
    1.396263402   -0.698131701   16.867328748   58.557376444    6.949999997
    1.570796327   -0.698131701   28.652693715   74.105528724    7.426492438
    1.745329252   -0.698131701   41.882710253   74.986655310    7.596688395
    1.919862177   -0.698131701   54.039423858   62.273342015    7.620647469
    2.094395102   -0.698131701   63.065161186   39.911445092    7.611785352
    2.268928028   -0.698131701   67.719056389   13.062262626    7.565887505
    2.443460953   -0.698131701   67.671011743  -13.158655148    7.370523201
    2.617993878   -0.698131701   63.422558934  -34.461855621    6.862218110
    2.792526803   -0.698131701   56.126496582  -47.720790260    5.894198533
    2.967059728   -0.698131701   47.351700023  -51.384040262    4.418186744

   -3.141592654   -0.349065850   39.332750749  -51.123066371    2.863210608
   -2.967059728   -0.349065850   31.386304445  -39.139075857   -0.047002574
   -2.792526803   -0.349065850   25.866297784  -24.089487143   -3.014510933
   -2.617993878   -0.349065850   22.897800209  -10.588098958   -5.841086452
   -2.443460953   -0.349065850   21.879148296   -2.142437177   -8.467331315
   -2.268928028   -0.349065850   21.781737601   -0.010124582  -10.996595427
   -2.094395102   -0.349065850   21.570021027   -3.099048214  -13.618799391
   -1.919862177   -0.349065850   20.561036303   -8.587249577  -16.436020891
   -1.745329252   -0.349065850   18.637741207  -13.025491373  -19.280203942
   -1.570796327   -0.349065850   16.256263628  -13.435597776  -21.639800453
   -1.396263402   -0.349065850   14.274150927   -8.388206843  -22.808839692
   -1.221730476   -0.349065850   13.620976129    1.489667207  -22.189759028
   -1.047197551   -0.349065850   14.942294979   13.704427417  -19.610045732
   -0.872664626   -0.349065850   18.357907213   24.896214814  -15.436436366
   -0.698131701   -0.349065850   23.408290282   32.001052684  -10.444818048
   -0.523598776   -0.349065850   29.189091188   33.046258833   -5.533209666
   -0.349065850   -0.349065850   34.557136231   27.256470478   -1.429141786
   -0.174532925   -0.349065850   38.332264230   14.912362809    1.485387175
    0.000000000   -0.349065850   39.476773375   -2.548878764    3.232825150
    0.174532925   -0.349065850   37.328756611  -22.161269620    4.220101641
    0.349065850   -0.349065850   31.903021544  -39.197033811    5.086748965
    0.523598776   -0.349065850   24.147747820  -47.917999684    6.452921139
    0.698131701   -0.349065850   15.958348444  -43.640709681    8.626734595
    0.872664626   -0.349065850    9.766212985  -25.224700359   11.423793790
    1.047197551   -0.349065850    7.783647673    3.581544930   14.243702590
    1.221730476   -0.349065850   11.202210579   35.253953867   16.381235143
    1.396263402   -0.349065850   19.770757480   61.313233325   17.374486161
    1.570796327   -0.349065850   31.912851978   75.449239632   17.190041939
    1.745329252   -0.349065850   45.273511323   75.220390179   16.154011030
    1.919862177   -0.349065850   57.410068347   61.892255239   14.728160186
    2.094395102   -0.349065850   66.342325737   39.255915300   13.281377834
    2.268928028   -0.349065850   70.861966080   12.160805546   11.965643985
    2.443460953   -0.349065850   70.617464549  -14.560465347   10.721758618
    2.617993878   -0.349065850   66.053961506  -36.739375567    9.358536674
    2.792526803   -0.349065850   58.264136648  -51.130434455    7.655629152
    2.967059728   -0.349065850   48.792560801  -55.925312044    5.483871545

   -3.141592654    0.000000000   40.502406899  -56.616206241    2.126305433
   -2.967059728    0.000000000   31.563184495  -44.938950161   -0.670534177
   -2.792526803    0.000000000   25.035162898  -29.767668339   -3.396499974
   -2.617993878    0.000000000   21.107377748  -15.876381357   -5.894454391
   -2.443460953    0.000000000   19.199568963   -7.067153583   -8.139171247
   -2.268928028    0.000000000   18.255953971   -4.828186001  -10.242033613
   -2.094395102    0.000000000   17.195243542   -8.015830575  -12.352254712
   -1.919862177    0.000000000   15.330090857  -13.393353719  -14.482968182
   -1.745329252    0.000000000   12.634632507  -16.869056513  -16.368568393
   -1.570796327    0.000000000    9.760686162  -14.998443157  -17.461467606
   -1.396263402    0.000000000    7.796869260   -6.451865605  -17.143948102
   -1.221730476    0.000000000    7.825825954    7.345458042  -15.046067687
   -1.047197551    0.000000000   10.464410496   22.717081983  -11.310908437
   -0.872664626    0.000000000   15.604119671   35.288679157   -6.610737923
   -0.698131701    0.000000000   22.433610370   41.641844177   -1.906055174
   -0.523598776    0.000000000   29.701240449   40.217120319    1.920590992
   -0.349065850    0.000000000   36.039146100   31.152966036    4.378754129
   -0.174532925    0.000000000   40.221417208   15.801965137    5.487741984
    0.000000000    0.000000000   41.342104993   -3.447806384    5.727245094
    0.174532925    0.000000000   39.008831382  -23.069890125    5.880327684
    0.349065850    0.000000000   33.556264375  -38.347051932    6.764516107
    0.523598776    0.000000000   26.189678451  -44.240957214    8.926670183
    0.698131701    0.000000000   18.888231026  -37.298552619   12.380128231
    0.872664626    0.000000000   13.942468101  -17.608129951   16.529203527
    1.047197551    0.000000000   13.255123599   10.467502745   20.387876372
    1.221730476    0.000000000   17.681619644   39.705561813   23.007673849
    1.396263402    0.000000000   26.754005507   62.617460129   23.867580924
    1.570796327    0.000000000   38.869463368   73.979769002   23.029290785
    1.745329252    0.000000000   51.804991850   72.019468464   20.996793991
    1.919862177    0.000000000   63.314063835   58.072237305   18.421352753
    2.094395102    0.000000000   71.583091205   35.558177572   15.829043219
    2.268928028    0.000000000   75.488568135    8.821062022   13.479715997
    2.443460953    0.000000000   74.680488129  -17.732583692   11.376299575
    2.617993878    0.000000000   69.549269473  -40.156690302    9.356043882
    2.792526803    0.000000000   61.113517892  -55.165712787    7.207482653
    2.967059728    0.000000000   50.867606515  -60.746585787    4.795493422

   -3.141592654    0.349065850   41.611563776  -61.451700744    1.064155162
   -2.967059728    0.349065850   31.815127311  -49.856207915   -0.694583553
   -2.792526803    0.349065850   24.446616125  -34.415340130   -2.251276489
   -2.617993878    0.349065850   19.749925930  -20.011276882   -3.596335280
   -2.443460953    0.349065850   17.166730387  -10.686261559   -4.798036699
   -2.268928028    0.349065850   15.623195102   -8.115456906   -5.983148002
   -2.094395102    0.349065850   14.006366414  -11.096150627   -7.250850495
   -1.919862177    0.349065850   11.634649100  -16.033881965   -8.552394588
   -1.745329252    0.349065850    8.566076697  -18.342050946   -9.619151292
   -1.570796327    0.349065850    5.608552005  -14.319638376  -10.008817163
   -1.396263402    0.349065850    4.006631236   -2.916252679   -9.304005661
   -1.221730476    0.349065850    4.900346919   13.612234757   -7.353546226
   -1.047197551    0.349065850    8.795670777   30.590364165   -4.427888812
   -0.872664626    0.349065850   15.321841300   42.984931258   -1.154142784
   -0.698131701    0.349065850   23.350858860   47.437101068    1.741567248
   -0.523598776    0.349065850   31.385341544   43.126328047    3.747897793
   -0.349065850    0.349065850   37.976746882   31.246969415    4.782059670
   -0.174532925    0.349065850   42.002456160   14.151924173    5.191146361
    0.000000000    0.349065850   42.806792077   -5.102471344    5.608547494
    0.174532925    0.349065850   40.322620481  -22.851980736    6.737185114
    0.349065850    0.349065850   35.180943626  -34.849806535    9.095164539
    0.523598776    0.349065850   28.746344452  -37.124740941   12.798690451
    0.698131701    0.349065850   22.937628716  -27.605910906   17.443618222
    0.872664626    0.349065850   19.757439102   -7.493565335   22.165213914
    1.047197551    0.349065850   20.691650895   18.561234948   25.927980633
    1.221730476    0.349065850   26.217258471   44.018012325   27.921789440
    1.396263402    0.349065850   35.668186587   62.686788841   27.843723891
    1.570796327    0.349065850   47.474778874   70.582232635   25.946639176
    1.745329252    0.349065850   59.618641079   66.608456801   22.844388327
    1.919862177    0.349065850   70.114845095   52.090019453   19.231803232
    2.094395102    0.349065850   77.364577930   29.968194090   15.659438867
    2.268928028    0.349065850   80.359201373    3.985625049   12.433649107
    2.443460953    0.349065850   78.766229961  -21.941456315    9.636749054
    2.617993878    0.349065850   72.928275440  -44.125842796    7.204193025
    2.792526803    0.349065850   63.791537668  -59.283225453    5.014475729
    2.967059728    0.349065850   52.793886225  -65.232194117    2.975254024

   -3.141592654    0.698131701   42.967055477  -63.997458291   -0.501327711
   -2.967059728    0.698131701   32.724543221  -52.401028560   -0.930547332
   -2.792526803    0.698131701   24.915987100  -36.888530096   -1.062615316
   -2.617993878    0.698131701   19.798361559  -22.348371289   -1.037918310
   -2.443460953    0.698131701   16.818660442  -12.892642768   -1.009817067
   -2.268928028    0.698131701   14.898038790  -10.230434656   -1.114648927
   -2.094395102    0.698131701   12.921931991  -13.073459259   -1.424290933
   -1.919862177    0.698131701   10.233909656  -17.613384513   -1.900023586
   -1.745329252    0.698131701    6.958118358  -19.039926481   -2.386419594
   -1.570796327    0.698131701    3.993336466  -13.634169839   -2.659218612
   -1.396263402    0.698131701    2.649159134   -0.657044661   -2.535818387
   -1.221730476    0.698131701    4.051437828   17.066438996   -1.977062289
   -1.047197551    0.698131701    8.590659708   34.333718336   -1.121469152
   -0.872664626    0.698131701   15.716043513   45.941667698   -0.210057379
   -0.698131701    0.698131701   24.135766999   48.884806872    0.564694286
   -0.523598776    0.698131701   32.285965313   43.075806954    1.195739138
   -0.349065850    0.698131701   38.790584638   30.484861564    1.913689333
   -0.174532925    0.698131701   42.715002627   13.987908271    3.104151101
    0.000000000    0.698131701   43.646024952   -3.269815971    5.166192574
    0.174532925    0.698131701   41.734211191  -18.011740275    8.358666497
    0.349065850    0.698131701   37.723719557  -26.780374934   12.659976983
    0.523598776    0.698131701   32.928983842  -26.630060462   17.693838612
    0.698131701    0.698131701   29.040573487  -16.457581746   22.751210281
    0.872664626    0.698131701   27.700346463    2.061562064   26.937727106
    1.047197551    0.698131701   30.014645453   24.564070170   29.452611240
    1.221730476    0.698131701   36.196026652   45.470409002   29.869085268
    1.396263402    0.698131701   45.511598491   59.821526510   28.252828933
    1.570796327    0.698131701   56.523779314   64.596544304   25.085801976
    1.745329252    0.698131701   67.467416840   59.109994324   21.036283271
    1.919862177    0.698131701   76.632000254   44.536875605   16.735698453
    2.094395102    0.698131701   82.633674612   23.328700691   12.642583919
    2.268928028    0.698131701   84.582093940   -1.342827490    9.019193604
    2.443460953    0.698131701   82.170415978  -26.036046677    5.975359638
    2.617993878    0.698131701   75.701131184  -47.335002357    3.530454322
    2.792526803    0.698131701   66.051295769  -62.007689674    1.662685801
    2.967059728    0.698131701   54.594279941  -67.782459906    0.334329059

   -3.141592654    1.047197551   41.625591045  -63.845920611   -5.140293380
   -2.967059728    1.047197551   31.500295246  -51.266688464   -4.265110786
   -2.792526803    1.047197551   23.941338753  -35.240419858   -3.080697775
   -2.617993878    1.047197551   19.119479007  -20.678020961   -1.854189014
   -2.443460953    1.047197551   16.403000988  -11.591755090   -0.786551858
   -2.268928028    1.047197551   14.661457785   -9.491031333    0.014759026
   -2.094395102    1.047197551   12.765005151  -12.879565023    0.532141793
   -1.919862177    1.047197551   10.073552916  -17.814999054    0.798990752
   -1.745329252    1.047197551    6.741428921  -19.456634977    0.842809899
   -1.570796327    1.047197551    3.693709475  -14.161023724    0.654566029
   -1.396263402    1.047197551    2.248456287   -1.303659906    0.201241391
   -1.221730476    1.047197551    3.521993810   16.217768957   -0.511913602
   -1.047197551    1.047197551    7.892049272   33.242011123   -1.373637428
   -0.872664626    1.047197551   14.813884352   44.742257993   -2.140718124
   -0.698131701    1.047197551   23.043303921   47.995194760   -2.467217962
   -0.523598776    1.047197551   31.113713191   43.185408157   -1.982001276
   -0.349065850    1.047197551   37.783733356   32.400302301   -0.374499237
   -0.174532925    1.047197551   42.251599439   18.383074121    2.518376230
    0.000000000    1.047197551   44.189796904    3.878535109    6.656309161
    0.174532925    1.047197551   43.746500731   -8.445437903   11.764956863
    0.349065850    1.047197551   41.548092996  -15.809242587   17.324465783
    0.523598776    1.047197551   38.678437877  -15.838273010   22.615038153
    0.698131701    1.047197551   36.524012969   -7.680509208   26.834438997
    0.872664626    1.047197551   36.422150799    7.265363864   29.283670544
    1.047197551    1.047197551   39.269200033   25.422845918   29.583236802
    1.221730476    1.047197551   45.230840072   42.211055718   27.796089863
    1.396263402    1.047197551   53.690313757   53.489588194   24.366409680
    1.570796327    1.047197551   63.429449436   56.565110463   19.931629225
    1.745329252    1.047197551   72.915608517   50.611402344   15.098069225
    1.919862177    1.047197551   80.620326572   36.405126277   10.322021642
    2.094395102    1.047197551   85.269291071   16.006746766    5.897178090
    2.268928028    1.047197551   86.025887525   -7.654972439    2.020055964
    2.443460953    1.047197551   82.608821283  -31.223275001   -1.154874274
    2.617993878    1.047197551   75.340551531  -51.274622860   -3.498091225
    2.792526803    1.047197551   65.120185560  -64.575045103   -4.923618688
    2.967059728    1.047197551   53.337186029  -68.925473629   -5.434505822

   -3.141592654    1.396263402   36.682562801  -62.323512635  -10.509393383
   -2.967059728    1.396263402   26.967607012  -48.177224315   -8.859396907
   -2.792526803    1.396263402   20.038226128  -31.227531952   -6.916294009
   -2.617993878    1.396263402   15.948098355  -16.405649588   -5.010376820
   -2.443460953    1.396263402   13.958383734   -7.607902003   -3.328101197
   -2.268928028    1.396263402   12.861025831   -6.130424331   -1.894394172
   -2.094395102    1.396263402   11.484508336  -10.299316297   -0.635419491
   -1.919862177    1.396263402    9.167543276  -16.130680853    0.499243412
   -1.745329252    1.396263402    6.037751582  -18.871301638    1.430897532
   -1.570796327    1.396263402    2.976595172  -14.949789171    1.950648584
   -1.396263402    1.396263402    1.262475787   -3.600586683    1.844457826
   -1.221730476    1.396263402    2.021465891   12.702882572    1.084395523
   -1.047197551    1.396263402    5.730982681   29.365261099   -0.047645990
   -0.872664626    1.396263402   12.036081219   41.778243880   -1.003454334
   -0.698131701    1.396263402   19.926983716   47.284685182   -1.154224859
   -0.523598776    1.396263402   28.146712522   45.728824042   -0.016865869
   -0.349065850    1.396263402   35.577937780   38.579636973    2.600961435
   -0.174532925    1.396263402   41.421536768   27.846377364    6.572773686
    0.000000000    1.396263402   45.225990046   15.575135399   11.500987665
    0.174532925    1.396263402   46.905236347    3.873895710   16.788183772
    0.349065850    1.396263402   46.773425566   -4.775733854   21.700201127
    0.523598776    1.396263402   45.581204801   -7.917709335   25.464995694
    0.698131701    1.396263402   44.437824641   -4.153419949   27.425718696
    0.872664626    1.396263402   44.536910237    6.078282273   27.223610850
    1.047197551    1.396263402   46.812454948   20.258642128   24.934619260
    1.221730476    1.396263402   51.628575354   34.509906288   21.047988325
    1.396263402    1.396263402   58.636451274   44.780525469   16.265896699
    1.570796327    1.396263402   66.849610428   47.901279041   11.247541106
    1.745329252    1.396263402   74.861775476   42.401490282    6.423234589
    1.919862177    1.396263402   81.172762808   28.619043063    1.983534300
    2.094395102    1.396263402   84.492308828    8.561808605   -2.019777034
    2.268928028    1.396263402   83.986849592  -14.617716839   -5.530469718
    2.443460953    1.396263402   79.425094512  -37.284010176   -8.415783315
    2.617993878    1.396263402   71.217690460  -55.866995377  -10.476950069
    2.792526803    1.396263402   60.358764853  -67.222024877  -11.525554128
    2.967059728    1.396263402   48.299717431  -69.413613968  -11.497472707

   -3.141592654    1.745329252   30.475599816  -59.441530918  -16.928749492
   -2.967059728    1.745329252   21.395958174  -43.911433751  -15.451004601
   -2.792526803    1.745329252   15.269515847  -26.431674262  -13.531267480
   -2.617993878    1.745329252   12.008540326  -11.794018687  -11.413923584
   -2.443460953    1.745329252   10.777016850   -3.564373944   -9.229390782
   -2.268928028    1.745329252   10.331432117   -2.694011756   -6.984688238
   -2.094395102    1.745329252    9.509428327   -7.371732816   -4.620417101
   -1.919862177    1.745329252    7.657813077  -13.764852898   -2.131632798
   -1.745329252    1.745329252    4.868698904  -17.420886354    0.322379517
   -1.570796327    1.745329252    1.944902263  -14.909542362    2.412496066
   -1.396263402    1.745329252    0.097187055   -5.167695251    3.789206381
   -1.221730476    1.745329252    0.474142006   10.032051618    4.313756407
   -1.047197551    1.745329252    3.709181324   26.843917622    4.219038888
   -0.872664626    1.745329252    9.703557018   40.995604751    4.062400986
   -0.698131701    1.745329252   17.708045816   49.530298966    4.491079545
   -0.523598776    1.745329252   26.626415927   51.490388098    5.959972714
   -0.349065850    1.745329252   35.344814791   47.419228196    8.555990583
   -0.174532925    1.745329252   42.916531373   38.558455300   11.997601533
    0.000000000    1.745329252   48.634683856   26.491826230   15.735116305
    0.174532925    1.745329252   52.104931336   13.174971713   19.084347411
    0.349065850    1.745329252   53.333079975    1.263194150   21.347235371
    0.523598776    1.745329252   52.822563614   -6.259665461   21.949492150
    0.698131701    1.745329252   51.560015654   -7.125428386   20.598263227
    0.872664626    1.745329252   50.785766112   -0.748272279   17.413727440
    1.047197551    1.745329252   51.644346002   11.141612228   12.939247083
    1.221730476    1.745329252   54.799500406   24.858898342    7.966063605
    1.396263402    1.745329252   60.176933292   35.897661063    3.229518529
    1.570796327    1.745329252   66.948455627   40.271909020   -0.845510610
    1.745329252    1.745329252   73.725338086   35.798618370   -4.223016128
    1.919862177    1.745329252   78.935086643   22.517667330   -7.121554239
    2.094395102    1.745329252   81.203835033    2.602972626   -9.795411075
    2.268928028    1.745329252   79.671575179  -20.363797554  -12.345408937
    2.443460953    1.745329252   74.159321849  -42.310644227  -14.664366940
    2.617993878    1.745329252   65.189237754  -59.439348300  -16.496150384
    2.792526803    1.745329252   53.879768103  -68.716970125  -17.560601262
    2.967059728    1.745329252   41.761504319  -68.587336273  -17.697898086

   -3.141592654    2.094395102   23.457586500  -57.627658092  -18.616111622
   -2.967059728    2.094395102   14.801726252  -40.950073510  -17.212310552
   -2.792526803    2.094395102    9.257138111  -22.806670617  -15.284968734
   -2.617993878    2.094395102    6.659641965   -7.860759471  -13.035320659
   -2.443460953    2.094395102    6.130234506    0.540658902  -10.570518829
   -2.268928028    2.094395102    6.420470245    1.648003859   -7.880506524
   -2.094395102    2.094395102    6.385231848   -2.697208290   -4.881297971
   -1.919862177    2.094395102    5.374050903   -8.857949585   -1.535947326
   -1.745329252    2.094395102    3.433542932  -12.707653460    2.016591820
   -1.570796327    2.094395102    1.271216006  -11.008022846    5.427499308
   -1.396263402    2.094395102    0.000000000   -2.509677660    8.270775967
   -1.221730476    2.094395102    0.738439398   11.585632887   10.277052850
   -1.047197551    2.094395102    4.202769224   28.083443954   11.510555379
   -0.872664626    2.094395102   10.466959006   43.028770187   12.344326501
   -0.698131701    2.094395102   18.963426748   53.236822526   13.238955646
   -0.523598776    2.094395102   28.695703704   57.072285951   14.477327994
   -0.349065850    2.094395102   38.516490386   54.312570264   16.010325441
   -0.174532925    2.094395102   47.323980369   45.594997084   17.491073459
    0.000000000    2.094395102   54.178107605   32.220733732   18.405925213
    0.174532925    2.094395102   58.430242495   16.183773785   18.229815070
    0.349065850    2.094395102   59.865206309    0.493481415   16.565255854
    0.523598776    2.094395102   58.855407281  -11.196760095   13.275500460
    0.698131701    2.094395102   56.397971348  -15.701741074    8.594507007
    0.872664626    2.094395102   53.908117677  -11.527805122    3.149250540
    1.047197551    2.094395102   52.833405280    0.094877852   -2.186795463
    1.221730476    2.094395102   54.168613792   15.283846925   -6.596444302
    1.396263402    2.094395102   58.077868050   28.716080570   -9.633688274
    1.570796327    2.094395102   63.803717490   35.379405180  -11.368527701
    1.745329252    2.094395102   69.867721232   32.355235074  -12.281371421
    1.919862177    2.094395102   74.527206211   19.507702264  -12.982926897
    2.094395102    2.094395102   76.254104544   -0.651456683  -13.929164245
    2.268928028    2.094395102   74.119995739  -23.962802166  -15.260772472
    2.443460953    2.094395102   67.977041499  -45.828877344  -16.812969000
    2.617993878    2.094395102   58.448566342  -62.187272001  -18.234839819
    2.792526803    2.094395102   46.771414839  -70.092874181  -19.148376563
    2.967059728    2.094395102   34.555728958  -68.308663711  -19.298516670

   -3.141592654    2.443460953   17.216390361  -56.578587340  -12.603552134
   -2.967059728    2.443460953    8.845163451  -38.770331320  -11.212451035
   -2.792526803    2.443460953    3.766843708  -19.683836075   -9.482159192
   -2.617993878    2.443460953    1.785447293   -3.945600636   -7.532637625
   -2.443460953    2.443460953    2.004669213    5.201350401   -5.390901063
   -2.268928028    2.443460953    3.178277831    7.119956431   -2.972496300
   -2.094395102    2.443460953    4.175218250    3.654935220   -0.116298534
   -1.919862177    2.443460953    4.343454903   -1.746222381    3.305910535
   -1.745329252    2.443460953    3.680331624   -5.293639341    7.251056117
   -1.570796327    2.443460953    2.787558051   -4.010082385   11.426910836
   -1.396263402    2.443460953    2.651665996    3.407151929   15.363718212
   -1.221730476    2.443460953    4.306962321   16.171742123   18.604126258
   -1.047197551    2.443460953    8.473756801   31.626978811   20.896098898
   -0.872664626    2.443460953   15.307477364   46.106256469   22.249305329
   -0.698131701    2.443460953   24.333745143   56.264981377   22.822078506
   -0.523598776    2.443460953   34.587261872   59.944440326   22.742086438
   -0.349065850    2.443460953   44.852132399   56.380332200   21.981857275
   -0.174532925    2.443460953   53.880490793   45.885572251   20.374724956
    0.000000000    2.443460953   60.559756176   29.783020716   17.705805571
    0.174532925    2.443460953   64.100859902   10.410592968   13.826931474
    0.349065850    2.443460953   64.231076663   -8.623797172    8.762666004
    0.523598776    2.443460953   61.386803121  -22.898994475    2.797253793
    0.698131701    2.443460953   56.766709818  -28.464396861   -3.489338403
    0.872664626    2.443460953   52.099154013  -23.373089481   -9.286588600
    1.047197551    2.443460953   49.173583592   -9.012558783  -13.770773979
    1.221730476    2.443460953   49.239058024    9.917499211  -16.405310933
    1.396263402    2.443460953   52.534322041   26.929998919  -17.155686177
    1.570796327    2.443460953   58.181225719   36.022925191  -16.494927038
    1.745329252    2.443460953   64.454400874   33.857976078  -15.177051340
    1.919862177    2.443460953   69.348842894   20.528833127  -13.927984267
    2.094395102    2.443460953   71.154309935   -0.815751750  -13.199277280
    2.268928028    2.443460953   68.882670451  -25.314534561  -13.085913776
    2.443460953    2.443460953   62.434906164  -47.853186223  -13.392865032
    2.617993878    2.443460953   52.546725803  -64.154681548  -13.776484475
    2.792526803    2.443460953   40.579439465  -71.359581947  -13.893697709
    2.967059728    2.443460953   28.235705680  -68.474529664  -13.523240696

   -3.141592654    2.792526803   14.479963386  -55.156938824    1.370088546
   -2.967059728    2.792526803    6.390515672  -36.981788503    2.986722279
   -2.792526803    2.792526803    1.654014368  -17.561667637    4.424814215
   -2.617993878    2.792526803    0.077273889   -1.410703271    5.700216759
   -2.443460953    2.792526803    0.790095952    8.363601732    6.961504108
   -2.268928028    2.792526803    2.594128725   11.235417641    8.460154777
   -2.094395102    2.792526803    4.418208725    9.060138387   10.481830817
   -1.919862177    2.792526803    5.656412121    5.106442256   13.235290652
   -1.745329252    2.792526803    6.302821010    2.779143814   16.727726141
   -1.570796327    2.792526803    6.879851383    4.610681319   20.683573445
   -1.396263402    2.792526803    8.227924835   11.621386196   24.587273343
   -1.221730476    2.792526803   11.212900683   23.058814324   27.838816887
   -1.047197551    2.792526803   16.417916356   36.565647724   29.949280822
   -0.872664626    2.792526803   23.920583770   48.807012867   30.657174500
   -0.698131701    2.792526803   33.213376010   56.602252130   29.916179420
   -0.523598776    2.792526803   43.308017873   57.747617381   27.801807254
   -0.349065850    2.792526803   52.951176698   51.410382123   24.419270867
   -0.174532925    2.792526803   60.855433680   37.961481941   19.890559381
    0.000000000    2.792526803   65.897510664   18.992018562   14.383132262
    0.174532925    2.792526803   67.340455743   -2.713448457    8.145488486
    0.349065850    2.792526803   65.049180694  -23.025236696    1.546292062
    0.523598776    2.792526803   59.687338441  -37.056100124   -4.906695671
    0.698131701    2.792526803   52.745843464  -40.599218916  -10.588027376
    0.872664626    2.792526803   46.256288781  -31.877374489  -14.852241965
    1.047197551    2.792526803   42.236415159  -12.968327200  -17.229049090
    1.221730476    2.792526803   42.006395146   10.383161583  -17.623999572
    1.396263402    2.792526803   45.690172059   30.669220031  -16.380597421
    1.570796327    2.792526803   52.151315055   41.329820754  -14.155968750
    1.745329252    2.792526803   59.363810356   39.087374692  -11.652227374
    1.919862177    2.792526803   65.079151495   24.595870197   -9.380852208
    2.094395102    2.792526803   67.461006884    1.727133979   -7.546410580
    2.268928028    2.792526803   65.513418011  -24.067220230   -6.088107116
    2.443460953    2.792526803   59.209182718  -47.355973431   -4.802446511
    2.617993878    2.792526803   49.385511175  -63.826814584   -3.478618080
    2.792526803    2.792526803   37.492884256  -70.790715225   -1.988353594
    2.967059728    2.792526803   25.285793958  -67.481027210   -0.335907053
