#! FIELDS phi psi file.free der_phi der_psi
#! SET min_phi -pi
#! SET max_phi pi
#! SET nbins_phi  36
#! SET periodic_phi true
#! SET min_psi -pi
#! SET max_psi pi
#! SET nbins_psi  18
#! SET periodic_psi true
   -3.141592654   -3.141592654   17.549117530  -52.759868626   17.166450144
   -2.967059728   -3.141592654    9.793458141  -35.511084955   19.371167264
   -2.792526803   -3.141592654    5.256232156  -16.672344484   20.771828081
   -2.617993878   -3.141592654    3.816465443   -0.646090639   21.448674429
   -2.443460953   -3.141592654    4.687850063    9.502657313   21.711472954
   -2.268928028   -3.141592654    6.759987116   13.251572195   22.014949911
   -2.094395102   -3.141592654    9.047278775   12.425176017   22.809136791
   -1.919862177   -3.141592654   11.014242936   10.126001520   24.382080483
   -1.745329252   -3.141592654   12.678220550    9.373200699   26.741708839
   -1.570796327   -3.141592654   14.500367936   12.136973917   29.566160879
   -1.396263402   -3.141592654   17.160014295   18.906700956   32.267736946
   -1.221730476   -3.141592654   21.287776458   28.634796942   34.149921812
   -1.047197551   -3.141592654   27.211830897   39.038275727   34.618181398
   -0.872664626   -3.141592654   34.798178925   47.188180301   33.336787401
   -0.698131701   -3.141592654   43.416737341   50.497398749   30.285277785
   -0.523598776   -3.141592654   52.067679641   47.416938710   25.703478205
   -0.349065850   -3.141592654   59.598340159   37.736227660   19.980710389
   -0.174532925   -3.141592654   64.918795315   22.295680945   13.574135924
    0.000000000   -3.141592654   67.165122338    2.892348542    6.953367249
    0.174532925   -3.141592654   65.870585867  -17.737301358    0.559112982
    0.349065850   -3.141592654   61.144207928  -35.702884821   -5.201894547
    0.523598776   -3.141592654   53.847446910  -46.394119553   -9.959047888
    0.698131701   -3.141592654   45.619010312  -45.902623682  -13.387689086
    0.872664626   -3.141592654   38.577025277  -32.887745975  -15.251962810
    1.047197551   -3.141592654   34.730361875  -10.081223192  -15.499566537
    1.221730476   -3.141592654   35.266299257   16.063122299  -14.337081949
    1.396263402   -3.141592654   40.072910157   37.613841631  -12.188853540
    1.570796327   -3.141592654   47.750997156   48.164085629   -9.551233880
    1.745329252   -3.141592654   56.085516871   45.067782504   -6.800532249
    1.919862177   -3.141592654   62.765051856   29.725333271   -4.098131751
    2.094395102   -3.141592654   65.999018001    6.452783339   -1.407541813
    2.268928028   -3.141592654   64.874356961  -19.305889629    1.396090941
    2.443460953   -3.141592654   59.416288180  -42.438125955    4.415759292
    2.617993878   -3.141592654   50.449776268  -58.980963946    7.661362327
    2.792526803   -3.141592654   39.365649344  -66.450080771   11.029157942
    2.967059728   -3.141592654   27.843820162  -64.034142679   14.295504262

   -3.141592654   -2.792526803   25.140392046  -48.204866358   25.227043123
   -2.967059728   -2.792526803   18.009389955  -32.936373747   27.219034272
   -2.792526803   -2.792526803   13.752589245  -15.979584165   28.138151487
   -2.617993878   -2.792526803   12.307442073   -1.275306320   28.228959509
   -2.443460953   -2.792526803   13.018154996    8.453426780   27.948170093
   -2.268928028   -2.792526803   14.942981893   12.766451487   27.827506060
   -2.094395102   -2.792526803   17.255530748   13.300966464   28.293853547
   -1.919862177   -2.792526803   19.525459046   12.745048405   29.523398881
   -1.745329252   -2.792526803   21.788739854   13.540619392   31.374444979
   -1.570796327   -2.792526803   24.418011575   17.040357000   33.397341225
   -1.396263402   -2.792526803   27.904339155   23.234334875   34.940668929
   -1.221730476   -2.792526803   32.626197434   30.884355705   35.316269588
   -1.047197551   -2.792526803   38.663798480   37.929754445   34.004009386
   -0.872664626   -2.792526803   45.707668973   42.037739732   30.796246715
   -0.698131701   -2.792526803   53.073003231   41.373301227   25.845800883
   -0.523598776   -2.792526803   59.834301150   35.067085884   19.595464232
   -0.349065850   -2.792526803   65.014780604   23.393273843   12.639261789
   -0.174532925   -2.792526803   67.763775059    7.434996897    5.600077343
    0.000000000   -2.792526803   67.478692829  -11.016921093   -0.950123967
    0.174532925   -2.792526803   63.933660893  -29.424829777   -6.546708982
    0.349065850   -2.792526803   57.429569158  -44.261698881  -10.843290855
    0.523598776   -2.792526803   48.948467463  -51.360865593  -13.628771146
    0.698131701   -2.792526803   40.169256117  -47.274666377  -14.843434946
    0.872664626   -2.792526803   33.169915367  -31.123358158  -14.593194958
    1.047197551   -2.792526803   29.843790984   -6.034370599  -13.165084995
    1.221730476   -2.792526803   31.207662802   21.340337356  -10.983923852
    1.396263402   -2.792526803   36.970980096   43.175745402   -8.483350755
    1.570796327   -2.792526803   45.601884664   53.484656292   -5.955385286
    1.745329252   -2.792526803   54.839347410   50.133686040   -3.449937637
    1.919862177   -2.792526803   62.406051276   34.903604247   -0.811973337
    2.094395102   -2.792526803   66.587057257   12.184834810    2.189643336
    2.268928028   -2.792526803   66.531810953  -12.777118888    5.708911758
    2.443460953   -2.792526803   62.279863410  -35.200617622    9.728162374
    2.617993878   -2.792526803   54.611590342  -51.434903173   14.046763778
    2.792526803   -2.792526803   44.827592982  -59.225944860   18.332446726
    2.967059728   -2.792526803   34.488558602  -57.838008431   22.184658750

   -3.141592654   -2.443460953   33.790306329  -43.586505654   23.326038454
   -2.967059728   -2.443460953   27.290531704  -30.323907337   24.941100303
   -2.792526803   -2.443460953   23.330124280  -15.115835893   25.667121313
   -2.617993878   -2.443460953   21.929609035   -1.490327998   25.728034940
   -2.443460953   -2.443460953   22.574514894    8.067596469   25.472565232
   -2.268928028   -2.443460953   24.479602860   13.041500097   25.274613994
   -2.094395102   -2.443460953   26.935242902   14.699738508   25.403880010
   -1.919862177   -2.443460953   29.545686856   15.190505866   25.920277735
   -1.745329252   -2.443460953   32.283116107   16.381932828   26.638927276
   -1.570796327   -2.443460953   35.365175705   19.188032339   27.158063543
   -1.396263402   -2.443460953   39.072367096   23.413320331   26.966762971
   -1.221730476   -2.443460953   43.568726749   27.984324864   25.584877491
   -1.047197551   -2.443460953   48.781317699   31.344692687   22.723801814
   -0.872664626   -2.443460953   54.357125296   31.893003099   18.380064726
   -0.698131701   -2.443460953   59.696316138   28.499989491   12.846896252
   -0.523598776   -2.443460953   64.065344654   20.779728166    6.631078141
   -0.349065850   -2.443460953   66.735832239    9.168847208    0.322477922
   -0.174532925   -2.443460953   67.107623874   -5.365076555   -5.518265892
    0.000000000   -2.443460953   64.789994894  -21.364170389  -10.428162719
    0.174532925   -2.443460953   59.700343720  -36.700995822  -14.094365141
    0.349065850   -2.443460953   52.210344098  -48.270885980  -16.360423642
    0.523598776   -2.443460953   43.304011662  -52.269610549  -17.229915414
    0.698131701   -2.443460953   34.604859618  -45.532235484  -16.849919105
    0.872664626   -2.443460953   28.091350296  -27.412526136  -15.479271686
    1.047197551   -2.443460953   25.523997583   -1.180965146  -13.456635786
    1.221730476   -2.443460953   27.775066381   26.544316572  -11.133217342
    1.396263402   -2.443460953   34.435564357   48.199669971   -8.769229934
    1.570796327   -2.443460953   43.917343669   58.235224295   -6.451538494
    1.745329252   -2.443460953   53.981076939   54.925896333   -4.074145140
    1.919862177   -2.443460953   62.425485824   40.248032357   -1.424927208
    2.094395102   -2.443460953   67.619953100   18.492804026    1.687372401
    2.268928028   -2.443460953   68.759638167   -5.420968209    5.317780780
    2.443460953   -2.443460953   65.865454131  -27.087958987    9.342010059
    2.617993878   -2.443460953   59.638526680  -43.151916920   13.487412166
    2.792526803   -2.443460953   51.262489476  -51.513067908   17.411220293
    2.967059728   -2.443460953   42.168624146  -51.411561890   20.777529249

   -3.141592654   -2.094395102   40.284106901  -39.998034584   14.157815447
   -2.967059728   -2.094395102   34.288254434  -28.132330026   15.145694826
   -2.792526803   -2.094395102   30.600538023  -14.135770225   15.682434802
   -2.617993878   -2.094395102   29.292227260   -1.338828174   15.885838789
   -2.443460953   -2.094395102   29.927783427    7.890866554   15.886555582
   -2.268928028   -2.094395102   31.805833415   12.964552633   15.802218001
   -2.094395102   -2.094395102   34.270845400   14.880166653   15.690716284
   -1.919862177   -2.094395102   36.921438623   15.402658549   15.502031863
   -1.745329252   -2.094395102   39.656956934   16.027278100   15.066044640
   -1.570796327   -2.094395102   42.568917945   17.460985027   14.118723482
   -1.396263402   -2.094395102   45.797016266   19.545076215   12.385921412
   -1.221730476   -2.094395102   49.393729094   21.517384334    9.679668355
   -1.047197551   -2.094395102   53.249161980   22.325008021    5.998043453
   -0.872664626   -2.094395102   57.068899843   20.941351320    1.558657547
   -0.698131701   -2.094395102   60.402374959   16.677596748   -3.237783797
   -0.523598776   -2.094395102   62.722394928    9.340905941   -7.907980618
   -0.349065850   -2.094395102   63.514921769   -0.732932308  -12.006928739
   -0.174532925   -2.094395102   62.356056878  -12.887922274  -15.219686361
    0.000000000   -2.094395102   58.964748027  -26.113033688  -17.396432777
    0.174532925   -2.094395102   53.287123545  -38.722389891  -18.559404398
    0.349065850   -2.094395102   45.654435572  -47.961599884  -18.854248300
    0.523598776   -2.094395102   36.963281526  -50.211291907  -18.489665682
    0.698131701   -2.094395102   28.731081938  -42.327997214  -17.667022986
    0.872664626   -2.094395102   22.835760478  -23.605715768  -16.528585824
    1.047197551   -2.094395102   20.953171516    2.803757378  -15.153111690
    1.221730476   -2.094395102   23.895761472   30.461713802  -13.572430877
    1.396263402   -2.094395102   31.231729831   52.037917539  -11.775999859
    1.570796327   -2.094395102   41.392068640   62.222453533   -9.722638345
    1.745329252   -2.094395102   52.190896043   59.413980533   -7.354244866
    1.919862177   -2.094395102   61.485992352   45.533055256   -4.637722704
    2.094395102   -2.094395102   67.680964475   24.652253697   -1.603078139
    2.268928028   -2.094395102   69.960187928    1.412269917    1.633314779
    2.443460953   -2.094395102   68.288959361  -19.999079780    4.880030743
    2.617993878   -2.094395102   63.284782689  -36.321719888    7.915177098
    2.792526803   -2.094395102   56.042460828  -45.436200350   10.542728937
    2.967059728   -2.094395102   47.916240000  -46.472196514   12.638181363

   -3.141592654   -1.745329252   42.443728073  -38.611829824    5.396389239
   -2.967059728   -1.745329252   36.659215052  -27.077392594    5.849807339
   -2.792526803   -1.745329252   33.135403727  -13.309928262    6.191733551
   -2.617993878   -1.745329252   31.950459757   -0.765155223    6.402684361
   -2.443460953   -1.745329252   32.657563409    8.116179906    6.394544207
   -2.268928028   -1.745329252   34.533820484   12.691407766    6.047784597
   -2.094395102   -1.745329252   36.891806967   13.881863603    5.238752859
   -1.919862177   -1.745329252   39.281877514   13.355016531    3.856480010
   -1.745329252   -1.745329252   41.539965118   12.539546943    1.829820627
   -1.570796327   -1.745329252   43.692574386   12.214242742   -0.839417306
   -1.396263402   -1.745329252   45.843760668   12.473377355   -4.039995335
   -1.221730476   -1.745329252   48.068681411   12.972511832   -7.555021058
   -1.047197551   -1.745329252   50.358682981   13.098881085  -11.091868918
   -0.872664626   -1.745329252   52.588174138   12.139706598  -14.339965406
   -0.698131701   -1.745329252   54.505821855    9.432376186  -17.020002792
   -0.523598776   -1.745329252   55.762259251    4.510007346  -18.919154940
   -0.349065850   -1.745329252   55.952026558   -2.790462890  -19.918793224
   -0.174532925   -1.745329252   54.665697600  -12.358497308  -20.024688065
    0.000000000   -1.745329252   51.547309204  -23.653056328  -19.388224481
    0.174532925   -1.745329252   46.400762269  -35.255207995  -18.304611144
    0.349065850   -1.745329252   39.391076213  -44.428993171  -17.139958400
    0.523598776   -1.745329252   31.269132207  -47.303197662  -16.212303669
    0.698131701   -1.745329252   23.468018457  -40.297530440  -15.666636867
    0.872664626   -1.745329252   17.861225720  -22.265885510  -15.415726398
    1.047197551   -1.745329252   16.186472490    3.932568012  -15.192669063
    1.221730476   -1.745329252   19.349224144   31.933463817  -14.679842821
    1.396263402   -1.745329252   27.005600485   54.282270738  -13.629181205
    1.570796327   -1.745329252   37.642291672   65.438597975  -11.944319601
    1.745329252   -1.745329252   49.086190204   63.551617119   -9.687059631
    1.919862177   -1.745329252   59.166994276   50.332071515   -7.045887163
    2.094395102   -1.745329252   66.230198896   29.721659365   -4.274405799
    2.268928028   -1.745329252   69.386758066    6.317965665   -1.631388834
    2.443460953   -1.745329252   68.529163716  -15.642213000    0.671717903
    2.617993878   -1.745329252   64.217784671  -32.770367133    2.508252423
    2.792526803   -1.745329252   57.518757793  -42.761349938    3.851956683
    2.967059728   -1.745329252   49.791693060  -44.560444440    4.774497518

   -3.141592654   -1.396263402   41.705929602  -38.682774376    1.014813421
   -2.967059728   -1.396263402   35.927565685  -26.933955491    0.850945107
   -2.792526803   -1.396263402   32.444093035  -13.037398551    0.680684296
   -2.617993878   -1.396263402   31.293888295   -0.717887081    0.459798253
   -2.443460953   -1.396263402   31.954506139    7.451522239    0.041893899
   -2.268928028   -1.396263402   33.617171991   10.839560964   -0.784004777
   -2.094395102   -1.396263402   35.521128226   10.487729245   -2.247893539
   -1.919862177   -1.396263402   37.171578254    8.270590951   -4.530727855
   -1.745329252   -1.396263402   38.402384860    5.902190330   -7.676607196
   -1.570796327   -1.396263402   39.294294393    4.519874994  -11.514446365
   -1.396263402   -1.396263402   40.068811451    4.553265410  -15.644228237
   -1.221730476   -1.396263402   40.965827459    5.849650705  -19.525144308
   -1.047197551   -1.396263402   42.153727335    7.731823492  -22.625202181
   -0.872664626   -1.396263402   43.651622515    9.199954778  -24.558782103
   -0.698131701   -1.396263402   45.289119830    9.167818480  -25.151416982
   -0.523598776   -1.396263402   46.723935562    6.762361481  -24.432032557
   -0.349065850   -1.396263402   47.491666326    1.476410472  -22.601762336
   -0.174532925   -1.396263402   47.071151650   -6.848664308  -20.009234054
    0.000000000   -1.396263402   44.953061033  -17.876622054  -17.123147698
    0.174532925   -1.396263402   40.760966647  -30.266466634  -14.467237774
    0.349065850   -1.396263402   34.485175405  -41.129261597  -12.493969512
    0.523598776   -1.396263402   26.754952995  -46.141253899  -11.441613680
    0.698131701   -1.396263402   18.981633885  -41.053653607  -11.243956989
    0.872664626   -1.396263402   13.134766796  -24.084839807  -11.555183503
    1.047197551   -1.396263402   11.136811194    2.237573777  -11.892412761
    1.221730476   -1.396263402   14.097934572   31.458099657  -11.824209923
    1.396263402   -1.396263402   21.828532985   55.649899930  -11.102626446
    1.570796327   -1.396263402   32.869598601   68.644335671   -9.707338561
    1.745329252   -1.396263402   44.997298075   68.048372502   -7.801836791
    1.919862177   -1.396263402   55.916241113   55.284177206   -5.652133460
    2.094395102   -1.396263402   63.822564680   34.299797426   -3.542545221
    2.268928028   -1.396263402   67.699960733    9.921887185   -1.712844194
    2.443460953   -1.396263402   67.364288108  -13.279844047   -0.319168581
    2.617993878   -1.396263402   63.359121241  -31.589620678    0.581555469
    2.792526803   -1.396263402   56.785299485  -42.439898678    1.022769902
    2.967059728   -1.396263402   49.073102521  -44.649871712    1.118984930

   -3.141592654   -1.047197551   39.095749984  -40.799714279    2.059016975
   -2.967059728   -1.047197551   32.987142180  -28.568833153    0.842360968
   -2.792526803   -1.047197551   29.269524053  -14.099681356   -0.508228202
   -2.617993878   -1.047197551   27.969395040   -1.441323313   -1.915794428
   -2.443460953   -1.047197551   28.497996820    6.560516079   -3.410256128
   -2.268928028   -1.047197551   29.942791583    9.122978304   -5.141093128
   -2.094395102   -1.047197551   31.428593760    7.327861479   -7.345952545
   -1.919862177   -1.047197551   32.373716348    3.326389934  -10.241671368
   -1.745329252   -1.047197551   32.593944732   -0.656537703  -13.866911202
   -1.570796327   -1.047197551   32.253793905   -2.859046148  -17.951614143
   -1.396263402   -1.047197551   31.760126341   -2.362200821  -21.922017485
   -1.221730476   -1.047197551   31.594383637    0.803225958  -25.064292080
   -1.047197551   -1.047197551   32.146857526    5.626034999  -26.775739300
   -0.872664626   -1.047197551   33.571352539   10.474265027  -26.755235299
   -0.698131701   -1.047197551   35.713500743   13.580343886  -25.057363004
   -0.523598776   -1.047197551   38.139674821   13.543402854  -22.023536978
   -0.349065850   -1.047197551   40.218000104    9.509256003  -18.168945392
   -0.174532925   -1.047197551   41.215345280    1.141978214  -14.082074928
    0.000000000   -1.047197551   40.393588308  -11.218706476  -10.337562764
    0.174532925   -1.047197551   37.168544415  -25.980953811   -7.386037845
    0.349065850   -1.047197551   31.392847626  -39.707144289   -5.446689745
    0.523598776   -1.047197551   23.675188565  -47.315964002   -4.451129311
    0.698131701   -1.047197551   15.539397315  -43.832541374   -4.091864248
    0.872664626   -1.047197551    9.168884593  -27.080610178   -3.966526529
    1.047197551   -1.047197551    6.727261362    0.316995845   -3.743157334
    1.221730476   -1.047197551    9.509936935   31.396851305   -3.255150422
    1.396263402   -1.047197551   17.404822547   57.545705745   -2.489353262
    1.570796327   -1.047197551   28.915543294   72.003131192   -1.515894872
    1.745329252   -1.047197551   41.698883705   72.047190287   -0.423884042
    1.919862177   -1.047197551   53.307750715   59.051525569    0.704814645
    2.094395102   -1.047197551   61.799245557   37.143432601    1.785986983
    2.268928028   -1.047197551   66.061189546   11.446657614    2.721024207
    2.443460953   -1.047197551   65.868340453  -13.150860681    3.399021540
    2.617993878   -1.047197551   61.775828473  -32.673361914    3.715057611
    2.792526803   -1.047197551   54.934162457  -44.352151643    3.590743834
    2.967059728   -1.047197551   46.851537057  -46.910988148    3.017953311

   -3.141592654   -0.698131701   38.561857001  -44.807221619    2.009950227
   -2.967059728   -0.698131701   31.724924310  -32.835692221   -0.207565447
   -2.792526803   -0.698131701   27.268718043  -18.242679273   -2.596100168
   -2.617993878   -0.698131701   25.270982827   -5.287837445   -4.965909789
   -2.443460953   -0.698131701   25.145995805    2.868413271   -7.250913385
   -2.268928028   -0.698131701   25.928931160    5.143310107   -9.550205321
   -2.094395102   -0.698131701   26.654885570    2.522167125  -12.086015101
   -1.919862177   -0.698131701   26.664883314   -2.589151368  -15.054650444
   -1.745329252   -0.698131701   25.773685522   -7.361719535  -18.434104915
   -1.570796327   -0.698131701   24.264320959   -9.331206280  -21.851988841
   -1.396263402   -0.698131701   22.765211693   -7.158363044  -24.640923254
   -1.221730476   -0.698131701   22.007706089   -1.004690749  -26.072121928
   -1.047197551   -0.698131701   22.559967575    7.471727094  -25.666065437
   -0.872664626   -0.698131701   24.617667164   15.782141544  -23.383741868
   -0.698131701   -0.698131701   27.926475332   21.439668835  -19.623991372
   -0.523598776   -0.698131701   31.853907549   22.647486514  -15.059994726
   -0.349065850   -0.698131701   35.527584408   18.457766485  -10.425261356
   -0.174532925   -0.698131701   37.980829186    8.686855824   -6.340438177
    0.000000000   -0.698131701   38.286812973   -5.945409423   -3.196415062
    0.174532925   -0.698131701   35.757670864  -23.272424398   -1.065809121
    0.349065850   -0.698131701   30.254642845  -39.176060031    0.293984880
    0.523598776   -0.698131701   22.506999957  -48.013062070    1.327547803
    0.698131701   -0.698131701   14.227800473  -44.610966747    2.462265506
    0.872664626   -0.698131701    7.784080203  -27.049345051    3.888930034
    1.047197551   -0.698131701    5.448655249    1.496301927    5.479312726
    1.221730476   -0.698131701    8.526473959   33.522431619    6.901363782
    1.396263402   -0.698131701   16.840500975   60.127448550    7.841528007
    1.570796327   -0.698131701   28.805916868   74.557358620    8.185751644
    1.745329252   -0.698131701   42.008818921   74.263030786    8.047139335
    1.919862177   -0.698131701   53.963211452   60.781559087    7.663838221
    2.094395102   -0.698131701   62.708385295   38.307560940    7.250771875
    2.268928028   -0.698131701   67.117083394   11.946001813    6.898145719
    2.443460953   -0.698131701   66.941979148  -13.468727524    6.551668661
    2.617993878   -0.698131701   62.710285255  -33.980424655    6.051109217
    2.792526803   -0.698131701   55.548066300  -46.721698354    5.196620922
    2.967059728   -0.698131701   46.964755729  -50.249348061    3.853731091

   -3.141592654   -0.349065850   39.033367395  -50.084998075    2.557090375
   -2.967059728   -0.349065850   31.217387050  -38.674179223   -0.352290461
   -2.792526803   -0.349065850   25.735354253  -24.061166218   -3.429374367
   -2.617993878   -0.349065850   22.755759943  -10.676443879   -6.404165192
   -2.443460953   -0.349065850   21.733874379   -2.042529124   -9.140359415
   -2.268928028   -0.349065850   21.679878965    0.393115004  -11.689301985
   -2.094395102   -0.349065850   21.558106861   -2.500344053  -14.225774426
   -1.919862177   -0.349065850   20.652786526   -8.034529567  -16.872149688
   -1.745329252   -0.349065850   18.803999485  -12.745503156  -19.505935275
   -1.570796327   -0.349065850   16.439367268  -13.516885280  -21.674827343
   -1.396263402   -0.349065850   14.415667209   -8.757252433  -22.726876735
   -1.221730476   -0.349065850   13.683076414    0.983635290  -22.093570194
   -1.047197551   -0.349065850   14.910695347   13.154431114  -19.596342292
   -0.872664626   -0.349065850   18.224733597   24.277340310  -15.563920756
   -0.698131701   -0.349065850   23.153011425   31.207154953  -10.722869816
   -0.523598776   -0.349065850   28.773125595   32.000400771   -5.932048455
   -0.349065850   -0.349065850   33.937933211   25.998730859   -1.900482869
   -0.174532925   -0.349065850   37.485890865   13.607742283    0.993176190
    0.000000000   -0.349065850   38.414445275   -3.670617854    2.773077845
    0.174532925   -0.349065850   36.102290657  -22.874131524    3.854799153
    0.349065850   -0.349065850   30.601296939  -39.307703870    4.891377190
    0.523598776   -0.349065850   22.890590384  -47.264566828    6.507601655
    0.698131701   -0.349065850   14.887898017  -42.143039032    8.991840881
    0.872664626   -0.349065850    9.024254175  -22.990963712   12.109225448
    1.047197551   -0.349065850    7.468866814    6.157552083   15.183268248
    1.221730476   -0.349065850   11.319143159   37.507701659   17.428881919
    1.396263402   -0.349065850   20.198897532   62.527348015   18.328084665
    1.570796327   -0.349065850   32.425799835   75.182234972   17.841212115
    1.745329252   -0.349065850   45.611980864   73.557104431   16.348155902
    1.919862177   -0.349065850   57.377215340   59.439112321   14.413431475
    2.094395102   -0.349065850   65.874416011   36.874102205   12.526990730
    2.268928028   -0.349065850   70.040649944   10.599455267   10.941781623
    2.443460953   -0.349065850   69.624638906  -14.937809481    9.645626718
    2.617993878   -0.349065850   65.094359490  -36.024867505    8.423616976
    2.792526803   -0.349065850   57.493236921  -49.768612427    6.968798575
    2.967059728   -0.349065850   48.273318147  -54.493360697    5.038139425

   -3.141592654    0.000000000   40.172206508  -55.331947118    2.189926899
   -2.967059728    0.000000000   31.379795104  -44.519427112   -0.605417152
   -2.792526803    0.000000000   24.864721279  -29.952394461   -3.441947511
   -2.617993878    0.000000000   20.886208600  -16.178194397   -6.081009578
   -2.443460953    0.000000000   18.948131657   -7.047579191   -8.421276969
   -2.268928028    0.000000000   18.050381841   -4.314610439  -10.531362979
   -2.094395102    0.000000000   17.114361962   -7.140336395  -12.557612908
   -1.919862177    0.000000000   15.409735048  -12.484624178  -14.544476984
   -1.745329252    0.000000000   12.848781128  -16.281185590  -16.279220908
   -1.570796327    0.000000000   10.031749461  -14.948421362  -17.275055301
   -1.396263402    0.000000000    8.027246671   -6.948345129  -16.962053413
   -1.221730476    0.000000000    7.931514195    6.457746912  -14.982865394
   -1.047197551    0.000000000   10.394440727   21.634489187  -11.449427411
   -0.872664626    0.000000000   15.338123793   34.148939747   -6.966820946
   -0.698131701    0.000000000   21.967570253   40.497213655   -2.422515748
   -0.523598776    0.000000000   29.035864255   39.087125789    1.349616368
   -0.349065850    0.000000000   35.180706753   30.091601847    3.867493065
   -0.174532925    0.000000000   39.191143469   14.923619141    5.125406015
    0.000000000    0.000000000   40.184685468   -3.992270075    5.565573096
    0.174532925    0.000000000   37.795660175  -23.130023423    5.940642575
    0.349065850    0.000000000   32.383662025  -37.792388074    7.053560597
    0.523598776    0.000000000   25.174504822  -42.968744657    9.444419022
    0.698131701    0.000000000   18.158750876  -35.297073219   13.112212890
    0.872664626    0.000000000   13.613284778  -15.071153108   17.428632382
    1.047197551    0.000000000   13.381658049   13.052541488   21.357128081
    1.221730476    0.000000000   18.210268433   41.602697701   23.898408908
    1.396263402    0.000000000   27.498613266   63.102065758   24.504958425
    1.570796327    0.000000000   39.544723630   72.698280940   23.258765825
    1.745329252    0.000000000   52.116527436   69.238692168   20.736463811
    1.919862177    0.000000000   63.067146613   54.632544726   17.698148775
    2.094395102    0.000000000   70.756657670   32.538300498   14.781140326
    2.268928028    0.000000000   74.238012223    7.098644376   12.321411115
    2.443460953    0.000000000   73.272284990  -17.803600632   10.335810701
    2.617993878    0.000000000   68.258461906  -38.819221598    8.605688688
    2.792526803    0.000000000   60.130643735  -53.103268441    6.811597637
    2.967059728    0.000000000   50.247779295  -58.771972733    4.699159931

   -3.141592654    0.349065850   41.343302217  -59.924517873    1.276097779
   -2.967059728    0.349065850   31.708924631  -49.485569421   -0.492366539
   -2.792526803    0.349065850   24.329630998  -34.793225539   -2.160954598
   -2.617993878    0.349065850   19.548211106  -20.484351126   -3.642451470
   -2.443460953    0.349065850   16.915542975  -10.705116232   -4.940354469
   -2.268928028    0.349065850   15.425306335   -7.482371678   -6.149863627
   -2.094395102    0.349065850   13.964452328   -9.996633480   -7.371836135
   -1.919862177    0.349065850   11.794277464  -14.899289345   -8.584418405
   -1.745329252    0.349065850    8.891097918  -17.646668782   -9.560795070
   -1.570796327    0.349065850    5.991427664  -14.379379917   -9.904764113
   -1.396263402    0.349065850    4.307487507   -3.773306978   -9.232675535
   -1.221730476    0.349065850    4.995455357   12.175601717   -7.394686394
   -1.047197551    0.349065850    8.613744666   28.927540322   -4.624405356
   -0.872664626    0.349065850   14.854126662   41.428560375   -1.483435138
   -0.698131701    0.349065850   22.636646660   46.194545039    1.364088632
   -0.523598776    0.349065850   30.487187892   42.267747423    3.435519057
   -0.349065850    0.349065850   36.960963044   30.758724856    4.630535668
   -0.174532925    0.349065850   40.930598876   13.999962146    5.245101674
    0.000000000    0.349065850   41.735842847   -4.931164415    5.855803526
    0.174532925    0.349065850   39.310782092  -22.326514996    7.127849081
    0.349065850    0.349065850   34.296125393  -33.893283945    9.571087168
    0.523598776    0.349065850   28.072486027  -35.638169657   13.312518148
    0.698131701    0.349065850   22.571182255  -25.568746963   17.957737272
    0.872664626    0.349065850   19.781376095   -5.110638316   22.635765819
    1.047197551    0.349065850   21.125278174   20.765620229   26.286865822
    1.221730476    0.349065850   26.964273022   45.275797171   28.074137268
    1.396263402    0.349065850   36.497956320   62.293259353   27.687354595
    1.570796327    0.349065850   48.068160636   68.289122424   25.409277576
    1.745329252    0.349065850   59.673014894   62.866048404   21.922221184
    1.919862177    0.349065850   69.462738849   47.950370344   18.010270618
    2.094395102    0.349065850   76.046469337   26.678252890   14.304130272
    2.268928028    0.349065850   78.612688590    2.484444473   11.151224515
    2.443460953    0.349065850   76.938900441  -21.376480503    8.618586689
    2.617993878    0.349065850   71.351949983  -41.933538591    6.569766679
    2.792526803    0.349065850   62.673307422  -56.396387446    4.775997972
    2.967059728    0.349065850   52.163764925  -62.676036705    3.040095956

   -3.141592654    0.698131701   42.802733837  -62.330987859   -0.539340464
   -2.967059728    0.698131701   32.727182780  -52.096318988   -1.028416504
   -2.792526803    0.698131701   24.886747360  -37.421348773   -1.258849669
   -2.617993878    0.698131701   19.657670879  -22.958711165   -1.321837036
   -2.443460953    0.698131701   16.610568749  -12.977200296   -1.343451790
   -2.268928028    0.698131701   14.738179160   -9.595320855   -1.458273783
   -2.094395102    0.698131701   12.921432451  -11.947032784   -1.751174345
   -1.919862177    0.698131701   10.437709881  -16.484662954   -2.199823728
   -1.745329252    0.698131701    7.319468504  -18.436740813   -2.662539279
   -1.570796327    0.698131701    4.386609899  -13.900301142   -2.924170917
   -1.396263402    0.698131701    2.915550889   -1.810800383   -2.803571487
   -1.221730476    0.698131701    4.058259747   15.329205140   -2.249286499
   -1.047197551    0.698131701    8.277168229   32.499491069   -1.376724727
   -0.872664626    0.698131701   15.107259960   44.463301546   -0.401148743
   -0.698131701    0.698131701   23.319977756   48.015040283    0.494305813
   -0.523598776    0.698131701   31.373165627   42.820214756    1.284369338
   -0.349065850    0.698131701   37.874577097   30.674730702    2.156764866
   -0.174532925    0.698131701   41.854235022   14.405547830    3.447615066
    0.000000000    0.698131701   42.865483597   -2.775408066    5.522541437
    0.174532925    0.698131701   41.043711070  -17.454407983    8.635020119
    0.349065850    0.698131701   37.143174978  -26.037693357   12.785120653
    0.523598776    0.698131701   32.507224371  -25.510642428   17.629703387
    0.698131701    0.698131701   28.855129418  -14.856672117   22.486506463
    0.872664626    0.698131701   27.826488453    3.979588611   26.472100685
    1.047197551    0.698131701   30.466742691   26.270274694   28.783302466
    1.221730476    0.698131701   36.870398852   46.180064016   28.990151672
    1.396263402    0.698131701   46.169182699   58.840632720   27.167298751
    1.570796327    0.698131701   56.843171565   61.738767427   23.822920563
    1.745329252    0.698131701   67.158590061   54.930010856   19.662802683
    1.919862177    0.698131701   75.559621122   40.198912626   15.353143145
    2.094395102    0.698131701   80.887358121   20.154478821   11.370042278
    2.268928028    0.698131701   82.455621856   -2.412634666    7.965760449
    2.443460953    0.698131701   80.060308570  -24.809585511    5.212349234
    2.617993878    0.698131701   73.966657136  -44.405846577    3.069369428
    2.792526803    0.698131701   64.897243612  -58.483695156    1.449656171
    2.967059728    0.698131701   54.020715180  -64.819738448    0.266719545

   -3.141592654    1.047197551   41.514166732  -62.277443002   -5.366320870
   -2.967059728    1.047197551   31.534762185  -51.093153801   -4.610246257
   -2.792526803    1.047197551   23.922837506  -35.877136130   -3.494903276
   -2.617993878    1.047197551   18.975468626  -21.347021398   -2.283291789
   -2.443460953    1.047197551   16.183995867  -11.711569410   -1.204208546
   -2.268928028    1.047197551   14.484085830   -8.901969300   -0.404832886
   -2.094395102    1.047197551   12.736539116  -11.827819637    0.072310091
   -1.919862177    1.047197551   10.234547473  -16.777738920    0.265656363
   -1.745329252    1.047197551    7.045112442  -18.924924282    0.235177657
   -1.570796327    1.047197551    4.021979413  -14.431536403    0.016592813
   -1.396263402    1.047197551    2.458235403   -2.348375363   -0.386444606
   -1.221730476    1.047197551    3.503563543   14.733990960   -0.953652913
   -1.047197551    1.047197551    7.610590718   31.807597885   -1.588298022
   -0.872664626    1.047197551   14.316672914   43.763062786   -2.086850543
   -0.698131701    1.047197551   22.428124281   47.626792765   -2.160653344
   -0.523598776    1.047197551   30.480095733   43.307600230   -1.499016724
   -0.349065850    1.047197551   37.193547651   32.731850086    0.161107046
   -0.174532925    1.047197551   41.715998239   18.649277141    2.962119861
    0.000000000    1.047197551   43.683266416    3.947511967    6.876162335
    0.174532925    1.047197551   43.237847300   -8.500907868   11.667789900
    0.349065850    1.047197551   41.034600026  -15.749761737   16.868696339
    0.523598776    1.047197551   38.206190653  -15.368058742   21.805919815
    0.698131701    1.047197551   36.182630163   -6.632668485   25.708344609
    0.872664626    1.047197551   36.305857439    8.744794568   27.893217870
    1.047197551    1.047197551   39.411808823   26.797216727   27.992605665
    1.221730476    1.047197551   45.546640457   42.690904134   26.086100810
    1.396263402    1.047197551   53.958935866   52.394716790   22.640888972
    1.570796327    1.047197551   63.352139515   53.738411878   18.312687325
    1.745329252    1.047197551   72.229971211   46.631208975   13.706114298
    1.919862177    1.047197551   79.220574255   32.431192979    9.247155515
    2.094395102    1.047197551   83.270477106   13.316292493    5.175613480
    2.268928028    1.047197551   83.736319061   -8.198118630    1.624989834
    2.443460953    1.047197551   80.424625046  -29.518791201   -1.304676252
    2.617993878    1.047197551   73.605209889  -47.995968711   -3.517805369
    2.792526803    1.047197551   64.011548241  -60.873952784   -4.933760713
    2.967059728    1.047197551   52.825046205  -65.950800476   -5.530105195

   -3.141592654    1.396263402   36.699462044  -61.172610087  -10.937261110
   -2.967059728    1.396263402   27.068417550  -48.285597367   -9.428607258
   -2.792526803    1.396263402   20.051107698  -31.988886484   -7.497477457
   -2.617993878    1.396263402   15.823114835  -17.109247951   -5.519341290
   -2.443460953    1.396263402   13.752324138   -7.781312494   -3.759453198
   -2.268928028    1.396263402   12.679283328   -5.693954411   -2.314091254
   -2.094395102    1.396263402   11.415708335   -9.498389721   -1.136479222
   -1.919862177    1.396263402    9.241790413  -15.354107977   -0.146273576
   -1.745329252    1.396263402    6.218478085  -18.468786534    0.649738564
   -1.570796327    1.396263402    3.180514060  -15.089159191    1.124273328
   -1.396263402    1.396263402    1.398272110   -4.196371239    1.116044169
   -1.221730476    1.396263402    2.032402888   11.937297952    0.597087807
   -1.047197551    1.396263402    5.617690686   28.771570162   -0.207647927
   -0.872664626    1.396263402   11.849711711   41.556947741   -0.842732025
   -0.698131701    1.396263402   19.732642210   47.389029984   -0.775875823
   -0.523598776    1.396263402   27.980736738   45.899631022    0.407936357
   -0.349065850    1.396263402   35.423321215   38.498380389    2.881223166
   -0.174532925    1.396263402   41.213460646   27.307585468    6.547256146
    0.000000000    1.396263402   44.882625410   14.594536662   11.073373147
    0.174532925    1.396263402   46.368365614    2.704184024   15.936318831
    0.349065850    1.396263402   46.043697482   -5.733868713   20.462436982
    0.523598776    1.396263402   44.731959273   -8.260132246   23.913583734
    0.698131701    1.396263402   43.599438005   -3.665458053   25.642291022
    0.872664626    1.396263402   43.848699069    7.258531370   25.289765536
    1.047197551    1.396263402   46.353421258   21.592113726   22.940412361
    1.221730476    1.396263402   51.358596964   35.215628823   19.106867413
    1.396263402    1.396263402   58.382746263   44.188391889   14.519622187
    1.570796327    1.396263402   66.360753401   45.834824953    9.847174656
    1.745329252    1.396263402   73.914587080   39.362498761    5.488994700
    1.919862177    1.396263402   79.682058864   25.633736212    1.561154618
    2.094395102    1.396263402   82.567590963    6.747617941   -1.983837591
    2.268928028    1.396263402   81.904013178  -14.536796750   -5.182117515
    2.443460953    1.396263402   77.528027732  -35.290614963   -7.956243715
    2.617993878    1.396263402   69.789772693  -52.639389065  -10.109000147
    2.792526803    1.396263402   59.523995249  -63.836318383  -11.398734253
    2.967059728    1.396263402   47.993014799  -66.882061297  -11.669438029

   -3.141592654    1.745329252   30.486948632  -58.870878175  -17.055524583
   -2.967059728    1.745329252   21.419109151  -44.262797778  -15.737513090
   -2.792526803    1.745329252   15.189392750  -27.147016843  -13.812769603
   -2.617993878    1.745329252   11.812707372  -12.322170684  -11.600648024
   -2.443460953    1.745329252   10.528357731   -3.617332585   -9.336146348
   -2.268928028    1.745329252   10.114095711   -2.306749416   -7.108007300
   -2.094395102    1.745329252    9.381124993   -6.782489450   -4.877313919
   -1.919862177    1.745329252    7.629733730  -13.239406475   -2.590619041
   -1.745329252    1.745329252    4.912860339  -17.128493007   -0.315122830
   -1.570796327    1.745329252    2.016689007  -14.869326070    1.714283213
   -1.396263402    1.745329252    0.161284382   -5.254570875    3.197898144
   -1.221730476    1.745329252    0.524449889   10.001222105    3.976518500
   -1.047197551    1.745329252    3.768082469   26.994375045    4.195100028
   -0.872664626    1.745329252    9.801684808   41.276994259    4.289703089
   -0.698131701    1.745329252   17.850064983   49.704017237    4.801524746
   -0.523598776    1.745329252   26.765287567   51.233042714    6.135668864
   -0.349065850    1.745329252   35.381727152   46.491735217    8.402386272
   -0.174532925    1.745329252   42.728734068   36.940390745   11.403031967
    0.000000000    1.745329252   48.118954520   24.418234877   14.695730975
    0.174532925    1.745329252   51.217508807   11.079754808   17.686632109
    0.349065850    1.745329252   52.113635654   -0.356602786   19.721549657
    0.523598776    1.745329252   51.392411611   -6.990806012   20.219060633
    0.698131701    1.745329252   50.093987035   -6.793459609   18.848701939
    0.872664626    1.745329252   49.460275982    0.474935595   15.697172797
    1.047197551    1.745329252   50.573144990   12.726528735   11.306901033
    1.221730476    1.745329252   53.982827894   26.074442594    6.503361195
    1.396263402    1.745329252   59.491391052   36.116028880    2.067544950
    1.570796327    1.745329252   66.194196796   39.290161710   -1.556827172
    1.745329252    1.745329252   72.717282513   33.988883854   -4.370059473
    1.919862177    1.745329252   77.595520260   20.692407515   -6.682444162
    2.094395102    1.745329252   79.609554406    1.646502315   -8.868436474
    2.268928028    1.745329252   78.029201124  -19.901048418  -11.135509135
    2.443460953    1.745329252   72.722965810  -40.465383583  -13.432722588
    2.617993878    1.745329252   64.155277484  -56.803352549  -15.488967768
    2.792526803    1.745329252   53.311191796  -66.163127593  -16.939483005
    2.967059728    1.745329252   41.573516717  -66.871662588  -17.496826542

   -3.141592654    2.094395102   23.512817075  -57.567320293  -18.500653021
   -2.967059728    2.094395102   14.812840826  -41.437994728  -17.224846449
   -2.792526803    2.094395102    9.167230951  -23.389720493  -15.268126421
   -2.617993878    2.094395102    6.486110323   -8.190534393  -12.911352025
   -2.443460953    2.094395102    5.929513905    0.557637408  -10.362032397
   -2.268928028    2.094395102    6.244326729    1.884967637   -7.681614039
   -2.094395102    2.094395102    6.255089850   -2.430636879   -4.798227683
   -1.919862177    2.094395102    5.283625500   -8.671507681   -1.626817325
   -1.745329252    2.094395102    3.368556039  -12.582206814    1.773475062
   -1.570796327    2.094395102    1.229561234  -10.837599945    5.126044159
   -1.396263402    2.094395102    0.000000000   -2.174260561    8.030420373
   -1.221730476    2.094395102    0.813918092   12.119792023   10.179163281
   -1.047197551    2.094395102    4.380753026   28.700780150   11.546726350
   -0.872664626    2.094395102   10.739597427   43.445090119   12.403230897
   -0.698131701    2.094395102   19.263945231   53.083858166   13.141610265
   -0.523598776    2.094395102   28.896641591   56.056350631   14.045759435
   -0.349065850    2.094395102   38.457462239   52.372155131   15.140399538
   -0.174532925    2.094395102   46.859686349   42.965138350   16.196910483
    0.000000000    2.094395102   53.227070309   29.371358551   16.817318537
    0.174532925    2.094395102   57.003278522   13.679765553   16.542509959
    0.349065850    2.094395102   58.067406905   -1.174841428   14.966861524
    0.523598776    2.094395102   56.862276513  -11.728070505   11.882030439
    0.698131701    2.094395102   54.415472153  -15.057418193    7.427683761
    0.872664626    2.094395102   52.124396609   -9.953327510    2.165059264
    1.047197551    2.094395102   51.369894201    2.097127428   -3.035854013
    1.221730476    2.094395102   53.044992234   17.079220889   -7.303609388
    1.396263402    2.094395102   57.207215232   29.759658985  -10.117553105
    1.570796327    2.094395102   63.029803606   35.455890986  -11.501804770
    1.745329252    2.094395102   69.035955106   31.700157779  -11.952808204
    1.919862177    2.094395102   73.557973718   18.709543497  -12.159624011
    2.094395102    2.094395102   75.181301456   -0.938412972  -12.691652933
    2.268928028    2.094395102   73.072884817  -23.341159093  -13.794616440
    2.443460953    2.094395102   67.116739441  -44.354620682  -15.361599922
    2.617993878    2.094395102   57.887946034  -60.324568030  -17.027705565
    2.792526803    2.094395102   46.522949745  -68.475469747  -18.329347421
    2.967059728    2.094395102   34.530270532  -67.419364820  -18.883851629

   -3.141592654    2.443460953   17.306030423  -56.826253637  -12.451084281
   -2.967059728    2.443460953    8.866233150  -39.240788061  -11.132794042
   -2.792526803    2.443460953    3.710602737  -20.041866637   -9.358543753
   -2.617993878    2.443460953    1.689540804   -4.028496842   -7.310860602
   -2.443460953    2.443460953    1.914280732    5.327054392   -5.088337246
   -2.268928028    2.443460953    3.113813098    7.262985917   -2.652824484
   -2.094395102    2.443460953    4.125413684    3.673693777    0.150706422
   -1.919862177    2.443460953    4.285365162   -1.837747773    3.479333557
   -1.745329252    2.443460953    3.606367668   -5.343787850    7.330909820
   -1.570796327    2.443460953    2.720819560   -3.844958250   11.441831183
   -1.396263402    2.443460953    2.638483537    3.867872228   15.338544258
   -1.221730476    2.443460953    4.392857892   16.820822694   18.524374284
   -1.047197551    2.443460953    8.668016990   32.165842349   20.689461386
   -0.872664626    2.443460953   15.555358094   46.116921154   21.797919369
   -0.698131701    2.443460953   24.508230504   55.369009702   22.007658431
   -0.523598776    2.443460953   34.512128021   57.988001582   21.505284327
   -0.349065850    2.443460953   44.353319654   53.550784478   20.368809578
   -0.174532925    2.443460953   52.845423621   42.683702535   18.545813944
    0.000000000    2.443460953   58.979413143   26.851316933   15.897919837
    0.174532925    2.443460953   62.074628150    8.318029022   12.279175401
    0.349065850    2.443460953   61.937773139   -9.554256423    7.635360208
    0.523598776    2.443460953   59.036729254  -22.626011405    2.120905641
    0.698131701    2.443460953   54.556108039  -27.177550682   -3.809748486
    0.872664626    2.443460953   50.177492998  -21.408159906   -9.412762335
    1.047197551    2.443460953   47.622690606   -6.796558901  -13.845895646
    1.221730476    2.443460953   48.062524833   11.927133957  -16.486848539
    1.396263402    2.443460953   51.660851238   28.354521229  -17.197521812
    1.570796327    2.443460953   57.490838738   36.705061621  -16.382586967
    1.745329252    2.443460953   63.826516964   33.951262555  -14.793863429
    1.919862177    2.443460953   68.713687237   20.436899994  -13.217514820
    2.094395102    2.443460953   70.520027680   -0.645605409  -12.200138286
    2.268928028    2.443460953   68.320874300  -24.631125961  -11.926787914
    2.443460953    2.443460953   62.033431644  -46.737438343  -12.253535396
    2.617993878    2.443460953   52.352907073  -62.957499235  -12.827839976
    2.792526803    2.443460953   40.569938329  -70.499791852  -13.238554057
    2.967059728    2.443460953   28.326421581  -68.198561618  -13.164013157

   -3.141592654    2.792526803   14.661529106  -55.511313212    1.016646196
   -2.967059728    2.792526803    6.500486247  -37.386370300    2.661675438
   -2.792526803    2.792526803    1.708865281  -17.746993555    4.218068816
   -2.617993878    2.792526803    0.124783757   -1.311849295    5.652780545
   -2.443460953    2.792526803    0.869366787    8.598962617    7.063734170
   -2.268928028    2.792526803    2.709267449   11.381379031    8.668776911
   -2.094395102    2.792526803    4.539781546    8.987441315   10.739153530
   -1.919862177    2.792526803    5.747926066    4.863310386   13.482145469
   -1.745329252    2.792526803    6.348843381    2.543934735   16.905193155
   -1.570796327    2.792526803    6.897599986    4.549558565   20.728222545
   -1.396263402    2.792526803    8.252935916   11.766503506   24.425128162
   -1.221730476    2.792526803   11.269241748   23.236080171   27.384561757
   -1.047197551    2.792526803   16.483184046   36.433828500   29.119281104
   -0.872664626    2.792526803   23.906784436   47.981520802   29.396205473
   -0.698131701    2.792526803   32.974651811   54.836839477   28.233660869
   -0.523598776    2.792526803   42.679974643   55.099251226   25.800201413
   -0.349065850    2.792526803   51.810766527   48.290236890   22.296819555
   -0.174532925    2.792526803   59.174812313   35.019098077   17.907590877
    0.000000000    2.792526803   63.766115142   16.869535532   12.796040377
    0.174532925    2.792526803   64.940985474   -3.618877099    7.128801769
    0.349065850    2.792526803   62.601829737  -22.685604632    1.132820460
    0.523598776    2.792526803   57.389054352  -35.741361892   -4.838992060
    0.698131701    2.792526803   50.732621615  -38.706940780  -10.271551022
    0.872664626    2.792526803   44.596012358  -29.773213083  -14.543833703
    1.047197551    2.792526803   40.939818820  -10.938648840  -17.117082893
    1.221730476    2.792526803   41.039541026   12.106560935  -17.770432655
    1.396263402    2.792526803   44.983022370   31.909332492  -16.719844580
    1.570796327    2.792526803   51.612230084   42.029193609  -14.544471938
    1.745329252    2.792526803   58.907321147   39.380597477  -11.941176728
    1.919862177    2.792526803   64.659153991   24.781745285   -9.478572391
    2.094395102    2.792526803   67.087558630    2.120032003   -7.449765342
    2.268928028    2.792526803   65.238432348  -23.323083579   -5.875842125
    2.443460953    2.792526803   59.087483069  -46.381290886   -4.598515349
    2.617993878    2.792526803   49.431678614  -62.928846790   -3.399351057
    2.792526803    2.792526803   37.664817282  -70.279526119   -2.093827089
    2.967059728    2.792526803   25.502140644  -67.476187071   -0.607582553
