#! FIELDS phi psi file.free der_phi der_psi
#! SET min_phi -pi
#! SET max_phi pi
#! SET nbins_phi  36
#! SET periodic_phi true
#! SET min_psi -pi
#! SET max_psi pi
#! SET nbins_psi  18
#! SET periodic_psi true
   -3.141592654   -3.141592654   18.019422023  -54.113486850   15.299928867
   -2.967059728   -3.141592654    9.983032101  -37.296197560   17.662991713
   -2.792526803   -3.141592654    5.129661531  -18.411799898   19.334781293
   -2.617993878   -3.141592654    3.421700422   -1.909838881   20.313168640
   -2.443460953   -3.141592654    4.132145086    8.956237139   20.841801352
   -2.268928028   -3.141592654    6.172375291   13.425493089   21.333313240
   -2.094395102   -3.141592654    8.540663346   13.148440234   22.217742366
   -1.919862177   -3.141592654   10.663100738   11.137924110   23.771010080
   -1.745329252   -3.141592654   12.508004691   10.400642550   25.993029665
   -1.570796327   -3.141592654   14.489556832   12.899028805   28.563480282
   -1.396263402   -3.141592654   17.239610092   19.151923222   30.914717137
   -1.221730476   -3.141592654   21.350105323   28.180318862   32.395398661
   -1.047197551   -3.141592654   27.129028777   37.844509616   32.479462208
   -0.872664626   -3.141592654   34.450939621   45.395708841   30.914227379
   -0.698131701   -3.141592654   42.724819415   48.404777435   27.762661358
   -0.523598776   -3.141592654   51.011622472   45.409943106   23.330901281
   -0.349065850   -3.141592654   58.229023806   36.229863092   18.032859743
   -0.174532925   -3.141592654   63.360361926   21.704114496   12.284146443
    0.000000000   -3.141592654   65.609258203    3.569305856    6.439580574
    0.174532925   -3.141592654   64.557772981  -15.609639517    0.772644658
    0.349065850   -3.141592654   60.324027682  -32.218561448   -4.478777832
    0.523598776   -3.141592654   53.726806467  -41.943287736   -9.053996602
    0.698131701   -3.141592654   46.316482540  -41.079201681  -12.638425829
    0.872664626   -3.141592654   40.100634453  -28.342656459  -14.903950991
    1.047197551   -3.141592654   36.978368403   -6.407829764  -15.641525274
    1.221730476   -3.141592654   38.041925168   18.367532858  -14.895071376
    1.396263402   -3.141592654   43.103942488   38.197989989  -12.976990917
    1.570796327   -3.141592654   50.724312272   46.943143224  -10.355776453
    1.745329252   -3.141592654   58.708115928   42.373199886   -7.468971574
    1.919862177   -3.141592654   64.842457832   26.337544898   -4.599261901
    2.094395102   -3.141592654   67.496573852    3.356800751   -1.841805372
    2.268928028   -3.141592654   65.915273217  -21.357489775    0.843724807
    2.443460953   -3.141592654   60.206074103  -43.289306218    3.561434518
    2.617993878   -3.141592654   51.165175658  -59.086934889    6.407251955
    2.792526803   -3.141592654   40.073522631  -66.544598224    9.407142277
    2.967059728   -3.141592654   28.491117702  -64.685022892   12.451505929

   -3.141592654   -2.792526803   25.115870543  -49.230435051   23.379309255
   -2.967059728   -2.792526803   17.783549265  -34.163046234   25.612941615
   -2.792526803   -2.792526803   13.317415751  -17.080986100   26.867869375
   -2.617993878   -2.792526803   11.711714389   -1.964489689   27.297048137
   -2.443460953   -2.792526803   12.348536894    8.315760506   27.280674419
   -2.268928028   -2.792526803   14.294102538   13.130082917   27.300768841
   -2.094395102   -2.792526803   16.699475041   13.968288024   27.763709761
   -1.919862177   -2.792526803   19.092665066   13.442845815   28.844485725
   -1.745329252   -2.792526803   21.459722321   14.000608002   30.415942627
   -1.570796327   -2.792526803   24.130054734   17.023453459   32.061358762
   -1.396263402   -2.792526803   27.559197797   22.586523687   33.185995651
   -1.221730476   -2.792526803   32.108868341   29.575510511   33.180398235
   -1.047197551   -2.792526803   37.868935718   36.104633771   31.612832195
   -0.872664626   -2.792526803   44.570947960   40.016973745   28.354910818
   -0.698131701   -2.792526803   51.597509043   39.593876855   23.610259287
   -0.523598776   -2.792526803   58.101331160   33.969037231   17.830770565
   -0.349065850   -2.792526803   63.174855885   23.317209244   11.566973403
   -0.174532925   -2.792526803   66.014328785    8.567418187    5.338276143
    0.000000000   -2.792526803   66.033362923   -8.673767289   -0.437975115
    0.174532925   -2.792526803   62.988814251  -26.073936210   -5.471694712
    0.349065850   -2.792526803   57.129937918  -40.285704785   -9.557967378
    0.523598776   -2.792526803   49.362238771  -47.237290720  -12.539481954
    0.698131701   -2.792526803   41.281459560  -43.454345560  -14.295955737
    0.872664626   -2.792526803   34.896489831  -27.941341318  -14.775778570
    1.047197551   -2.792526803   32.052879945   -3.710011825  -14.066015061
    1.221730476   -2.792526803   33.733995798   22.624433799  -12.416517123
    1.396263402   -2.792526803   39.617065197   43.238990918  -10.163401473
    1.570796327   -2.792526803   48.143733571   52.233009403   -7.600156956
    1.745329252   -2.792526803   57.056621717   47.729057443   -4.868895495
    1.919862177   -2.792526803   64.137848092   31.863716010   -1.960386333
    2.094395102   -2.792526803   67.786161630    9.249082933    1.209981466
    2.268928028   -2.792526803   67.275666831  -14.977006814    4.706321741
    2.443460953   -2.792526803   62.722386508  -36.454247539    8.514370024
    2.617993878   -2.792526803   54.900555181  -52.006320527   12.524622285
    2.792526803   -2.792526803   45.038787547  -59.625732929   16.537672297
    2.967059728   -2.792526803   34.611462403  -58.486587298   20.265439577

   -3.141592654   -2.443460953   33.291015515  -44.262679549   22.230434075
   -2.967059728   -2.443460953   26.671031374  -30.993543650   24.084769079
   -2.792526803   -2.443460953   22.605984973  -15.601921903   25.107226326
   -2.617993878   -2.443460953   21.146420546   -1.654238568   25.442274547
   -2.443460953   -2.443460953   21.792702988    8.251160508   25.371997195
   -2.268928028   -2.443460953   23.751817331   13.459424192   25.227718791
   -2.094395102   -2.443460953   26.284741042   15.135704841   25.265179358
   -1.919862177   -2.443460953   28.954332410   15.391869566   25.555032769
   -1.745329252   -2.443460953   31.690040904   16.142347716   25.945364102
   -1.570796327   -2.443460953   34.681283611   18.381395673   26.089120091
   -1.396263402   -2.443460953   38.197236290   22.048221271   25.551999708
   -1.221730476   -2.443460953   42.416432133   26.220457559   23.942638087
   -1.047197551   -2.443460953   47.307885191   29.499701071   21.053735992
   -0.872664626   -2.443460953   52.584748745   30.393902034   16.932194575
   -0.698131701   -2.443460953   57.724720420   27.789218826   11.872902016
   -0.523598776   -2.443460953   62.063187908   21.184680010    6.330990436
   -0.349065850   -2.443460953   64.910948343   10.799631883    0.796137868
   -0.174532925   -2.443460953   65.665796462   -2.645121546   -4.309386916
    0.000000000   -2.443460953   63.893265454  -17.903101301   -8.676193930
    0.174532925   -2.443460953   59.436767488  -32.983729916  -12.124382212
    0.349065850   -2.443460953   52.580781185  -44.789894125  -14.566017272
    0.523598776   -2.443460953   44.233051553  -49.386486891  -15.974722650
    0.698131701   -2.443460953   35.972628639  -43.383815153  -16.368182234
    0.872664626   -2.443460953   29.773821968  -25.924952165  -15.815471030
    1.047197551   -2.443460953   27.418988115   -0.205367724  -14.467050112
    1.221730476   -2.443460953   29.799814065   27.050165834  -12.546495793
    1.396263402   -2.443460953   36.498225439   48.094192488  -10.277871548
    1.570796327   -2.443460953   45.891125583   57.293666517   -7.800687721
    1.745329252   -2.443460953   55.708957023   53.065991120   -5.125423710
    1.919862177   -2.443460953   63.762886761   37.708265495   -2.179868322
    2.094395102   -2.443460953   68.491098445   15.793037964    1.107067032
    2.268928028   -2.443460953   69.186551749   -7.726936438    4.731514848
    2.443460953   -2.443460953   65.947837279  -28.702093035    8.592582165
    2.617993878   -2.443460953   59.496529611  -44.135433508   12.508612352
    2.792526803   -2.443460953   50.982305444  -52.161757668   16.251036904
    2.967059728   -2.443460953   41.781430733  -52.014296472   19.569678472

   -3.141592654   -2.094395102   39.646595822  -40.495216403   14.073926273
   -2.967059728   -2.094395102   33.576192046  -28.473645583   15.173445733
   -2.792526803   -2.094395102   29.846797778  -14.248279120   15.857305096
   -2.617993878   -2.094395102   28.540211002   -1.198807225   16.199511457
   -2.443460953   -2.094395102   29.216595011    8.208558908   16.287783888
   -2.268928028   -2.094395102   31.152350340   13.284673099   16.206887937
   -2.094395102   -2.094395102   33.656093188   14.975625649   16.000254909
   -1.919862177   -2.094395102   36.287994277   15.064702518   15.626256408
   -1.745329252   -2.094395102   38.917129830   15.146942004   14.947404913
   -1.570796327   -2.094395102   41.628146287   16.060335822   13.754780160
   -1.396263402   -2.094395102   44.578461323   17.812579099   11.847885656
   -1.221730476   -2.094395102   47.866586761   19.785920584    9.116203882
   -1.047197551   -2.094395102   51.450139551   21.022841685    5.615747191
   -0.872664626   -2.094395102   55.111146878   20.495473581    1.579454059
   -0.698131701   -2.094395102   58.465429065   17.403597343   -2.632509851
   -0.523598776   -2.094395102   61.022632701   11.331742155   -6.629220067
   -0.349065850   -2.094395102   62.260660631    2.333760015  -10.091833850
   -0.174532925   -2.094395102   61.699843581   -9.187889240  -12.841432536
    0.000000000   -2.094395102   58.966488209  -22.370113584  -14.843575035
    0.174532925   -2.094395102   53.901090142  -35.531274093  -16.183166283
    0.349065850   -2.094395102   46.744250862  -45.737891163  -16.990011758
    0.523598776   -2.094395102   38.346435560  -49.052881624  -17.370231567
    0.698131701   -2.094395102   30.238854396  -41.986471958  -17.358036820
    0.872664626   -2.094395102   24.364929274  -23.614270695  -16.914785431
    1.047197551   -2.094395102   22.482462314    2.873009774  -15.981413378
    1.221730476   -2.094395102   25.456456730   30.745644436  -14.535228714
    1.396263402   -2.094395102   32.845715116   52.302214264  -12.600150084
    1.570796327   -2.094395102   43.017406097   62.014325357  -10.232965521
    1.745329252   -2.094395102   53.709419811   58.367832185   -7.499988145
    1.919862177   -2.094395102   62.743618556   43.628680750   -4.481320332
    2.094395102   -2.094395102   68.554900529   22.249477059   -1.282120959
    2.268928028   -2.094395102   70.409599815   -0.953098493    1.961726514
    2.443460953   -2.094395102   68.359840194  -21.914635458    5.096160922
    2.617993878   -2.094395102   63.070916248  -37.663335895    7.972334037
    2.792526803   -2.094395102   55.635870508  -46.328743733   10.470204847
    2.967059728   -2.094395102   47.377672368  -47.110075690   12.514686728

   -3.141592654   -1.745329252   41.999768120  -39.171361328    5.994632523
   -2.967059728   -1.745329252   36.138069869  -27.388753484    6.447311048
   -2.792526803   -1.745329252   32.584269560  -13.324416495    6.803958203
   -2.617993878   -1.745329252   31.420502730   -0.511046767    7.037964313
   -2.443460953   -1.745329252   32.184524675    8.492292389    7.045787048
   -2.268928028   -1.745329252   34.118877118   12.949402949    6.689291597
   -2.094395102   -1.745329252   36.491881891   13.768256697    5.832821327
   -1.919862177   -1.745329252   38.815745744   12.692697041    4.369878356
   -1.745329252   -1.745329252   40.907229063   11.312761258    2.253960045
   -1.570796327   -1.745329252   42.806676537   10.587556123   -0.471882649
   -1.396263402   -1.745329252   44.662634876   10.792607057   -3.645334203
   -1.221730476   -1.745329252   46.621552116   11.691831003   -7.004446234
   -1.047197551   -1.745329252   48.756259357   12.677776728  -10.237232364
   -0.872664626   -1.745329252   51.012449133   12.911396433  -13.054640055
   -0.698131701   -1.745329252   53.178063880   11.500498046  -15.243176735
   -0.523598776   -1.745329252   54.896488120    7.686314871  -16.687919792
   -0.349065850   -1.745329252   55.704225351    1.024828089  -17.376428761
   -0.174532925   -1.745329252   55.092616863   -8.553197849  -17.404161856
    0.000000000   -1.745329252   52.587774528  -20.523628919  -16.971413125
    0.174532925   -1.745329252   47.888625437  -33.311854635  -16.363327866
    0.349065850   -1.745329252   41.098146699  -43.848026223  -15.870556966
    0.523598776   -1.745329252   32.972800451  -47.840679769  -15.681468601
    0.698131701   -1.745329252   25.021812112  -41.351911478  -15.788715822
    0.872664626   -1.745329252   19.239243952  -23.107573960  -15.976392804
    1.047197551   -1.745329252   17.476601243    3.826415837  -15.911744180
    1.221730476   -1.745329252   20.692528158   32.615375252  -15.290518177
    1.396263402   -1.745329252   28.506777752   55.306888068  -13.943310474
    1.570796327   -1.745329252   39.300439635   66.098384038  -11.882215765
    1.745329252   -1.745329252   50.781751528   63.260823726   -9.271735854
    1.919862177   -1.745329252   60.712590763   48.929385430   -6.370820315
    2.094395102   -1.745329252   67.453405012   27.521354947   -3.462036876
    2.268928028   -1.745329252   70.197007331    3.897452798   -0.792891355
    2.443460953   -1.745329252   68.935545618  -17.773725034    1.464489562
    2.617993878   -1.745329252   64.295815302  -34.379331269    3.229618190
    2.792526803   -1.745329252   57.359383464  -43.888565893    4.510247321
    2.967059728   -1.745329252   49.465849423  -45.355347985    5.391859551

   -3.141592654   -1.396263402   41.618644681  -39.323674154    1.866145656
   -2.967059728   -1.396263402   35.750028599  -27.312365576    1.652698191
   -2.792526803   -1.396263402   32.226241868  -13.102875997    1.411809520
   -2.617993878   -1.396263402   31.088914660   -0.511659183    1.124072320
   -2.443460953   -1.396263402   31.796338802    7.755925499    0.657285262
   -2.268928028   -1.396263402   33.500673723   10.979567465   -0.198213782
   -2.094395102   -1.396263402   35.395412117   10.220095010   -1.676546462
   -1.919862177   -1.396263402   36.953131027    7.471217887   -3.957287921
   -1.745329252   -1.396263402   38.001206640    4.643499358   -7.071906820
   -1.570796327   -1.396263402   38.650881278    3.065892172  -10.828928037
   -1.396263402   -1.396263402   39.183783896    3.322851506  -14.805237325
   -1.221730476   -1.396263402   39.918824257    5.306214771  -18.447173579
   -1.047197551   -1.396263402   41.099990774    8.255351551  -21.233349464
   -0.872664626   -1.396263402   42.796065175   10.959123309  -22.821028306
   -0.698131701   -1.396263402   44.842119036   12.051606747  -23.107590638
   -0.523598776   -1.396263402   46.850774983   10.374284551  -22.206728274
   -0.349065850   -1.396263402   48.268074347    5.201939751  -20.390501939
   -0.174532925   -1.396263402   48.456874653   -3.699915806  -18.041815212
    0.000000000   -1.396263402   46.793295661  -15.889015497  -15.612420033
    0.174532925   -1.396263402   42.820605409  -29.752744245  -13.558313437
    0.349065850   -1.396263402   36.509313018  -41.987748440  -12.227080854
    0.523598776   -1.396263402   28.545112366  -47.835086214  -11.739818862
    0.698131701   -1.396263402   20.462127490  -42.755104579  -11.929664838
    0.872664626   -1.396263402   14.378807692  -24.973709603  -12.394888070
    1.047197551   -1.396263402   12.332864926    2.611460510  -12.656421715
    1.221730476   -1.396263402   15.462789779   32.945086364  -12.342150233
    1.396263402   -1.396263402   23.501672182   57.553651729  -11.295645382
    1.570796327   -1.396263402   34.843240177   70.041919199   -9.586366219
    1.745329252   -1.396263402   47.115028621   68.232211342   -7.438438520
    1.919862177   -1.396263402   57.941750022   54.074049748   -5.135832738
    2.094395102   -1.396263402   65.538586831   32.070220473   -2.944404053
    2.268928028   -1.396263402   68.985532652    7.348470393   -1.066493670
    2.443460953   -1.396263402   68.215450292  -15.595401564    0.375998661
    2.617993878   -1.396263402   63.851632947  -33.357049616    1.339004823
    2.792526803   -1.396263402   57.016269585  -43.687118885    1.843351315
    2.967059728   -1.396263402   49.119182766  -45.539562495    1.977330400

   -3.141592654   -1.047197551   39.410343099  -41.575238699    2.711360920
   -2.967059728   -1.047197551   33.178157403  -29.182778661    1.555892413
   -2.792526803   -1.047197551   29.375727656  -14.425906480    0.176509437
   -2.617993878   -1.047197551   28.046102263   -1.449730372   -1.313174434
   -2.443460953   -1.047197551   28.591192120    6.737509792   -2.903954013
   -2.268928028   -1.047197551   30.064128582    9.236366874   -4.714896095
   -2.094395102   -1.047197551   31.545287263    7.139647865   -6.965350270
   -1.919862177   -1.047197551   32.421336291    2.720860981   -9.860994500
   -1.745329252   -1.047197551   32.503372353   -1.598104219  -13.432681234
   -1.570796327   -1.047197551   31.987168278   -3.873069369  -17.406842436
   -1.396263402   -1.047197551   31.337613904   -3.056113804  -21.210243894
   -1.221730476   -1.047197551   31.107590168    0.830177003  -24.140817260
   -1.047197551   -1.047197551   31.748741187    6.653511210  -25.625788581
   -0.872664626   -1.047197551   33.444537536   12.546301195  -25.416483731
   -0.698131701   -1.047197551   36.024158203   16.464489127  -23.633763956
   -0.523598776   -1.047197551   38.990687476   16.763885589  -20.679364764
   -0.349065850   -1.047197551   41.615234421   12.448886722  -17.094599858
   -0.174532925   -1.047197551   43.056133201    3.199513618  -13.442806454
    0.000000000   -1.047197551   42.483625026  -10.458778992  -10.223908715
    0.174532925   -1.047197551   39.267110529  -26.619561191   -7.788053179
    0.349065850   -1.047197551   33.276517647  -41.438352669   -6.260212956
    0.523598776   -1.047197551   25.208221659  -49.455398300   -5.512696133
    0.698131701   -1.047197551   16.727078566  -45.496321912   -5.225150572
    0.872664626   -1.047197551   10.166063640  -27.497386712   -5.026352089
    1.047197551   -1.047197551    7.786825888    1.454097052   -4.644735059
    1.221730476   -1.047197551   10.882401769   33.737411119   -3.983535637
    1.396263402   -1.047197551   19.227608989   60.195664992   -3.087700950
    1.570796327   -1.047197551   31.149129073   73.905443749   -2.056259406
    1.745329252   -1.047197551   44.140576805   72.465195454   -0.970411535
    1.919862177   -1.047197551   55.679158400   57.877406309    0.127989316
    2.094395102   -1.047197551   63.859392782   34.879745791    1.209815777
    2.268928028   -1.047197551   67.687612610    8.884453328    2.224246527
    2.443460953   -1.047197551   67.070334759  -15.363276776    3.080625965
    2.617993878   -1.047197551   62.643074560  -34.282914988    3.656210741
    2.792526803   -1.047197551   55.565894690  -45.475891904    3.821294569
    2.967059728   -1.047197551   47.310717260  -47.793552866    3.502890624

   -3.141592654   -0.698131701   39.185970669  -45.191839880    2.797043108
   -2.967059728   -0.698131701   32.269103314  -33.335792646    0.735355501
   -2.792526803   -0.698131701   27.727685556  -18.671699353   -1.666433063
   -2.617993878   -0.698131701   25.671403216   -5.507246093   -4.165026141
   -2.443460953   -0.698131701   25.524846622    2.837432385   -6.625295349
   -2.268928028   -0.698131701   26.306136425    5.132794049   -9.082879697
   -2.094395102   -0.698131701   27.016530380    2.335389463  -11.716954922
   -1.919862177   -0.698131701   26.969020844   -3.065937055  -14.703934984
   -1.745329252   -0.698131701   25.971319120   -8.076616705  -18.024051187
   -1.570796327   -0.698131701   24.330695935  -10.067475654  -21.326634514
   -1.396263402   -0.698131701   22.724446161   -7.581077955  -23.977167206
   -1.221730476   -0.698131701   21.944651068   -0.778101022  -25.287217334
   -1.047197551   -0.698131701   22.608725826    8.551530169  -24.821182778
   -0.872664626   -0.698131701   24.928088812   17.679149643  -22.584920923
   -0.698131701   -0.698131701   28.619073896   23.858197233  -19.012191203
   -0.523598776   -0.698131701   32.979146159   25.105526376  -14.786641591
   -0.349065850   -0.698131701   37.045484229   20.422192348  -10.610181531
   -0.174532925   -0.698131701   39.765591313    9.729659083   -7.027437685
    0.000000000   -0.698131701   40.155813067   -6.026349253   -4.326537717
    0.174532925   -0.698131701   37.517183546  -24.399296444   -2.486692303
    0.349065850   -0.698131701   31.751147471  -40.968543596   -1.216040900
    0.523598776   -0.698131701   23.676292598  -49.841140383   -0.084338105
    0.698131701   -0.698131701   15.127668150  -45.747104736    1.266031985
    0.872664626   -0.698131701    8.590033949  -26.919420171    2.927944019
    1.047197551   -0.698131701    6.401085098    3.026378965    4.681120130
    1.221730476   -0.698131701    9.838842667   35.999765288    6.134066662
    1.396263402   -0.698131701   18.603098956   62.646223428    6.960588821
    1.570796327   -0.698131701   30.937740001   76.133837732    7.081665025
    1.745329252   -0.698131701   44.284463046   74.296201549    6.684501926
    1.919862177   -0.698131701   56.107951913   59.323086730    6.101833785
    2.094395102   -0.698131701   64.511509703   35.998272790    5.638012158
    2.268928028   -0.698131701   68.505475124    9.651441649    5.438942332
    2.443460953   -0.698131701   67.979667339  -15.115180508    5.450941308
    2.617993878   -0.698131701   63.530957556  -34.831230097    5.455789777
    2.792526803   -0.698131701   56.270676356  -47.058966126    5.153515310
    2.967059728   -0.698131701   47.641964046  -50.486529769    4.299838712

   -3.141592654   -0.349065850   39.967780506  -49.816305948    3.507300183
   -2.967059728   -0.349065850   32.147970599  -38.950506420    0.831854616
   -2.792526803   -0.349065850   26.587236302  -24.618993377   -2.239989738
   -2.617993878   -0.349065850   23.506679319  -11.225164181   -5.370938115
   -2.443460953   -0.349065850   22.400725241   -2.434026604   -8.332890451
   -2.268928028   -0.349065850   22.289755684    0.124778361  -11.089017858
   -2.094395102   -0.349065850   22.122100680   -2.773262761  -13.754053626
   -1.919862177   -0.349065850   21.159421065   -8.430173335  -16.428042231
   -1.745329252   -0.349065850   19.228506326  -13.278035753  -19.004815949
   -1.570796327   -0.349065850   16.766233557  -14.067969737  -21.078900661
   -1.396263402   -0.349065850   14.660272065   -9.095858917  -22.058141321
   -1.221730476   -0.349065850   13.904693185    1.107246830  -21.431207696
   -1.047197551   -0.349065850   15.205384352   13.886810285  -19.060298140
   -0.872664626   -0.349065850   18.697404908   25.564578067  -15.292417763
   -0.698131701   -0.349065850   23.880385220   32.785485196  -10.844168489
   -0.523598776   -0.349065850   29.772997563   33.486440589   -6.535142642
   -0.349065850   -0.349065850   35.161028930   27.025680202   -3.004160322
   -0.174532925   -0.349065850   38.829898983   13.949380605   -0.537839195
    0.000000000   -0.349065850   39.753868233   -4.046418978    0.980262014
    0.174532925   -0.349065850   37.322134368  -23.821349451    2.026624026
    0.349065850   -0.349065850   31.626361802  -40.522135165    3.256810567
    0.523598776   -0.349065850   23.709971151  -48.318720239    5.228909877
    0.698131701   -0.349065850   15.571049504  -42.569638950    8.110526873
    0.872664626   -0.349065850    9.714312586  -22.446713758   11.528165167
    1.047197551   -0.349065850    8.341504282    7.675249455   14.693479834
    1.221730476   -0.349065850   12.511049814   39.541424032   16.772054099
    1.396263402   -0.349065850   21.733387383   64.283180686   17.275537777
    1.570796327   -0.349065850   34.182147888   75.870304974   16.263720093
    1.745329252   -0.349065850   47.363050454   72.808834490   14.259701050
    1.919862177   -0.349065850   58.886913374   57.528241204   11.976010063
    2.094395102   -0.349065850   67.004603394   34.599991192   10.016443818
    2.268928028   -0.349065850   70.809364292    8.875973904    8.681590674
    2.443460953   -0.349065850   70.184071499  -15.559672511    7.926854645
    2.617993878   -0.349065850   65.641505801  -35.593999273    7.435004779
    2.792526803   -0.349065850   58.169964745  -48.822116254    6.756888077
    2.967059728   -0.349065850   49.111026654  -53.683906748    5.507646327

   -3.141592654    0.000000000   41.479053427  -54.304333517    3.134233922
   -2.967059728    0.000000000   32.768718020  -44.563230200    0.544617222
   -2.792526803    0.000000000   26.175713103  -30.710346714   -2.315791321
   -2.617993878    0.000000000   22.036234918  -17.181627667   -5.131424575
   -2.443460953    0.000000000   19.927611818   -7.943163456   -7.702334814
   -2.268928028    0.000000000   18.893655045   -4.966441423  -10.006429599
   -2.094395102    0.000000000   17.862871266   -7.584546062  -12.132739842
   -1.919862177    0.000000000   16.089806158  -12.845612417  -14.112126713
   -1.745329252    0.000000000   13.464532278  -16.666331879  -15.761797881
   -1.570796327    0.000000000   10.575228572  -15.381317250  -16.657144154
   -1.396263402    0.000000000    8.495767833   -7.342667316  -16.300868847
   -1.221730476    0.000000000    8.344187302    6.250076744  -14.396484366
   -1.047197551    0.000000000   10.795411903   21.728335478  -11.085367490
   -0.872664626    0.000000000   15.781698410   34.538865928   -6.963319141
   -0.698131701    0.000000000   22.494812998   41.038410504   -2.871375201
   -0.523598776    0.000000000   29.654611891   39.568312672    0.426909166
   -0.349065850    0.000000000   35.864320968   30.341205693    2.530457466
   -0.174532925    0.000000000   39.892859426   14.889427078    3.510304756
    0.000000000    0.000000000   40.859135685   -4.244413017    3.865065063
    0.174532925    0.000000000   38.415194896  -23.474379207    4.367180939
    0.349065850    0.000000000   32.944943885  -38.081102255    5.790101935
    0.523598776    0.000000000   25.701088594  -43.038639680    8.591675780
    0.698131701    0.000000000   18.703773860  -34.984133919   12.648755530
    0.872664626    0.000000000   14.253722711  -14.284823177   17.201478615
    1.047197551    0.000000000   14.193597594   14.194804350   21.113439848
    1.221730476    0.000000000   19.224720557   42.697679687   23.353420672
    1.396263402    0.000000000   28.657390892   63.570931521   23.427110238
    1.570796327    0.000000000   40.693118768   72.069177735   21.541406226
    1.745329252    0.000000000   53.051949561   67.479467937   18.436719593
    1.919862177    0.000000000   63.632150250   52.287953121   15.029715756
    2.094395102    0.000000000   70.928171635   30.545963411   12.066183882
    2.268928028    0.000000000   74.158905868    6.343897964    9.913612130
    2.443460953    0.000000000   73.200613113  -16.952397286    8.535302177
    2.617993878    0.000000000   68.455361179  -36.694823995    7.590612554
    2.792526803    0.000000000   60.749272251  -50.551221505    6.605125353
    2.967059728    0.000000000   51.280475827  -56.703151170    5.179267302

   -3.141592654    0.349065850   42.967212903  -58.311089446    2.024768413
   -2.967059728    0.349065850   33.474992656  -49.413937096    0.331250743
   -2.792526803    0.349065850   26.005102301  -35.786135192   -1.442980464
   -2.617993878    0.349065850   21.004061007  -21.894288648   -3.130693178
   -2.443460953    0.349065850   18.128510178  -11.996572216   -4.646991905
   -2.268928028    0.349065850   16.444334290   -8.386019372   -6.014227321
   -2.094395102    0.349065850   14.862068089  -10.494895195   -7.294308204
   -1.919862177    0.349065850   12.629467657  -15.150866213   -8.465306098
   -1.745329252    0.349065850    9.687982016  -17.866135372   -9.335456910
   -1.570796327    0.349065850    6.739574062  -14.731945042   -9.566798806
   -1.396263402    0.349065850    4.977589286   -4.299790158   -8.837676296
   -1.221730476    0.349065850    5.562730436   11.559256007   -7.044716504
   -1.047197551    0.349065850    9.074937020   28.360245091   -4.436328203
   -0.872664626    0.349065850   15.227700682   41.011080853   -1.554033217
   -0.698131701    0.349065850   22.951024764   45.932884077    0.984374647
   -0.523598776    0.349065850   30.764676862   42.104252315    2.750586880
   -0.349065850    0.349065850   37.213740425   30.642974616    3.693236067
   -0.174532925    0.349065850   41.167439786   13.947561250    4.147088416
    0.000000000    0.349065850   41.973133972   -4.852523268    4.716506622
    0.174532925    0.349065850   39.576840685  -22.060025490    6.080507270
    0.349065850    0.349065850   34.625129926  -33.432646665    8.737731136
    0.523598776    0.349065850   28.495345732  -35.020748036   12.765831624
    0.698131701    0.349065850   23.110635649  -24.854003530   17.680693629
    0.872664626    0.349065850   20.447229067   -4.394642485   22.501678377
    1.047197551    0.349065850   21.902377555   21.285855564   26.079021789
    1.221730476    0.349065850   27.791369870   45.270642529   27.546851277
    1.396263402    0.349065850   37.250932372   61.404855692   26.648471225
    1.570796327    0.349065850   48.573942310   66.358960122   23.788586863
    1.745329252    0.349065850   59.767194406   60.179723031   19.803472403
    1.919862177    0.349065850   69.075670042   45.291171515   15.614905643
    2.094395102    0.349065850   75.272816886   25.081347486   11.937003281
    2.268928028    0.349065850   77.715691595    2.767744603    9.124506901
    2.443460953    0.349065850   76.272071569  -19.055578482    7.174391947
    2.617993878    0.349065850   71.226793561  -38.200957900    5.824344301
    2.792526803    0.349065850   63.240846020  -52.392214561    4.701421968
    2.967059728    0.349065850   53.368179646  -59.534336763    3.486867952

   -3.141592654    0.698131701   44.583796778  -60.387588655   -0.351030785
   -2.967059728    0.698131701   34.678035146  -52.025798024   -0.910248689
   -2.792526803    0.698131701   26.724964361  -38.645818638   -1.304361256
   -2.617993878    0.698131701   21.225322207  -24.699986335   -1.556520724
   -2.443460953    0.698131701   17.878140571  -14.575746015   -1.734274931
   -2.268928028    0.698131701   15.766964211  -10.698326292   -1.934489086
   -2.094395102    0.698131701   13.805992942  -12.508610538   -2.230459061
   -1.919862177    0.698131701   11.259169331  -16.689834406   -2.609883219
   -1.745329252    0.698131701    8.115850934  -18.564524825   -2.955616961
   -1.570796327    0.698131701    5.148634139  -14.191182667   -3.084612822
   -1.396263402    0.698131701    3.603180039   -2.362895436   -2.847522104
   -1.221730476    0.698131701    4.629546712   14.586111209   -2.217103276
   -1.047197551    0.698131701    8.713676696   31.739070350   -1.318854356
   -0.872664626    0.698131701   15.421239687   43.850447009   -0.364114099
   -0.698131701    0.698131701   23.544769240   47.612433378    0.474293006
   -0.523598776    0.698131701   31.543254495   42.594180035    1.177729885
   -0.349065850    0.698131701   38.015372644   30.566375439    1.934689681
   -0.174532925    0.698131701   41.985137022   14.412691545    3.087012021
    0.000000000    0.698131701   43.011209036   -2.590732274    5.022200393
    0.174532925    0.698131701   41.241185289  -17.029803156    8.033315449
    0.349065850    0.698131701   37.435058178  -25.379950732   12.159631328
    0.523598776    0.698131701   32.926568268  -24.721289525   17.068327064
    0.698131701    0.698131701   29.410441921  -14.114804711   22.039338669
    0.872664626    0.698131701   28.490200775    4.442514962   26.111005406
    1.047197551    0.698131701   31.166755464   26.179801299   28.395934191
    1.221730476    0.698131701   37.484650027   45.247967437   28.417493959
    1.396263402    0.698131701   46.531440006   56.876522356   26.269744795
    1.570796327    0.698131701   56.775154297   58.829898652   22.541735727
    1.745329252    0.698131701   66.534462649   51.602175591   18.053547052
    1.919862177    0.698131701   74.384305967   37.397290230   13.576645473
    2.094395102    0.698131701   79.348101000   18.955201658    9.648565410
    2.268928028    0.698131701   80.904213615   -1.276757681    6.518629598
    2.443460953    0.698131701   78.914848862  -21.363328545    4.191867499
    2.617993878    0.698131701   73.566641459  -39.502112955    2.519615159
    2.792526803    0.698131701   65.382569885  -53.473836123    1.302517710
    2.967059728    0.698131701   55.292802154  -60.983105797    0.374677750

   -3.141592654    1.047197551   43.381847346  -60.618462506   -5.617347302
   -2.967059728    1.047197551   33.510403296  -51.425937404   -5.097699811
   -2.792526803    1.047197551   25.714054102  -37.502395495   -4.211836895
   -2.617993878    1.047197551   20.433265589  -23.397786749   -3.181306367
   -2.443460953    1.047197551   17.299019851  -13.487514218   -2.217018532
   -2.268928028    1.047197551   15.340870488  -10.054946652   -1.465865698
   -2.094395102    1.047197551   13.449671639  -12.339216478   -0.979002804
   -1.919862177    1.047197551   10.900164441  -16.858839388   -0.724276378
   -1.745329252    1.047197551    7.712662911  -18.868124354   -0.642600968
   -1.570796327    1.047197551    4.692374016  -14.479538213   -0.698241267
   -1.396263402    1.047197551    3.101616887   -2.599560385   -0.895117095
   -1.221730476    1.047197551    4.087819217   14.344283005   -1.232612237
   -1.047197551    1.047197551    8.125365887   31.438186554   -1.643323416
   -0.872664626    1.047197551   14.778340316   43.546881269   -1.956653456
   -0.698131701    1.047197551   22.866194924   47.566635253   -1.917131691
   -0.523598776    1.047197551   30.912380823   43.283555923   -1.243558963
   -0.349065850    1.047197551   37.613181954   32.601005748    0.308511823
   -0.174532925    1.047197551   42.099269702   18.376342692    2.889835898
    0.000000000    1.047197551   44.013298948    3.649637627    6.517365069
    0.174532925    1.047197551   43.527347171   -8.623688800   11.032227439
    0.349065850    1.047197551   41.329268787  -15.542563967   16.047886490
    0.523598776    1.047197551   38.566662356  -14.825837391   20.942062978
    0.698131701    1.047197551   36.654525272   -5.934740370   24.938580772
    0.872664626    1.047197551   36.889420067    9.267399609   27.296744442
    1.047197551    1.047197551   40.041257320   26.735670762   27.566701158
    1.221730476    1.047197551   46.085351212   41.664269147   25.760669004
    1.396263402    1.047197551   54.217261559   50.206059510   22.321319057
    1.570796327    1.047197551   63.134928063   50.555026670   17.927320776
    1.745329252    1.047197551   71.413225209   43.103462840   13.239666094
    1.919862177    1.047197551   77.832974400   29.620831280    8.745778836
    2.094395102    1.047197551   81.538800133   12.355684256    4.724994275
    2.268928028    1.047197551   82.053767376   -6.613751539    1.308150531
    2.443460953    1.047197551   79.235867461  -25.541853167   -1.451872109
    2.617993878    1.047197551   73.249412979  -42.648426594   -3.531014804
    2.792526803    1.047197551   64.600411351  -55.645205669   -4.911080266
    2.967059728    1.047197551   54.214866070  -62.170687377   -5.593739366

   -3.141592654    1.396263402   38.594334727  -60.254581306  -11.575127364
   -2.967059728    1.396263402   28.946564346  -49.285058140  -10.394162380
   -2.792526803    1.396263402   21.642527158  -34.107994560   -8.689699540
   -2.617993878    1.396263402   17.012477163  -19.454102830   -6.828866031
   -2.443460953    1.396263402   14.563175284   -9.680161907   -5.099201365
   -2.268928028    1.396263402   13.221725652   -6.848378163   -3.630948678
   -2.094395102    1.396263402   11.822484074   -9.918849044   -2.405035619
   -1.919862177    1.396263402    9.625453691  -15.241983007   -1.347510803
   -1.745329252    1.396263402    6.649228161  -18.079874379   -0.450685840
   -1.570796327    1.396263402    3.686245856  -14.639465913    0.181021029
   -1.396263402    1.396263402    1.977475066   -3.800060971    0.395875743
   -1.221730476    1.396263402    2.673852596   12.275087954    0.149762142
   -1.047197551    1.396263402    6.315839435   29.099954786   -0.373585096
   -0.872664626    1.396263402   12.604849040   41.882589150   -0.771411300
   -0.698131701    1.396263402   20.536336730   47.595592833   -0.562408042
   -0.523598776    1.396263402   28.794470192   45.778852903    0.630967242
   -0.349065850    1.396263402   36.173407313   37.883301630    2.964892385
   -0.174532925    1.396263402   41.813518508   26.237386610    6.360532362
    0.000000000    1.396263402   45.275364591   13.365410731   10.543438383
    0.174532925    1.396263402   46.563982542    1.760146121   15.082858196
    0.349065850    1.396263402   46.127759044   -6.012294919   19.405049075
    0.523598776    1.396263402   44.836422591   -7.745015621   22.842491499
    0.698131701    1.396263402   43.850020819   -2.559439213   24.761230393
    0.872664626    1.396263402   44.309769847    8.473526363   24.756779724
    1.047197551    1.396263402   46.990834499   22.298625279   22.830687436
    1.221730476    1.396263402   52.031961576   34.847719112   19.407858487
    1.396263402    1.396263402   58.872891449   42.445746908   15.152599102
    1.570796327    1.396263402   66.433630073   42.881905270   10.700390192
    1.745329252    1.396263402   73.414092267   35.921391589    6.450701766
    1.919862177    1.396263402   78.620340707   22.862754005    2.541295260
    2.094395102    1.396263402   81.169373063    5.838170192   -1.048367129
    2.268928028    1.396263402   80.564248806  -12.907816278   -4.341398032
    2.443460953    1.396263402   76.683268424  -31.363421133   -7.269686604
    2.617993878    1.396263402   69.753488901  -47.537363192   -9.656609942
    2.792526803    1.396263402   60.368583659  -59.093198132  -11.267630926
    2.967059728    1.396263402   49.535850566  -63.777707861  -11.920580230

   -3.141592654    1.745329252   32.234739313  -58.834807616  -17.869234754
   -2.967059728    1.745329252   23.017574497  -45.886450410  -16.890278756
   -2.792526803    1.745329252   16.418074332  -29.592972585  -15.139324012
   -2.617993878    1.745329252   12.605845673  -14.734748331  -12.962054820
   -2.443460953    1.745329252   10.947603194   -5.409886622  -10.647557454
   -2.268928028    1.745329252   10.291966182   -3.269710729   -8.339015690
   -2.094395102    1.745329252    9.460107604   -6.976597570   -6.030812073
   -1.919862177    1.745329252    7.728103935  -12.861635521   -3.671002182
   -1.745329252    1.745329252    5.111039540  -16.390700246   -1.303737733
   -1.570796327    1.745329252    2.360915465  -13.949163864    0.865214882
   -1.396263402    1.745329252    0.671538452   -4.274057122    2.543670212
   -1.221730476    1.745329252    1.204151274   10.966122848    3.547027349
   -1.047197551    1.745329252    4.609615019   27.879121041    3.967854642
   -0.872664626    1.745329252   10.782291744   41.967075139    4.185688364
   -0.698131701    1.745329252   18.918885576   49.987827756    4.702677187
   -0.523598776    1.745329252   27.828636635   50.852988590    5.915706617
   -0.349065850    1.745329252   36.307450284   45.297101590    7.956633782
   -0.174532925    1.745329252   43.381996114   35.069745206   10.676110532
    0.000000000    1.745329252   48.418660464   22.349416499   13.702064011
    0.174532925    1.745329252   51.186673311    9.485005104   16.520183819
    0.349065850    1.745329252   51.889685869   -0.891015752   18.545840901
    0.523598776    1.745329252   51.187895354   -6.223734985   19.235308571
    0.698131701    1.745329252   50.123715783   -4.943570764   18.250002886
    0.872664626    1.745329252   49.864138457    2.792236220   15.626427431
    1.047197551    1.745329252   51.362516649   14.692409318   11.831504690
    1.221730476    1.745329252   55.025979255   26.909884798    7.610317495
    1.396263402    1.745329252   60.543021976   35.341619559    3.673418974
    1.570796327    1.745329252   66.968108819   36.956445970    0.412463636
    1.745329252    1.745329252   72.992151990   30.782199010   -2.202277167
    1.919862177    1.745329252   77.318644916   17.807006916   -4.488576172
    2.094395102    1.745329252   78.950977303    0.345586484   -6.811579047
    2.268928028    1.745329252   77.341513466  -18.877361266   -9.363328597
    2.443460953    1.745329252   72.408646717  -37.324140516  -12.076511085
    2.617993878    1.745329252   64.498134642  -52.644212192  -14.655590003
    2.792526803    1.745329252   54.360492940  -62.462378455  -16.690409782
    2.967059728    1.745329252   43.138208094  -64.798110781  -17.823306731

   -3.141592654    2.094395102   25.051815830  -58.408890541  -19.368948257
   -2.967059728    2.094395102   16.083009213  -43.549687060  -18.357609513
   -2.792526803    2.094395102   10.014934774  -25.963145962  -16.497092318
   -2.617993878    2.094395102    6.899695689  -10.480793706  -14.110517265
   -2.443460953    2.094395102    6.002236506   -0.999282984  -11.459996057
   -2.268928028    2.094395102    6.118274314    1.162586516   -8.654182237
   -2.094395102    2.094395102    6.068646513   -2.424323821   -5.648535829
   -1.919862177    2.094395102    5.149114791   -8.113234474   -2.364841243
   -1.745329252    2.094395102    3.367543495  -11.626354180    1.144253332
   -1.570796327    2.094395102    1.419013723   -9.623165003    4.610010241
   -1.396263402    2.094395102    0.412658009   -0.842166062    7.622515900
   -1.221730476    2.094395102    1.456561403   13.407218820    9.844374645
   -1.047197551    2.094395102    5.230488532   29.761727417   11.209817513
   -0.872664626    2.094395102   11.739269786   44.071642874   11.962146203
   -0.698131701    2.094395102   20.317468579   53.040007395   12.499534312
   -0.523598776    2.094395102   29.867919501   55.138681900   13.147747210
   -0.349065850    2.094395102   39.187210847   50.547903841   13.994544718
   -0.174532925    2.094395102   47.210227707   40.527231883   14.876900145
    0.000000000    2.094395102   53.142147918   26.955641872   15.448959119
    0.174532925    2.094395102   56.556108742   12.084993817   15.282428484
    0.349065850    2.094395102   57.462496916   -1.300600234   13.977704129
    0.523598776    2.094395102   56.383093939  -10.162976826   11.308186757
    0.698131701    2.094395102   54.337595698  -12.111240128    7.375070425
    0.872664626    2.094395102   52.628477463   -6.373668172    2.691352240
    1.047197551    2.094395102   52.484067031    5.352863239   -1.922286843
    1.221730476    2.094395102   54.631091467   19.105083497   -5.640095090
    1.396263402    2.094395102   58.992702635   29.965357870   -7.985931848
    1.570796327    2.094395102   64.683381292   33.799432608   -9.028127257
    1.745329252    2.094395102   70.277216589   28.802059326   -9.303082441
    1.919862177    2.094395102   74.266806761   15.735491130   -9.527216346
    2.094395102    2.094395102   75.458625673   -2.718253173  -10.276965174
    2.268928028    2.094395102   73.205895352  -23.152357236  -11.783086098
    2.443460953    2.094395102   67.450718401  -42.341421796  -13.902430297
    2.617993878    2.094395102   58.663896747  -57.481575935  -16.211905225
    2.792526803    2.094395102   47.770310953  -66.122095008  -18.170312957
    2.967059728    2.094395102   36.068670796  -66.537802998  -19.309963443

   -3.141592654    2.443460953   18.558147770  -58.161200414  -13.458121478
   -2.967059728    2.443460953    9.794567846  -41.498327555  -12.303744927
   -2.792526803    2.443460953    4.215224156  -22.501074576  -10.534670613
   -2.617993878    2.443460953    1.794194213   -6.058677884   -8.383951631
   -2.443460953    2.443460953    1.728665595    4.076582753   -6.001992733
   -2.268928028    2.443460953    2.781998646    6.831655398   -3.391259916
   -2.094395102    2.443460953    3.780401420    3.929366665   -0.421687018
   -1.919862177    2.443460953    4.032024111   -1.071824712    3.046657256
   -1.745329252    2.443460953    3.519511755   -4.214953467    6.996837041
   -1.570796327    2.443460953    2.850732789   -2.507260776   11.149929151
   -1.396263402    2.443460953    3.005550859    5.224434588   15.011161129
   -1.221730476    2.443460953    4.980220375   17.958838008   18.063126135
   -1.047197551    2.443460953    9.416625045   32.844803380   19.987087322
   -0.872664626    2.443460953   16.366829865   46.135725623   20.766536875
   -0.698131701    2.443460953   25.254411701   54.591460584   20.615502031
   -0.523598776    2.443460953   35.049164015   56.381096598   19.806811178
   -0.349065850    2.443460953   44.546207046   51.268287383   18.507956740
   -0.174532925    2.443460953   52.610225251   40.160937408   16.728250812
    0.000000000    2.443460953   58.331542376   24.783253985   14.341048073
    0.174532925    2.443460953   61.161137306    7.470453261   11.158788809
    0.349065850    2.443460953   61.024568846   -8.638132437    7.048557079
    0.523598776    2.443460953   58.446836284  -19.863286389    2.077706247
    0.698131701    2.443460953   54.580323076  -23.009783191   -3.366406944
    0.872664626    2.443460953   50.991571938  -16.679780651   -8.567759955
    1.047197551    2.443460953   49.236476531   -2.522870415  -12.674059453
    1.221730476    2.443460953   50.311569552   14.800315423  -15.033253351
    1.396263402    2.443460953   54.239194965   29.192241616  -15.486259836
    1.570796327    2.443460953   60.024725547   35.407233130  -14.445331703
    1.745329252    2.443460953   65.982472493   31.078682128  -12.702418334
    1.919862177    2.443460953   70.309629808   17.117461175  -11.100961151
    2.094395102    2.443460953   71.591712205   -3.138866685  -10.237011990
    2.268928028    2.443460953   69.095276361  -25.469235457  -10.313805805
    2.443460953    2.443460953   62.809876541  -45.954292692  -11.160594568
    2.617993878    2.443460953   53.350087675  -61.389922142  -12.352963548
    2.792526803    2.443460953   41.824978580  -69.288649629  -13.379992615
    2.967059728    2.443460953   29.696210223  -68.173351361  -13.821852629

   -3.141592654    2.792526803   15.608350512  -57.003667320   -0.496851981
   -2.967059728    2.792526803    7.120487162  -39.540189847    1.144635946
   -2.792526803    2.792526803    1.937255081  -19.962176250    2.837552428
   -2.617993878    2.792526803    0.000000000   -3.062314087    4.485646564
   -2.443460953    2.792526803    0.501720656    7.606725158    6.133220268
   -2.268928028    2.792526803    2.237344252   11.174261262    7.960627254
   -2.094395102    2.792526803    4.090587098    9.431174437   10.216099766
   -1.919862177    2.792526803    5.418920403    5.763320087   13.084336392
   -1.745329252    2.792526803    6.201867619    3.708873439   16.547347758
   -1.570796327    2.792526803    6.960526115    5.760481802   20.301561565
   -1.396263402    2.792526803    8.512285385   12.773173983   23.805971550
   -1.221730476    2.792526803   11.666109724   23.774722076   26.454070698
   -1.047197551    2.792526803   16.917120931   36.302069117   27.790566979
   -0.872664626    2.792526803   24.251885247   47.099615203   27.645805710
   -0.698131701    2.792526803   33.103310142   53.265017046   26.128081384
   -0.523598776    2.792526803   42.486515900   53.027777661   23.506729641
   -0.349065850    2.792526803   51.234531169   46.051064713   20.063630080
   -0.174532925    2.792526803   58.228055342   33.110756483   16.009942264
    0.000000000    2.792526803   62.558687977   15.901930843   11.462393805
    0.174532925    2.792526803   63.687469738   -3.094758847    6.472474385
    0.349065850    2.792526803   61.591798876  -20.399713246    1.119198490
    0.523598776    2.792526803   56.923294544  -31.848573534   -4.373744957
    0.698131701    2.792526803   51.047158081  -33.773272818   -9.557021759
    0.872664626    2.792526803   45.802509451  -24.627140551  -13.792287588
    1.047197551    2.792526803   42.996884296   -6.474252979  -16.456736761
    1.221730476    2.792526803   43.756303724   15.090679508  -17.219422830
    1.396263402    2.792526803   48.049045866   32.872065393  -16.209960084
    1.570796327    2.792526803   54.657443266   40.866288865  -13.978963899
    1.745329252    2.792526803   61.592871791   36.560079267  -11.262891849
    1.919862177    2.792526803   66.777177614   21.302371892   -8.718118002
    2.094395102    2.792526803   68.627430815   -0.840824397   -6.734337155
    2.268928028    2.792526803   66.371500382  -24.940140291   -5.392976000
    2.443460953    2.792526803   60.066580201  -46.580115147   -4.528526608
    2.617993878    2.792526803   50.455749971  -62.357432705   -3.845019194
    2.792526803    2.792526803   38.786324361  -69.880153676   -3.040536936
    2.967059728    2.792526803   26.623073481  -67.946090341   -1.931016270
