#! FIELDS phi psi file.free der_phi der_psi
#! SET min_phi -pi
#! SET max_phi pi
#! SET nbins_phi  36
#! SET periodic_phi true
#! SET min_psi -pi
#! SET max_psi pi
#! SET nbins_psi  18
#! SET periodic_psi true
   -3.141592654   -3.141592654   17.457536542  -53.280941863   16.663126123
   -2.967059728   -3.141592654    9.621950749  -35.878717296   18.880425830
   -2.792526803   -3.141592654    5.042630825  -16.769080842   20.329565454
   -2.617993878   -3.141592654    3.611979749   -0.444628692   21.069617537
   -2.443460953   -3.141592654    4.539660712    9.931702535   21.389898814
   -2.268928028   -3.141592654    6.697285062   13.781959633   21.731387549
   -2.094395102   -3.141592654    9.077202985   12.944679438   22.537830248
   -1.919862177   -3.141592654   11.129547532   10.582077440   24.095335351
   -1.745329252   -3.141592654   12.867558613    9.772917415   26.409671529
   -1.570796327   -3.141592654   14.754587805   12.478239910   29.157173326
   -1.396263402   -3.141592654   17.464363719   19.123917279   31.753916695
   -1.221730476   -3.141592654   21.609133820   28.588486472   33.516460560
   -1.047197551   -3.141592654   27.491458347   38.591416024   33.874359204
   -0.872664626   -3.141592654   34.961727232   46.315712696   32.522671327
   -0.698131701   -3.141592654   43.400484985   49.350357189   29.469952414
   -0.523598776   -3.141592654   51.847977938   46.290277412   24.974526735
   -0.349065850   -3.141592654   59.208029314   36.961638130   19.425761851
   -0.174532925   -3.141592654   64.442909662   22.121648144   13.257432465
    0.000000000   -3.141592654   66.718626686    3.404832619    6.894655108
    0.174532925   -3.141592654   65.567612543  -16.630934332    0.723640737
    0.349065850   -3.141592654   61.070074858  -34.229288447   -4.896407204
    0.523598776   -3.141592654   54.042360199  -44.830088247   -9.617870804
    0.698131701   -3.141592654   46.076376106  -44.490169553  -13.106258854
    0.872664626   -3.141592654   39.255346269  -31.784507943  -15.087931168
    1.047197551   -3.141592654   35.567895872   -9.363980439  -15.460923826
    1.221730476   -3.141592654   36.192187393   16.356347195  -14.389459653
    1.396263402   -3.141592654   41.011582067   37.469013004  -12.277556662
    1.570796327   -3.141592654   48.627866359   47.613653316   -9.627079731
    1.745329252   -3.141592654   56.838635148   44.229803206   -6.839544217
    1.919862177   -3.141592654   63.360703784   28.796581049   -4.108370516
    2.094395102   -3.141592654   66.439678146    5.633842285   -1.422941106
    2.268928028   -3.141592654   65.190247875  -19.910305252    1.329542052
    2.443460953   -3.141592654   59.643434750  -42.864634746    4.256937644
    2.617993878   -3.141592654   50.608514859  -59.358358483    7.387584416
    2.792526803   -3.141592654   39.453583955  -66.894731529   10.643919467
    2.967059728   -3.141592654   27.845936764  -64.562445400   13.828069107

   -3.141592654   -2.792526803   24.913781055  -48.664500420   24.756330518
   -2.967059728   -2.792526803   17.718654707  -33.189324194   26.809872269
   -2.792526803   -2.792526803   13.442021346  -15.942704284   27.808049286
   -2.617993878   -2.792526803   12.028177241   -0.958538400   27.973266567
   -2.443460953   -2.792526803   12.811549124    8.951485057   27.742905546
   -2.268928028   -2.792526803   14.828861596   13.306775978   27.636904082
   -2.094395102   -2.792526803   17.230341840   13.768451542   28.077929574
   -1.919862177   -2.792526803   19.570935714   13.084022533   29.242147864
   -1.745329252   -2.792526803   21.881912075   13.754590236   30.988690291
   -1.570796327   -2.792526803   24.537923485   17.132650649   32.872006221
   -1.396263402   -2.792526803   28.027148095   23.165291817   34.255771766
   -1.221730476   -2.792526803   32.716510902   30.567222359   34.480145131
   -1.047197551   -2.792526803   38.671492641   37.297137257   33.063221706
   -0.872664626   -2.792526803   45.579255271   41.131191220   29.834073451
   -0.698131701   -2.792526803   52.775541697   40.387875165   24.967704824
   -0.523598776   -2.792526803   59.379395437   34.303498623   18.906842903
   -0.349065850   -2.792526803   64.467512742   23.141284300   12.221944429
   -0.174532925   -2.792526803   67.229960774    7.854937534    5.491361175
    0.000000000   -2.792526803   67.075599231   -9.958064007   -0.770811965
    0.174532925   -2.792526803   63.756565523  -27.937255030   -6.158364749
    0.349065850   -2.792526803   57.527464260  -42.647649757  -10.367640321
    0.523598776   -2.792526803   49.317904869  -49.902974112  -13.198449457
    0.698131701   -2.792526803   40.765445300  -46.149796423  -14.564395109
    0.872664626   -2.792526803   33.928688280  -30.382653280  -14.516549437
    1.047197551   -2.792526803   30.699861016   -5.649087200  -13.279626407
    1.221730476   -2.792526803   32.102293445   21.401929132  -11.231741221
    1.396263402   -2.792526803   37.848471697   42.918357591   -8.789995748
    1.570796327   -2.792526803   46.406713161   52.914765397   -6.260088989
    1.745329252   -2.792526803   55.521606973   49.319049976   -3.724512986
    1.919862177   -2.792526803   62.934805504   33.989344021   -1.063000961
    2.094395102   -2.792526803   66.959845817   11.336740752    1.932567064
    2.268928028   -2.792526803   66.770116840  -13.461790274    5.410548903
    2.443460953   -2.792526803   62.412033832  -35.740819180    9.364439492
    2.617993878   -2.792526803   54.655025030  -51.925030875   13.614234360
    2.792526803   -2.792526803   44.783405036  -59.744887080   17.849805773
    2.967059728   -2.792526803   34.350989481  -58.375551680   21.687258196

   -3.141592654   -2.443460953   33.455785874  -43.908457444   23.024517677
   -2.967059728   -2.443460953   26.917611828  -30.424623967   24.743720098
   -2.792526803   -2.443460953   22.963069293  -14.942213083   25.567321499
   -2.617993878   -2.443460953   21.614088684   -1.082617323   25.700128106
   -2.443460953   -2.443460953   22.341837548    8.589040730   25.478600445
   -2.268928028   -2.443460953   24.336965202   13.529666899   25.272574185
   -2.094395102   -2.443460953   26.865928535   15.041203682   25.353346504
   -1.919862177   -2.443460953   29.518811055   15.332787472   25.784045608
   -1.745329252   -2.443460953   32.263905507   16.334613631   26.382572727
   -1.570796327   -2.443460953   35.322831456   18.975693702   26.753365493
   -1.396263402   -2.443460953   38.979173370   23.043025423   26.404255937
   -1.221730476   -2.443460953   43.395987062   27.442399234   24.887920317
   -1.047197551   -2.443460953   48.499266355   30.643172628   21.956407304
   -0.872664626   -2.443460953   53.944858048   31.128741225   17.640201061
   -0.698131701   -2.443460953   59.159283524   27.876367242   12.245412394
   -0.523598776   -2.443460953   63.450221875   20.552269175    6.264268084
   -0.349065850   -2.443460953   66.130738858    9.536062237    0.247620938
   -0.174532925   -2.443460953   66.622847821   -4.360591720   -5.299900637
    0.000000000   -2.443460953   64.526117016  -19.874832010   -9.976142241
    0.174532925   -2.443460953   59.717221575  -35.027806469  -13.518656493
    0.349065850   -2.443460953   52.510368721  -46.748284852  -15.795839658
    0.523598776   -2.443460953   43.837819095  -51.139816071  -16.799394453
    0.698131701   -2.443460953   35.294709894  -44.869287118  -16.629877227
    0.872664626   -2.443460953   28.860820355  -27.140250821  -15.482269021
    1.047197551   -2.443460953   26.316457998   -1.165663532  -13.637969321
    1.221730476   -2.443460953   28.554252597   26.384289671  -11.417932136
    1.396263402   -2.443460953   35.171483401   47.858246844   -9.085717096
    1.570796327   -2.443460953   44.574383499   57.667698736   -6.756416146
    1.745329252   -2.443460953   54.519150649   54.140917283   -4.360581684
    1.919862177   -2.443460953   62.814387110   39.349491988   -1.713991632
    2.094395102   -2.443460953   67.853233579   17.633348018    1.365180095
    2.268928028   -2.443460953   68.854750236   -6.132175494    4.941308442
    2.443460953   -2.443460953   65.850068407  -27.646926108    8.912345265
    2.617993878   -2.443460953   59.533484890  -43.630693967   13.029324335
    2.792526803   -2.443460953   51.075528642  -51.976647766   16.965180592
    2.967059728   -2.443460953   41.902024393  -51.847591864   20.386971375

   -3.141592654   -2.094395102   39.902537464  -40.122010633   14.174283447
   -2.967059728   -2.094395102   33.901965152  -28.051711968   15.248099881
   -2.792526803   -2.094395102   30.247900372  -13.829195080   15.844977941
   -2.617993878   -2.094395102   29.008656390   -0.864712496   16.076998890
   -2.443460953   -2.094395102   29.732424638    8.407950199   16.077120357
   -2.268928028   -2.094395102   31.693974030   13.383113334   15.969467318
   -2.094395102   -2.094395102   34.215032318   15.094300178   15.817032735
   -1.919862177   -2.094395102   36.881036024   15.362956712   15.570435932
   -1.745329252   -2.094395102   39.588027011   15.747721454   15.056770694
   -1.570796327   -2.094395102   42.433380015   16.988391730   14.012335074
   -1.396263402   -2.094395102   45.566206336   18.936674061   12.176586329
   -1.221730476   -2.094395102   49.049049792   20.833166205    9.389388874
   -1.047197551   -2.094395102   52.784047482   21.648459560    5.682604675
   -0.872664626   -2.094395102   56.495559660   20.406249859    1.298236931
   -0.698131701   -2.094395102   59.761299751   16.470685748   -3.361098242
   -0.523598776   -2.094395102   62.087600922    9.648805915   -7.835925610
   -0.349065850   -2.094395102   62.986393880    0.182445903  -11.723264385
   -0.174532925   -2.094395102   62.036092135  -11.439772339  -14.757244715
    0.000000000   -2.094395102   58.926357254  -24.385923586  -16.831161130
    0.174532925   -2.094395102   53.548471552  -37.074038904  -17.992627940
    0.349065850   -2.094395102   46.171942719  -46.715265723  -18.387013626
    0.523598776   -2.094395102   37.649786369  -49.528571318  -18.193975259
    0.698131701   -2.094395102   29.489750110  -42.157028916  -17.564433710
    0.872664626   -2.094395102   23.593654830  -23.744918308  -16.586717436
    1.047197551   -2.094395102   21.675528668    2.567114214  -15.301882111
    1.221730476   -2.094395102   24.576078508   30.219484101  -13.734208210
    1.396263402   -2.094395102   31.865889596   51.733677916  -11.895891934
    1.570796327   -2.094395102   41.958490187   61.731610106   -9.785287030
    1.745329252   -2.094395102   52.649838302   58.674494253   -7.382454453
    1.919862177   -2.094395102   61.798074171   44.613781428   -4.674820635
    2.094395102   -2.094395102   67.828352510   23.714886518   -1.688714030
    2.268928028   -2.094395102   69.953750647    0.609478406    1.483242888
    2.443460953   -2.094395102   68.158713541  -20.610210188    4.682151780
    2.617993878   -2.094395102   63.062220462  -36.775101492    7.711409581
    2.792526803   -2.094395102   55.750006910  -45.788882342   10.382452606
    2.967059728   -2.094395102   47.569504290  -46.734269834   12.559153036

   -3.141592654   -1.745329252   42.147052309  -38.615559436    5.580946654
   -2.967059728   -1.745329252   36.375125043  -26.921858160    6.112596584
   -2.792526803   -1.745329252   32.893408486  -12.980351210    6.493909418
   -2.617993878   -1.745329252   31.777686887   -0.309284696    6.710425474
   -2.443460953   -1.745329252   32.567375767    8.589879006    6.688425112
   -2.268928028   -1.745329252   34.518263539   13.052531702    6.323961723
   -2.094395102   -1.745329252   36.921170423   14.025132140    5.501941354
   -1.919862177   -1.745329252   39.312455699   13.221885546    4.110799105
   -1.745329252   -1.745329252   41.523215240   12.137158981    2.072446600
   -1.570796327   -1.745329252   43.585999530   11.602691262   -0.617139658
   -1.396263402   -1.745329252   45.619049630   11.751172048   -3.842216416
   -1.221730476   -1.745329252   47.716700513   12.258837171   -7.370466241
   -1.047197551   -1.745329252   49.892232724   12.526022152  -10.890599414
   -0.872664626   -1.745329252   52.044175763   11.849663343  -14.082332673
   -0.698131701   -1.745329252   53.946339951    9.567513986  -16.673925884
   -0.523598776   -1.745329252   55.271260486    5.173119440  -18.476773653
   -0.349065850   -1.745329252   55.623398390   -1.602556300  -19.403851543
   -0.174532925   -1.745329252   54.580229895  -10.796400258  -19.489574302
    0.000000000   -1.745329252   51.746556385  -22.005407343  -18.901825878
    0.174532925   -1.745329252   46.869847185  -33.862982595  -17.934339545
    0.349065850   -1.745329252   40.060740556  -43.548602125  -16.932525471
    0.523598776   -1.745329252   32.041425568  -46.996420231  -16.177276952
    0.698131701   -1.745329252   24.253632469  -40.409618928  -15.769428530
    0.872664626   -1.745329252   18.610307687  -22.524849193  -15.586158712
    1.047197551   -1.745329252   16.894655438    3.750307949  -15.347229969
    1.221730476   -1.745329252   20.036731675   31.868638540  -14.750677280
    1.396263402   -1.745329252   27.682255477   54.189558877  -13.587657946
    1.570796327   -1.745329252   38.284411168   65.104113053  -11.808514683
    1.745329252   -1.745329252   49.639026680   62.859714752   -9.511688977
    1.919862177   -1.745329252   59.571196965   49.349367766   -6.897843300
    2.094395102   -1.745329252   66.451882959   28.653964961   -4.204450975
    2.268928028   -1.745329252   69.430915337    5.386362036   -1.652627424
    2.443460953   -1.745329252   68.431766775  -16.319684428    0.589734052
    2.617993878   -1.745329252   64.024352814  -33.199352252    2.425537481
    2.792526803   -1.745329252   57.266913962  -43.012434735    3.831076285
    2.967059728   -1.745329252   49.506964327  -44.687629165    4.854611495

   -3.141592654   -1.396263402   41.487969481  -38.503955840    1.274486338
   -2.967059728   -1.396263402   35.748640068  -26.661970861    1.164726133
   -2.792526803   -1.396263402   32.321059422  -12.663540171    1.008418759
   -2.617993878   -1.396263402   31.242984229   -0.268040797    0.771259750
   -2.443460953   -1.396263402   31.983074660    7.901094982    0.326806561
   -2.268928028   -1.396263402   33.716490160   11.183337256   -0.515868940
   -2.094395102   -1.396263402   35.663815800   10.631244530   -1.975597804
   -1.919862177   -1.396263402   37.316927512    8.152934331   -4.233370823
   -1.745329252   -1.396263402   38.504054246    5.524804301   -7.342081752
   -1.570796327   -1.396263402   39.311519577    3.946107743  -11.141450142
   -1.396263402   -1.396263402   39.976561183    3.895641410  -15.236431685
   -1.221730476   -1.396263402   40.761066025    5.242735605  -19.083209826
   -1.047197551   -1.396263402   41.856919879    7.307320540  -22.144218126
   -0.872664626   -1.396263402   43.304935322    9.071852791  -24.034632186
   -0.698131701   -1.396263402   44.952744717    9.426780151  -24.592849907
   -0.523598776   -1.396263402   46.470107534    7.454231108  -23.870428234
   -0.349065850   -1.396263402   47.393704589    2.556484667  -22.090060965
   -0.174532925   -1.396263402   47.184678479   -5.540474333  -19.609800969
    0.000000000   -1.396263402   45.295969114  -16.601400709  -16.889054866
    0.174532925   -1.396263402   41.302654439  -29.303356169  -14.424813555
    0.349065850   -1.396263402   35.153758020  -40.648398318  -12.632907316
    0.523598776   -1.396263402   27.465642226  -46.113518499  -11.714930167
    0.698131701   -1.396263402   19.672758255  -41.255470118  -11.577327702
    0.872664626   -1.396263402   13.792139133  -24.224210796  -11.864213846
    1.047197551   -1.396263402   11.789734767    2.341195142  -12.102914434
    1.221730476   -1.396263402   14.787858391   31.749546838  -11.890921639
    1.396263402   -1.396263402   22.567466776   55.869034344  -11.020281749
    1.570796327   -1.396263402   33.617382358   68.483506069   -9.509947179
    1.745329252   -1.396263402   45.670680331   67.352319887   -7.550936145
    1.919862177   -1.396263402   56.426023011   54.143401084   -5.415831506
    2.094395102   -1.396263402   64.114085601   32.996551184   -3.371890835
    2.268928028   -1.396263402   67.773329782    8.777190145   -1.623199665
    2.443460953   -1.396263402   67.267303682  -14.063577434   -0.284939193
    2.617993878   -1.396263402   63.159966118  -31.982429428    0.614240628
    2.792526803   -1.396263402   56.545091768  -42.537118328    1.110061658
    2.967059728   -1.396263402   48.832412293  -44.572857072    1.293724583

   -3.141592654   -1.047197551   39.001068594  -40.533962212    2.231488330
   -2.967059728   -1.047197551   32.941574249  -28.270236240    1.095822159
   -2.792526803   -1.047197551   29.279388420  -13.753466113   -0.224034424
   -2.617993878   -1.047197551   28.044184301   -1.039690659   -1.641245542
   -2.443460953   -1.047197551   28.645096537    6.983165448   -3.163478237
   -2.268928028   -1.047197551   30.160079450    9.490799590   -4.916488324
   -2.094395102   -1.047197551   31.698665349    7.554836936   -7.122705156
   -1.919862177   -1.047197551   32.665359055    3.338474910   -9.995494880
   -1.745329252   -1.047197551   32.866785659   -0.883421502  -13.580030133
   -1.570796327   -1.047197551   32.468451409   -3.286331357  -17.616973236
   -1.396263402   -1.047197551   31.889240547   -2.893587040  -21.541086001
   -1.221730476   -1.047197551   31.630498017    0.292537293  -24.642190644
   -1.047197551   -1.047197551   32.104264918    5.255767535  -26.319961046
   -0.872664626   -1.047197551   33.483103225   10.336079407  -26.280775361
   -0.698131701   -1.047197551   35.625990001   13.734560590  -24.594748525
   -0.523598776   -1.047197551   38.106333716   14.012567108  -21.622782301
   -0.349065850   -1.047197551   40.291214371   10.250026895  -17.891627023
   -0.174532925   -1.047197551   41.433114732    2.031449745  -13.982601030
    0.000000000   -1.047197551   40.765484993  -10.374330521  -10.442050263
    0.174532925   -1.047197551   37.668740669  -25.381793520   -7.679930126
    0.349065850   -1.047197551   31.967319464  -39.455791604   -5.877008017
    0.523598776   -1.047197551   24.266415378  -47.345170610   -4.942103978
    0.698131701   -1.047197551   16.116575723  -43.916588681   -4.565588701
    0.872664626   -1.047197551    9.746101652  -26.958004013   -4.361500408
    1.047197551   -1.047197551    7.354381793    0.770734305   -4.025145601
    1.221730476   -1.047197551   10.237719451   32.055369439   -3.420685968
    1.396263402   -1.047197551   18.241769877   58.076186841   -2.562248800
    1.570796327   -1.047197551   29.806269202   72.038178896   -1.538693330
    1.745329252   -1.047197551   42.536879435   71.402037138   -0.446424659
    1.919862177   -1.047197551   53.978897514   57.828352142    0.639087418
    2.094395102   -1.047197551   62.229747365   35.677694345    1.653762263
    2.268928028   -1.047197551   66.243803005   10.136914910    2.529619668
    2.443460953   -1.047197551   65.856958207  -14.031271029    3.187747907
    2.617993878   -1.047197551   61.654156160  -33.061701477    3.543650810
    2.792526803   -1.047197551   54.780080428  -44.361799800    3.516096812
    2.967059728   -1.047197551   46.715682812  -46.717850798    3.070611818

   -3.141592654   -0.698131701   38.542145927  -44.317291525    2.238191113
   -2.967059728   -0.698131701   31.785732910  -32.405389623    0.107313428
   -2.792526803   -0.698131701   27.399300726  -17.860244762   -2.254882592
   -2.617993878   -0.698131701   25.466866443   -4.910599135   -4.646338469
   -2.443460953   -0.698131701   25.408403631    3.257670003   -6.975582720
   -2.268928028   -0.698131701   26.258172527    5.511696454   -9.314869381
   -2.094395102   -0.698131701   27.041603858    2.803775796  -11.868323879
   -1.919862177   -0.698131701   27.087113313   -2.474950607  -14.827126867
   -1.745329252   -0.698131701   26.197310250   -7.464768145  -18.175069911
   -1.570796327   -0.698131701   24.650992409   -9.644705484  -21.551352037
   -1.396263402   -0.698131701   23.083318451   -7.612403436  -24.300629667
   -1.221730476   -0.698131701   22.241833555   -1.491064195  -25.703247554
   -1.047197551   -0.698131701   22.714164955    7.061462918  -25.287680690
   -0.872664626   -0.698131701   24.712690127   15.527066215  -23.025105365
   -0.698131701   -0.698131701   27.994024897   21.385439766  -19.326909401
   -0.523598776   -0.698131701   31.930796296   22.812364205  -14.876584291
   -0.349065850   -0.698131701   35.650935712   18.820961220  -10.405898396
   -0.174532925   -0.698131701   38.180369428    9.182684636   -6.514609152
    0.000000000   -0.698131701   38.576101606   -5.431552546   -3.556268809
    0.174532925   -0.698131701   36.128581305  -22.867609604   -1.563007677
    0.349065850   -0.698131701   30.680748307  -38.946969678   -0.264889686
    0.523598776   -0.698131701   22.960209948  -47.907481920    0.785052652
    0.698131701   -0.698131701   14.700162892  -44.461091776    1.992617739
    0.872664626   -0.698131701    8.300447218  -26.669184706    3.513909029
    1.047197551   -0.698131701    6.056897956    2.163930369    5.187733916
    1.221730476   -0.698131701    9.265638470   34.309449850    6.660644350
    1.396263402   -0.698131701   17.702678570   60.688655437    7.612799571
    1.570796327   -0.698131701   29.719293789   74.535547077    7.935714669
    1.745329252   -0.698131701   42.853604847   73.497897387    7.754995913
    1.919862177   -0.698131701   54.617092576   59.408848054    7.324730403
    2.094395102   -0.698131701   63.096000628   36.705447265    6.878185840
    2.268928028   -0.698131701   67.237757015   10.561954063    6.525325243
    2.443460953   -0.698131701   66.864415522  -14.318116360    6.228144694
    2.617993878   -0.698131701   62.538434346  -34.217551093    5.832225049
    2.792526803   -0.698131701   55.378954679  -46.488102380    5.125378909
    2.967059728   -0.698131701   46.859771946  -49.786093882    3.943746695

   -3.141592654   -0.349065850   39.112699318  -49.349624376    2.876120503
   -2.967059728   -0.349065850   31.408750233  -38.130144886    0.054945010
   -2.792526803   -0.349065850   26.005161768  -23.687929646   -3.004049676
   -2.617993878   -0.349065850   23.081727972  -10.385506927   -6.014568443
   -2.443460953   -0.349065850   22.109018136   -1.756238173   -8.812044560
   -2.268928028   -0.349065850   22.106198221    0.691496763  -11.418876721
   -2.094395102   -0.349065850   22.034522069   -2.232117931  -13.989787822
   -1.919862177   -0.349065850   21.167226293   -7.880919453  -16.640772832
   -1.745329252   -0.349065850   19.329649989  -12.780471603  -19.254916361
   -1.570796327   -0.349065850   16.940179805  -13.765226145  -21.393198677
   -1.396263402   -0.349065850   14.856892250   -9.177589270  -22.419767387
   -1.221730476   -0.349065850   14.041845268    0.478413451  -21.780357467
   -1.047197551   -0.349065850   15.180503499   12.657407256  -19.307428311
   -0.872664626   -0.349065850   18.413363286   23.855738763  -15.337847171
   -0.698131701   -0.349065850   23.277606514   30.900751514  -10.602508711
   -0.523598776   -0.349065850   28.856282992   31.839767996   -5.958468449
   -0.349065850   -0.349065850   34.007221644   26.006103274   -2.101538333
   -0.174532925   -0.349065850   37.571693125   13.789341733    0.617360143
    0.000000000   -0.349065850   38.544604088   -3.351081251    2.259480612
    0.174532925   -0.349065850   36.294600525  -22.493690463    3.273344109
    0.349065850   -0.349065850   30.859316617  -38.939897468    4.325732995
    0.523598776   -0.349065850   23.209799056  -46.921152096    6.026170043
    0.698131701   -0.349065850   15.269574174  -41.750413178    8.622910304
    0.872664626   -0.349065850    9.486343015  -22.447434534   11.831883534
    1.047197551   -0.349065850    8.040834720    6.864470161   14.938687393
    1.221730476   -0.349065850   12.017961229   38.212897746   17.145180530
    1.396263402   -0.349065850   20.998482932   62.923875030   17.948481088
    1.570796327   -0.349065850   33.244442467   74.966175430   17.342656247
    1.745329252   -0.349065850   46.329354856   72.619544120   15.746196194
    1.919862177   -0.349065850   57.878664053   57.957891971   13.754504015
    2.094395102   -0.349065850   66.098674845   35.259571183   11.875292841
    2.268928028   -0.349065850   70.005867662    9.319971861   10.366707065
    2.443460953   -0.349065850   69.420603196  -15.560996089    9.210702571
    2.617993878   -0.349065850   64.844688805  -35.937067039    8.177042892
    2.792526803   -0.349065850   57.307902073  -49.165010207    6.932920112
    2.967059728   -0.349065850   48.215315812  -53.688479148    5.201933696

   -3.141592654    0.000000000   40.385235604  -54.372307615    2.512382642
   -2.967059728    0.000000000   31.731545141  -43.893250192   -0.209948293
   -2.792526803    0.000000000   25.297977206  -29.620510711   -3.044502292
   -2.617993878    0.000000000   21.360905901  -16.006019882   -5.733198716
   -2.443460953    0.000000000   19.448753248   -6.900291253   -8.145531785
   -2.268928028    0.000000000   18.579795275   -4.127236118  -10.321680260
   -2.094395102    0.000000000   17.679057546   -6.929132810  -12.388341397
   -1.919862177    0.000000000   16.007528601  -12.332381608  -14.383595388
   -1.745329252    0.000000000   13.461075994  -16.281390129  -16.099730067
   -1.570796327    0.000000000   10.626164218  -15.157576954  -17.063311159
   -1.396263402    0.000000000    8.566760873   -7.359505008  -16.722219732
   -1.221730476    0.000000000    8.385379834    5.903089704  -14.736440818
   -1.047197551    0.000000000   10.744191922   21.011371150  -11.230901211
   -0.872664626    0.000000000   15.577538692   33.520266130   -6.816838350
   -0.698131701    0.000000000   22.100376837   39.913575858   -2.379235689
   -0.523598776    0.000000000   29.074728164   38.608580643    1.258892791
   -0.349065850    0.000000000   35.150203843   29.791089008    3.634879100
   -0.174532925    0.000000000   39.128882153   14.871290216    4.770031980
    0.000000000    0.000000000   40.136795270   -3.774776771    5.135092333
    0.174532925    0.000000000   37.805822539  -22.693935757    5.502230223
    0.349065850    0.000000000   32.481446987  -37.238062823    6.674191764
    0.523598776    0.000000000   25.372109761  -42.385062747    9.165333078
    0.698131701    0.000000000   18.458028245  -34.712211219   12.929668859
    0.872664626    0.000000000   14.015750248  -14.469448295   17.291049445
    1.047197551    0.000000000   13.889432577   13.648015336   21.182132777
    1.221730476    0.000000000   18.812255716   42.055139971   23.602528615
    1.396263402    0.000000000   28.150360385   63.182334945   24.034701639
    1.570796327    0.000000000   40.161826125   72.198932179   22.608808623
    1.745329252    0.000000000   52.591939998   68.132060672   19.950844304
    1.919862177    0.000000000   63.310804921   53.142838024   16.855806656
    2.094395102    0.000000000   70.736525648   31.084067777   13.974816002
    2.268928028    0.000000000   74.000078762    6.124846441   11.638429851
    2.443460953    0.000000000   72.928110681  -18.019127379    9.843387472
    2.617993878    0.000000000   67.944583170  -38.279319789    8.342456411
    2.792526803    0.000000000   59.959201975  -52.067441426    6.782513432
    2.967059728    0.000000000   50.272804841  -57.616262127    4.874854272

   -3.141592654    0.349065850   41.667620638  -58.794780121    1.603206786
   -2.967059728    0.349065850   32.189498280  -48.826192623   -0.155285781
   -2.792526803    0.349065850   24.887355050  -34.538382519   -1.867548911
   -2.617993878    0.349065850   20.127678536  -20.452555267   -3.423375900
   -2.443460953    0.349065850   17.494848292  -10.708699214   -4.801494616
   -2.268928028    0.349065850   16.009481433   -7.412381615   -6.077322584
   -2.094395102    0.349065850   14.568329414   -9.845091932   -7.339598154
   -1.919862177    0.349065850   12.426266251  -14.746277637   -8.563084976
   -1.745329252    0.349065850    9.541749381  -17.604242766   -9.523824117
   -1.570796327    0.349065850    6.632946663  -14.537067358   -9.834130007
   -1.396263402    0.349065850    4.901167291   -4.160503756   -9.124340318
   -1.221730476    0.349065850    5.503145811   11.590229394   -7.261176519
   -1.047197551    0.349065850    9.006399932   28.210332812   -4.492668580
   -0.872664626    0.349065850   15.115199262   40.654268504   -1.388073909
   -0.698131701    0.349065850   22.763002161   45.439747259    1.390244720
   -0.523598776    0.349065850   30.489851041   41.624956054    3.369387371
   -0.349065850    0.349065850   36.868731374   30.335816895    4.464654224
   -0.174532925    0.349065850   40.791195696   13.898249360    4.992082034
    0.000000000    0.349065850   41.610126051   -4.670673594    5.549244004
    0.174532925    0.349065850   39.258475144  -21.760959929    6.816427380
    0.349065850    0.349065850   34.358795734  -33.165007346    9.303961208
    0.523598776    0.349065850   28.264038337  -34.909439717   13.117982769
    0.698131701    0.349065850   22.881063267  -24.950688432   17.824893218
    0.872664626    0.349065850   20.185896841   -4.645453896   22.510187991
    1.047197551    0.349065850   21.595772712   21.051331606   26.086136780
    1.221730476    0.349065850   27.463680179   45.304206388   27.718438081
    1.396263402    0.349065850   36.970392878   61.936629316   27.133278523
    1.570796327    0.349065850   48.436594317   67.448606063   24.669849801
    1.745329252    0.349065850   59.854643953   61.593038395   21.066430258
    1.919862177    0.349065850   69.401551015   46.501022851   17.142366465
    2.094395102    0.349065850   75.745817994   25.456715989   13.533657887
    2.268928028    0.349065850   78.148337027    1.887570683   10.566259018
    2.443460953    0.349065850   76.442047132  -21.135495255    8.268245994
    2.617993878    0.349065850   70.966915557  -40.927137297    6.459901541
    2.792526803    0.349065850   62.508192917  -54.948828903    4.874562160
    2.967059728    0.349065850   52.258315539  -61.214651236    3.288424252

   -3.141592654    0.698131701   43.206386135  -61.111291504   -0.445097629
   -2.967059728    0.698131701   33.291935131  -51.465557658   -0.975375610
   -2.792526803    0.698131701   25.516192005  -37.273660615   -1.269905553
   -2.617993878    0.698131701   20.286559495  -23.068811154   -1.401212019
   -2.443460953    0.698131701   17.214305718  -13.121420140   -1.482781874
   -2.268928028    0.698131701   15.324136405   -9.641954160   -1.643527960
   -2.094395102    0.698131701   13.509648240  -11.878630742   -1.965733665
   -1.919862177    0.698131701   11.042758522  -16.377938553   -2.424654273
   -1.745329252    0.698131701    7.938226730  -18.405134424   -2.874306989
   -1.570796327    0.698131701    4.996978568  -14.040073172   -3.096889159
   -1.396263402    0.698131701    3.482772855   -2.164581023   -2.915548424
   -1.221730476    0.698131701    4.545455700   14.776412928   -2.291081083
   -1.047197551    0.698131701    8.653939676   31.800924992   -1.355250656
   -0.872664626    0.698131701   15.354056479   43.688742339   -0.337602561
   -0.698131701    0.698131701   23.430449608   47.242931061    0.571006749
   -0.523598776    0.698131701   31.355812516   42.148383571    1.344161555
   -0.349065850    0.698131701   37.756884082   30.220464464    2.173463625
   -0.174532925    0.698131701   41.684625087   14.283806273    3.404443246
    0.000000000    0.698131701   42.708248336   -2.507297676    5.417460431
    0.174532925    0.698131701   40.964338062  -16.845268646    8.482849360
    0.349065850    0.698131701   37.188717369  -25.244064952   12.612271322
    0.523598776    0.698131701   32.692031920  -24.738129171   17.459775296
    0.698131701    0.698131701   29.159451405  -14.279746508   22.323101538
    0.872664626    0.698131701   28.206510908    4.262127865   26.288905010
    1.047197551    0.698131701   30.866897513   26.214885567   28.529434001
    1.221730476    0.698131701   37.228789450   45.752110900   28.610817295
    1.396263402    0.698131701   46.417699419   58.009369751   26.631679780
    1.570796327    0.698131701   56.912065466   60.526338831   23.144199153
    1.745329252    0.698131701   66.992344772   53.488184400   18.901601145
    1.919862177    0.698131701   75.142673960   38.829679341   14.601043419
    2.094395102    0.698131701   80.265623266   19.241695104   10.721122068
    2.268928028    0.698131701   81.738899069   -2.546683986    7.488870587
    2.443460953    0.698131701   79.398181656  -24.050412087    4.933299644
    2.617993878    0.698131701   73.504647495  -42.919495525    2.969472292
    2.792526803    0.698131701   64.730362110  -56.662695597    1.477847626
    2.967059728    0.698131701   54.166627464  -63.125683921    0.358184078

   -3.141592654    1.047197551   41.936859850  -61.200869914   -5.438423587
   -2.967059728    1.047197551   32.091706009  -50.618862814   -4.792464729
   -2.792526803    1.047197551   24.518966084  -35.861051095   -3.771043451
   -2.617993878    1.047197551   19.551500556  -21.549353671   -2.625380701
   -2.443460953    1.047197551   16.721853627  -11.915974150   -1.586293014
   -2.268928028    1.047197551   14.995281845   -8.993008314   -0.810973525
   -2.094395102    1.047197551   13.242824548  -11.798022627   -0.349839378
   -1.919862177    1.047197551   10.751976779  -16.694845655   -0.163690138
   -1.745329252    1.047197551    7.574994571  -18.878867145   -0.181340815
   -1.570796327    1.047197551    4.551004723  -14.496470985   -0.352929519
   -1.396263402    1.047197551    2.962946997   -2.561965850   -0.669348543
   -1.221730476    1.047197551    3.957213366   14.368453553   -1.119738513
   -1.047197551    1.047197551    7.988240276   31.309963839   -1.629723139
   -0.872664626    1.047197551   14.598033807   43.167762107   -2.022037506
   -0.698131701    1.047197551   22.600352892   46.982860174   -2.028649427
   -0.523598776    1.047197551   30.540810364   42.691558490   -1.348883141
   -0.349065850    1.047197551   37.156580091   32.251843916    0.280383405
   -0.174532925    1.047197551   41.615841162   18.427072653    3.010983257
    0.000000000    1.047197551   43.573205778    4.066745195    6.832435173
    0.174532925    1.047197551   43.178234500   -8.050105436   11.531628985
    0.349065850    1.047197551   41.074144402  -15.088841590   16.661488337
    0.523598776    1.047197551   38.365348554  -14.688823634   21.560101433
    0.698131701    1.047197551   36.447506374   -6.125313593   25.451337722
    0.872664626    1.047197551   36.633867627    8.946847423   27.634025572
    1.047197551    1.047197551   39.742689426   26.621449194   27.718595803
    1.221730476    1.047197551   45.810957673   42.102570206   25.773416771
    1.396263402    1.047197551   54.084329322   51.399486885   22.273502569
    1.570796327    1.047197551   63.273330680   52.419234395   17.899106989
    1.745329252    1.047197551   71.906551666   45.195389864   13.285128262
    1.919862177    1.047197551   78.659307443   31.203060241    8.877465462
    2.094395102    1.047197551   82.539388244   12.655198279    4.913670617
    2.268928028    1.047197551   82.959258744   -8.035613397    1.501119659
    2.443460953    1.047197551   79.751943049  -28.499090726   -1.301378551
    2.617993878    1.047197551   73.170001001  -46.349933249   -3.437178013
    2.792526803    1.047197551   63.888283506  -59.020523325   -4.846208977
    2.967059728    1.047197551   53.010094435  -64.334923983   -5.501636315

   -3.141592654    1.396263402   37.121323060  -60.415597081  -11.230798121
   -2.967059728    1.396263402   27.572284056  -48.080673746   -9.871415289
   -2.792526803    1.396263402   20.554717642  -32.152208291   -8.027074889
   -2.617993878    1.396263402   16.283450742  -17.400764019   -6.075650885
   -2.443460953    1.396263402   14.164873569   -8.012984332   -4.303065781
   -2.268928028    1.396263402   13.063308866   -5.783655076   -2.832548374
   -2.094395102    1.396263402   11.796245348   -9.454372466   -1.636512027
   -1.919862177    1.396263402    9.637948598  -15.229695741   -0.637094458
   -1.745329252    1.396263402    6.639051620  -18.320290956    0.173754309
   -1.570796327    1.396263402    3.625509435  -14.963998714    0.691014726
   -1.396263402    1.396263402    1.859742102   -4.136485230    0.766998802
   -1.221730476    1.396263402    2.494861045   11.884980285    0.369286673
   -1.047197551    1.396263402    6.057459991   28.559786850   -0.299366318
   -0.872664626    1.396263402   12.236069954   41.157974021   -0.812814571
   -0.698131701    1.396263402   20.033466258   46.815876795   -0.663356848
   -0.523598776    1.396263402   28.170858436   45.223214442    0.551439575
   -0.349065850    1.396263402   35.495065134   37.846230316    3.002830916
   -0.174532925    1.396263402   41.184724471   26.837613914    6.602488988
    0.000000000    1.396263402   44.797666685   14.439868085   11.034054503
    0.174532925    1.396263402   46.287932193    2.912304875   15.796861478
    0.349065850    1.396263402   46.026740446   -5.232271211   20.242132699
    0.523598776    1.396263402   44.816504486   -7.628047957   23.651012336
    0.698131701    1.396263402   43.790986773   -3.100845852   25.382051476
    0.872664626    1.396263402   44.119671398    7.581370468   25.068147693
    1.047197551    1.396263402   46.649948092   21.547434889   22.776503093
    1.221730476    1.396263402   51.609228065   34.729309894   19.004383106
    1.396263402    1.396263402   58.508956660   43.259251829   14.476370024
    1.570796327    1.396263402   66.292862479   44.571796382    9.864965254
    1.745329252    1.396263402   73.613816466   38.011423843    5.577473069
    1.919862177    1.396263402   79.162653287   24.542355168    1.731736204
    2.094395102    1.396263402   81.906082811    6.261529800   -1.731383973
    2.268928028    1.396263402   81.226772176  -14.214452433   -4.873201212
    2.443460953    1.396263402   76.976627860  -34.196484193   -7.646533189
    2.617993878    1.396263402   69.477351401  -51.055713538   -9.874285304
    2.792526803    1.396263402   59.499955985  -62.186866334  -11.311368819
    2.967059728    1.396263402   48.232418646  -65.565603239  -11.772751857

   -3.141592654    1.745329252   30.823172244  -58.483280031  -17.451151795
   -2.967059728    1.745329252   21.783402426  -44.300306021  -16.293765686
   -2.792526803    1.745329252   15.523546042  -27.411985594  -14.439284894
   -2.617993878    1.745329252   12.096390360  -12.601641460  -12.220732983
   -2.443460953    1.745329252   10.772648358   -3.773590562   -9.905140802
   -2.268928028    1.745329252   10.344883508   -2.306091161   -7.616451620
   -2.094395102    1.745329252    9.623481663   -6.657749335   -5.339124353
   -1.919862177    1.745329252    7.901430213  -13.034477157   -3.023033077
   -1.745329252    1.745329252    5.225289653  -16.866318333   -0.720302318
   -1.570796327    1.745329252    2.378613612  -14.566780482    1.356399440
   -1.396263402    1.745329252    0.576708335   -4.950281712    2.919467620
   -1.221730476    1.745329252    0.987120944   10.226016962    3.802221380
   -1.047197551    1.745329252    4.255188384   27.035129158    4.124476767
   -0.872664626    1.745329252   10.273292511   41.051889796    4.293163703
   -0.698131701    1.745329252   18.257199640   49.195690680    4.831053513
   -0.523598776    1.745329252   27.063124007   50.508949855    6.143276004
   -0.349065850    1.745329252   35.544207223   45.696488065    8.354044274
   -0.174532925    1.745329252   42.759517957   36.261635312   11.284518343
    0.000000000    1.745329252   48.054257077   24.030192100   14.511838624
    0.174532925    1.745329252   51.118095944   11.080476811   17.458211223
    0.349065850    1.745329252   52.047574636    0.014527774   19.482616379
    0.523598776    1.745329252   51.414667438   -6.376492114   20.012394516
    0.698131701    1.745329252   50.230705872   -6.127258339   18.717971477
    0.872664626    1.745329252   49.703016782    0.994952581   15.678315576
    1.047197551    1.745329252   50.881188739   12.933097264   11.421179554
    1.221730476    1.745329252   54.290343759   25.850681610    6.756424159
    1.396263402    1.745329252   59.718900408   35.429308823    2.452600504
    1.570796327    1.745329252   66.266836860   38.232583810   -1.054289870
    1.745329252    1.745329252   72.588989601   32.797671149   -3.769837136
    1.919862177    1.745329252   77.271808199   19.705121401   -6.011920213
    2.094395102    1.745329252   79.155664325    1.188515181   -8.168764106
    2.268928028    1.745329252   77.555729877  -19.656479205  -10.467335067
    2.443460953    1.745329252   72.350561061  -39.580402817  -12.874562156
    2.617993878    1.745329252   63.973676390  -55.559027096  -15.123077766
    2.792526803    1.745329252   53.350148930  -64.941291008  -16.827274476
    2.967059728    1.745329252   41.799007821  -65.994938451  -17.655959641

   -3.141592654    2.094395102   23.737181257  -57.598592724  -18.866521289
   -2.967059728    2.094395102   15.009183112  -41.695402702  -17.726412713
   -2.792526803    2.094395102    9.312409500  -23.681464051  -15.814790045
   -2.617993878    2.094395102    6.589251093   -8.358266307  -13.429639755
   -2.443460953    2.094395102    6.019225379    0.574588160  -10.810390239
   -2.268928028    2.094395102    6.350895516    2.051412550   -8.051262786
   -2.094395102    2.094395102    6.398492850   -2.184292470   -5.101934764
   -1.919862177    2.094395102    5.473767937   -8.384842870   -1.882173572
   -1.745329252    2.094395102    3.612579491  -12.243179256    1.557804878
   -1.570796327    2.094395102    1.538763087  -10.427478465    4.954514101
   -1.396263402    2.094395102    0.385102076   -1.722791018    7.911300206
   -1.221730476    2.094395102    1.273470876   12.500877376   10.109630517
   -1.047197551    2.094395102    4.888923179   28.852530089   11.502747167
   -0.872664626    2.094395102   11.244152995   43.239007126   12.343658784
   -0.698131701    2.094395102   19.698124531   52.490297909   13.024589450
   -0.523598776    2.094395102   29.199269091   55.169338442   13.848089863
   -0.349065850    2.094395102   38.593152824   51.386912832   14.866649853
   -0.174532925    2.094395102   46.832080225   42.122347914   15.875411163
    0.000000000    2.094395102   53.080733303   28.886474851   16.488315445
    0.174532925    2.094395102   56.813128115   13.675877017   16.247071406
    0.349065850    2.094395102   57.918702378   -0.706207634   14.741438217
    0.523598776    2.094395102   56.827676611  -10.918541962   11.757539426
    0.698131701    2.094395102   54.536722475  -14.116223767    7.428754719
    0.872664626    2.094395102   52.404666844   -9.106073951    2.308843861
    1.047197551    2.094395102   51.774924654    2.653590914   -2.742132026
    1.221730476    2.094395102   53.510545119   17.201436535   -6.862976548
    1.396263402    2.094395102   57.651182237   29.393055516   -9.542975693
    1.570796327    2.094395102   63.371018954   34.671729200  -10.814842728
    1.745329252    2.094395102   69.218099190   30.710591942  -11.182867269
    1.919862177    2.094395102   73.571331519   17.819787592  -11.344974716
    2.094395102    2.094395102   75.069702355   -1.440600536  -11.882343635
    2.268928028    2.094395102   72.919171261  -23.314907844  -13.054902421
    2.443460953    2.094395102   67.009945308  -43.870272043  -14.766277802
    2.617993878    2.094395102   57.888333940  -59.627559716  -16.648488281
    2.792526803    2.094395102   46.641324216  -67.864762890  -18.212702655
    2.967059728    2.094395102   34.730943633  -67.107277799  -19.031972697

   -3.141592654    2.443460953   17.407374918  -57.136718125  -12.796607455
   -2.967059728    2.443460953    8.907244773  -39.589224134  -11.581914358
   -2.792526803    2.443460953    3.699397531  -20.262847836   -9.833145094
   -2.617993878    2.443460953    1.658254614   -4.026938876   -7.749798612
   -2.443460953    2.443460953    1.902301393    5.539028682   -5.456944230
   -2.268928028    2.443460953    3.150721616    7.595023195   -2.941781949
   -2.094395102    2.443460953    4.223526604    4.033262106   -0.066371133
   -1.919862177    2.443460953    4.445840134   -1.481646189    3.319838556
   -1.745329252    2.443460953    3.830806637   -4.953569693    7.215058887
   -1.570796327    2.443460953    3.019164644   -3.384800402   11.357353011
   -1.396263402    2.443460953    3.021051719    4.360708490   15.269326646
   -1.221730476    2.443460953    4.854141610   17.202503303   18.443968295
   -1.047197551    2.443460953    9.171875536   32.243109897   20.560618964
   -0.872664626    2.443460953   16.035214331   45.753135669   21.582928136
   -0.698131701    2.443460953   24.885031083   54.567251910   21.685704232
   -0.523598776    2.443460953   34.721064409   56.904321314   21.087870430
   -0.349065850    2.443460953   44.366713012   52.443178309   19.901834184
   -0.174532925    2.443460953   52.683617398   41.830236944   18.096292668
    0.000000000    2.443460953   58.707245016   26.471085675   15.532290232
    0.174532925    2.443460953   61.785581505    8.513562709   12.044298415
    0.349065850    2.443460953   61.731204868   -8.819640435    7.549952521
    0.523598776    2.443460953   58.994745300  -21.508063796    2.178959604
    0.698131701    2.443460953   54.726176431  -25.903269671   -3.628415229
    0.872664626    2.443460953   50.565744819  -20.218719968   -9.129705301
    1.047197551    2.443460953   48.194910084   -5.906482302  -13.475270634
    1.221730476    2.443460953   48.751117443   12.351774045  -16.032131670
    1.396263402    2.443460953   52.376104285   28.233899399  -16.656127693
    1.570796327    2.443460953   58.139620633   36.086712708  -15.754742846
    1.745329252    2.443460953   64.336761466   33.028244587  -14.092243385
    1.919862177    2.443460953   69.056997068   19.499548501  -12.473479768
    2.094395102    2.443460953   70.719171913   -1.322572347  -11.464866301
    2.268928028    2.443460953   68.435655896  -24.914666233  -11.267149913
    2.443460953    2.443460953   62.129752085  -46.688727113  -11.741418638
    2.617993878    2.443460953   52.472145958  -62.780097712  -12.524174318
    2.792526803    2.443460953   40.714566793  -70.415599428  -13.174807729
    2.967059728    2.443460953   28.467665641  -68.326576037  -13.330198568

   -3.141592654    2.792526803   14.668232849  -55.977642111    0.646139145
   -2.967059728    2.792526803    6.430555083  -37.768631899    2.238049036
   -2.792526803    2.792526803    1.589444556  -17.910182668    3.795725010
   -2.617993878    2.792526803    0.000000000   -1.206725139    5.270813966
   -2.443460953    2.792526803    0.782925385    8.920918700    6.741592931
   -2.268928028    2.792526803    2.689836043   11.809684906    8.408859043
   -2.094395102    2.792526803    4.596861846    9.427183479   10.532376525
   -1.919862177    2.792526803    5.880178405    5.286566365   13.312846201
   -1.745329252    2.792526803    6.555486161    2.985201978   16.752401808
   -1.570796327    2.792526803    7.184474632    5.027237551   20.565517748
   -1.396263402    2.792526803    8.622223991   12.215667597   24.221093795
   -1.221730476    2.792526803   11.702461490   23.488755413   27.105954704
   -1.047197551    2.792526803   16.928688842   36.295520385   28.739179962
   -0.872664626    2.792526803   24.285420217   47.351023965   28.905762282
   -0.698131701    2.792526803   33.204165002   53.787579589   27.652972678
   -0.523598776    2.792526803   42.706153221   53.869629593   25.182594885
   -0.349065850    2.792526803   51.629506427   47.198922354   21.720646943
   -0.174532925    2.792526803   58.836718145   34.357213469   17.455596215
    0.000000000    2.792526803   63.363858377   16.816660100   12.530097858
    0.174532925    2.792526803   64.585500973   -3.035503608    7.070792251
    0.349065850    2.792526803   62.395749638  -21.584502127    1.260035558
    0.523598776    2.792526803   57.404994496  -34.339273674   -4.581837230
    0.698131701    2.792526803   51.001050590  -37.253700853   -9.949884998
    0.872664626    2.792526803   45.105604245  -28.493957903  -14.209760499
    1.047197551    2.792526803   41.644187365  -10.006070664  -16.795147725
    1.221730476    2.792526803   41.866912391   12.570991651  -17.456430952
    1.396263402    2.792526803   45.845887595   31.851758664  -16.392721084
    1.570796327    2.792526803   52.421643471   41.493314477  -14.183515203
    1.745329252    2.792526803   59.592297684   38.529703257  -11.541115270
    1.919862177    2.792526803   65.185843771   23.864186505   -9.056646682
    2.094395102    2.792526803   67.466069625    1.371755314   -7.043839522
    2.268928028    2.792526803   65.510507371  -23.789403878   -5.536644936
    2.443460953    2.792526803   59.299785098  -46.618943922   -4.377400923
    2.617993878    2.792526803   49.610624320  -63.100258501   -3.334966619
    2.792526803    2.792526803   37.807513959  -70.540751665   -2.200039383
    2.967059728    2.792526803   25.586563582  -67.877191245   -0.867730379
