#! FIELDS phi psi file.free der_phi der_psi
#! SET min_phi -pi
#! SET max_phi pi
#! SET nbins_phi  36
#! SET periodic_phi true
#! SET min_psi -pi
#! SET max_psi pi
#! SET nbins_psi  18
#! SET periodic_psi true
   -3.141592654   -3.141592654   18.702081078  -54.357167467   15.043738911
   -2.967059728   -3.141592654   10.601336327  -37.740889621   17.426428607
   -2.792526803   -3.141592654    5.669887285  -18.835667009   19.154216504
   -2.617993878   -3.141592654    3.896083266   -2.239945833   20.204429132
   -2.443460953   -3.141592654    4.554436827    8.675577257   20.801882413
   -2.268928028   -3.141592654    6.543504541   13.104225862   21.347710933
   -2.094395102   -3.141592654    8.846317858   12.709865395   22.267158314
   -1.919862177   -3.141592654   10.878700660   10.544072492   23.833377309
   -1.745329252   -3.141592654   12.605884989    9.649408402   26.042268938
   -1.570796327   -3.141592654   14.444376848   12.025186750   28.569389748
   -1.396263402   -3.141592654   17.035136091   18.216209336   30.846492332
   -1.221730476   -3.141592654   20.982978152   27.270097700   32.227157759
   -1.047197551   -3.141592654   26.611544880   37.047183274   32.194803563
   -0.872664626   -3.141592654   33.808079752   44.762512251   30.509072551
   -0.698131701   -3.141592654   41.985249155   47.923661393   27.246859497
   -0.523598776   -3.141592654   50.195968176   45.006710359   22.730127189
   -0.349065850   -3.141592654   57.342366165   35.807541774   17.389864065
   -0.174532925   -3.141592654   62.393244319   21.203218729   11.653857553
    0.000000000   -3.141592654   64.548086923    3.003904320    5.878331570
    0.174532925   -3.141592654   63.397675109  -16.159558833    0.323360167
    0.349065850   -3.141592654   59.076385682  -32.653388092   -4.798322463
    0.523598776   -3.141592654   52.417943644  -42.204678414   -9.253351505
    0.698131701   -3.141592654   44.976851819  -41.178052096  -12.746792281
    0.872664626   -3.141592654   38.752490259  -28.357270206  -14.955372868
    1.047197551   -3.141592654   35.627737362   -6.435648632  -15.660535202
    1.221730476   -3.141592654   36.681258691   18.282126923  -14.888718943
    1.396263402   -3.141592654   41.727492495   38.126703506  -12.937258820
    1.570796327   -3.141592654   49.350624874   47.090451026  -10.269685001
    1.745329252   -3.141592654   57.398685619   43.008158062   -7.331636015
    1.919862177   -3.141592654   63.701927308   27.657820315   -4.423835640
    2.094395102   -3.141592654   66.647445705    5.352140243   -1.660105773
    2.268928028   -3.141592654   65.454859316  -18.963779883    0.987514676
    2.443460953   -3.141592654   60.165121633  -40.959826598    3.624863394
    2.617993878   -3.141592654   51.490931942  -57.279238904    6.364185678
    2.792526803   -3.141592654   40.648185291  -65.519422498    9.258157553
    2.967059728   -3.141592654   29.176208952  -64.417587072   12.225321518

   -3.141592654   -2.792526803   25.641166324  -49.400463144   22.868953235
   -2.967059728   -2.792526803   18.266790316  -34.434397447   25.152512698
   -2.792526803   -2.792526803   13.757514800  -17.287878778   26.493040389
   -2.617993878   -2.792526803   12.123458440   -2.089921455   27.017712293
   -2.443460953   -2.792526803   12.739973527    8.190638300   27.085701085
   -2.268928028   -2.792526803   14.656105152   12.901791634   27.167139733
   -2.094395102   -2.792526803   17.006819228   13.561811403   27.664413616
   -1.919862177   -2.792526803   19.310575711   12.824789845   28.752144638
   -1.745329252   -2.792526803   21.551074836   13.173035648   30.303604981
   -1.570796327   -2.792526803   24.060874155   16.027343302   31.904887310
   -1.396263402   -2.792526803   27.306278974   21.495447026   32.968478281
   -1.221730476   -2.792526803   31.664717558   28.496037004   32.896313946
   -1.047197551   -2.792526803   37.245237818   35.145476137   31.268029050
   -0.872664626   -2.792526803   43.795771338   39.250188998   27.963019476
   -0.698131701   -2.792526803   50.706347825   39.029353112   23.188799465
   -0.523598776   -2.792526803   57.125650062   33.556889244   17.400828212
   -0.349065850   -2.792526803   62.134489424   22.977842802   11.155735430
   -0.174532925   -2.792526803   64.916119619    8.240302103    4.977698627
    0.000000000   -2.792526803   64.877489918   -9.003041288   -0.718068184
    0.174532925   -2.792526803   61.777096210  -26.375894115   -5.654870238
    0.349065850   -2.792526803   55.870911659  -40.515234736   -9.649180839
    0.523598776   -2.792526803   48.071159983  -47.373512717  -12.563226623
    0.698131701   -2.792526803   39.973825521  -43.513671916  -14.285356208
    0.872664626   -2.792526803   33.581431642  -27.976744863  -14.757482144
    1.047197551   -2.792526803   30.729503709   -3.776201895  -14.049429646
    1.221730476   -2.792526803   32.395309236   22.521729176  -12.392312049
    1.396263402   -2.792526803   38.262818177   43.187846567  -10.112724394
    1.570796327   -2.792526803   46.798186642   52.423362682   -7.508870048
    1.745329252   -2.792526803   55.782247659   48.391635881   -4.741521967
    1.919862177   -2.792526803   63.032579189   33.151926939   -1.826927752
    2.094395102   -2.792526803   66.959063698   11.121498769    1.299676193
    2.268928028   -2.792526803   66.807617668  -12.796875384    4.696454621
    2.443460953   -2.792526803   62.630941637  -34.393335901    8.363659962
    2.617993878   -2.792526803   55.128648045  -50.458839148   12.222055030
    2.792526803   -2.792526803   45.476164084  -58.783758180   16.108215755
    2.967059728   -2.792526803   35.137707707  -58.277905049   19.762867796

   -3.141592654   -2.443460953   33.624831221  -44.390481330   21.721098161
   -2.967059728   -2.443460953   26.979528731  -31.123696786   23.599829939
   -2.792526803   -2.443460953   22.900781945  -15.621819427   24.679527552
   -2.617993878   -2.443460953   21.445667705   -1.598057056   25.084284277
   -2.443460953   -2.443460953   22.100205328    8.267691913   25.080190269
   -2.268928028   -2.443460953   24.049923485   13.318224919   24.989473617
   -2.094395102   -2.443460953   26.538523728   14.761681884   25.064240722
   -1.919862177   -2.443460953   29.119939567   14.757129915   25.374141132
   -1.745329252   -2.443460953   31.722626462   15.259674749   25.767326934
   -1.570796327   -2.443460953   34.541544398   17.308624299   25.900632018
   -1.396263402   -2.443460953   37.860255844   20.883267906   25.348417899
   -1.221730476   -2.443460953   41.877445342   25.094523361   23.731178103
   -1.047197551   -2.443460953   46.584853561   28.536682723   20.850320422
   -0.872664626   -2.443460953   51.713457505   29.667111281   16.754131940
   -0.698131701   -2.443460953   56.747756029   27.301510936   11.732421269
   -0.523598776   -2.443460953   61.017878774   20.880776413    6.234623115
   -0.349065850   -2.443460953   63.822368744   10.596667982    0.748880061
   -0.174532925   -2.443460953   64.545163555   -2.815446696   -4.301965448
    0.000000000   -2.443460953   62.742697896  -18.076338555   -8.610946082
    0.174532925   -2.443460953   58.255258631  -33.162280986  -12.007340288
    0.349065850   -2.443460953   51.368448448  -44.957045819  -14.416188826
    0.523598776   -2.443460953   42.993422333  -49.529573898  -15.819305639
    0.698131701   -2.443460953   34.710502684  -43.498990281  -16.231383235
    0.872664626   -2.443460953   28.493110952  -26.025037130  -15.706557448
    1.047197551   -2.443460953   26.120994238   -0.303439583  -14.375494781
    1.221730476   -2.443460953   28.485731932   26.971710342  -12.446671472
    1.396263402   -2.443460953   35.177485057   48.117338273  -10.142178734
    1.570796327   -2.443460953   44.593900507   57.571507560   -7.614059349
    1.745329252   -2.443460953   54.495431989   53.774165875   -4.897187468
    1.919862177   -2.443460953   62.718827569   38.948091484   -1.947417670
    2.094395102   -2.443460953   67.706243344   17.494478029    1.286603414
    2.268928028   -2.443460953   68.720779318   -5.827326031    4.797647376
    2.443460953   -2.443460953   65.803713126  -26.978544075    8.502842167
    2.617993878   -2.443460953   59.613631048  -42.905542799   12.253393868
    2.792526803   -2.443460953   51.260374737  -51.545667285   15.856505964
    2.967059728   -2.443460953   42.120291121  -51.897797264   19.087703074

   -3.141592654   -2.094395102   39.847043182  -40.660220461   13.690183153
   -2.967059728   -2.094395102   33.751401604  -28.570321304   14.750595032
   -2.792526803   -2.094395102   30.018277981  -14.191909273   15.425771543
   -2.617993878   -2.094395102   28.731289546   -1.048913501   15.783562604
   -2.443460953   -2.094395102   29.432453564    8.318393639   15.906149708
   -2.268928028   -2.094395102   31.374230331   13.225488591   15.873278932
   -2.094395102   -2.094395102   33.846403375   14.665194126   15.722762932
   -1.919862177   -2.094395102   36.399138637   14.469006523   15.406388983
   -1.745329252   -2.094395102   38.899899672   14.279713679   14.780366526
   -1.570796327   -2.094395102   41.440063933   14.991964414   13.634547403
   -1.396263402   -2.094395102   44.194741520   16.666278578   11.773287804
   -1.221730476   -2.094395102   47.287290968   18.718382939    9.094821582
   -1.047197551   -2.094395102   50.701432063   20.169085439    5.659491659
   -0.872664626   -2.094395102   54.237106143   19.918757777    1.695293874
   -0.698131701   -2.094395102   57.513741700   17.082415747   -2.449760833
   -0.523598776   -2.094395102   60.031261749   11.186358450   -6.395742181
   -0.349065850   -2.094395102   61.251674058    2.263963280   -9.826869940
   -0.174532925   -2.094395102   60.678972873   -9.262336331  -12.560257534
    0.000000000   -2.094395102   57.928296446  -22.497209982  -14.557085356
    0.174532925   -2.094395102   52.834785722  -35.725440391  -15.903152262
    0.349065850   -2.094395102   45.638655273  -45.985133201  -16.733088985
    0.523598776   -2.094395102   37.194985478  -49.323799325  -17.154338165
    0.698131701   -2.094395102   29.041078021  -42.239493252  -17.193011966
    0.872664626   -2.094395102   23.127039683  -23.815888945  -16.793252319
    1.047197551   -2.094395102   21.215499329    2.745846687  -15.877486221
    1.221730476   -2.094395102   24.175643205   30.720815171  -14.412133190
    1.396263402   -2.094395102   31.573536396   52.441661573  -12.424176087
    1.570796327   -2.094395102   41.791201949   62.424198736   -9.986291576
    1.745329252   -2.094395102   52.587057936   59.164575560   -7.190161061
    1.919862177   -2.094395102   61.798434813   44.861609695   -4.143329768
    2.094395102   -2.094395102   67.857236391   23.822735504   -0.970365779
    2.268928028   -2.094395102   69.998739197    0.711176932    2.187942826
    2.443460953   -2.094395102   68.223584589  -20.484152628    5.191425444
    2.617993878   -2.094395102   63.144489783  -36.718422369    7.917425814
    2.792526803   -2.094395102   55.825605024  -45.933822519   10.274053299
    2.967059728   -2.094395102   47.597473376  -47.122379226   12.206189780

   -3.141592654   -1.745329252   42.122062501  -39.519975886    5.706381708
   -2.967059728   -1.745329252   36.206514940  -27.627832608    6.068901369
   -2.792526803   -1.745329252   32.628697387  -13.355797204    6.361379644
   -2.617993878   -1.745329252   31.474869189   -0.382846756    6.564156454
   -2.443460953   -1.745329252   32.265940865    8.649200598    6.578683934
   -2.268928028   -1.745329252   34.219923101   12.996488016    6.267265659
   -2.094395102   -1.745329252   36.583618259   13.603206031    5.488538467
   -1.919862177   -1.745329252   38.855279444   12.257034179    4.125023992
   -1.745329252   -1.745329252   40.846315752   10.604557237    2.117064049
   -1.570796327   -1.745329252   42.602522086    9.677669779   -0.501421051
   -1.396263402   -1.745329252   44.291568566    9.820321705   -3.571573398
   -1.221730476   -1.745329252   46.087692541   10.827220089   -6.830175719
   -1.047197551   -1.745329252   48.090643511   12.049093817   -9.966893975
   -0.872664626   -1.745329252   50.260563602   12.550040821  -12.700922567
   -0.698131701   -1.745329252   52.382137952   11.342189675  -14.830674406
   -0.523598776   -1.745329252   54.082362367    7.621219371  -16.248803835
   -0.349065850   -1.745329252   54.878834855    0.948946611  -16.941017146
   -0.174532925   -1.745329252   54.247947157   -8.702761984  -16.993523003
    0.000000000   -1.745329252   51.708312813  -20.773001672  -16.597736843
    0.174532925   -1.745329252   46.956769245  -33.660440302  -16.035837419
    0.349065850   -1.745329252   40.097890359  -44.272466075  -15.599740433
    0.523598776   -1.745329252   31.894765256  -48.296704012  -15.476533813
    0.698131701   -1.745329252   23.866365448  -41.770596600  -15.649827109
    0.872664626   -1.745329252   18.019041224  -23.420318819  -15.888029895
    1.047197551   -1.745329252   16.214876851    3.671591928  -15.843108456
    1.221730476   -1.745329252   19.420292922   32.655925834  -15.202955110
    1.396263402   -1.745329252   27.261718513   55.589506143  -13.801948229
    1.570796327   -1.745329252   38.130270898   66.688597163  -11.666053739
    1.745329252   -1.745329252   49.746164791   64.219611117   -8.981799253
    1.919862177   -1.745329252   59.876843986   50.252467459   -6.032675111
    2.094395102   -1.745329252   66.871955875   29.079000031   -3.120489152
    2.268928028   -1.745329252   69.890094750    5.440159069   -0.500544824
    2.443460953   -1.745329252   68.874726184  -16.541618643    1.662441413
    2.617993878   -1.745329252   64.406543780  -33.667780896    3.305607719
    2.792526803   -1.745329252   57.545117916  -43.727467729    4.456141506
    2.967059728   -1.745329252   49.642363572  -45.581867131    5.213619996

   -3.141592654   -1.396263402   41.713399159  -39.930990137    1.567874286
   -2.967059728   -1.396263402   35.747059711  -27.789461821    1.265289935
   -2.792526803   -1.396263402   32.162155672  -13.315309710    0.942819214
   -2.617993878   -1.396263402   31.010503052   -0.476468981    0.597121524
   -2.443460953   -1.396263402   31.737747620    7.923989563    0.113019450
   -2.268928028   -1.396263402   33.472637292   11.138566036   -0.709017258
   -2.094395102   -1.396263402   35.384949569   10.247014068   -2.104988320
   -1.919862177   -1.396263402   36.928715664    7.276715650   -4.267483243
   -1.745329252   -1.396263402   37.920545536    4.197112811   -7.246483763
   -1.570796327   -1.396263402   38.473092742    2.420078941  -10.865743079
   -1.396263402   -1.396263402   38.884788331    2.609797422  -14.710933461
   -1.221730476   -1.396263402   39.501220296    4.686813101  -18.230549966
   -1.047197551   -1.396263402   40.590828614    7.837422096  -20.906561075
   -0.872664626   -1.396263402   42.232252664   10.743693001  -22.404746404
   -0.698131701   -1.396263402   44.252131236   11.949200545  -22.633945754
   -0.523598776   -1.396263402   46.244042833   10.271412676  -21.715020761
   -0.349065850   -1.396263402   47.636766791    5.016362398  -19.918129481
   -0.174532925   -1.396263402   47.783326482   -3.997683730  -17.615976414
    0.000000000   -1.396263402   46.057848055  -16.297764223  -15.248602919
    0.174532925   -1.396263402   42.005101684  -30.257549862  -13.264161442
    0.349065850   -1.396263402   35.598920941  -42.558104406  -12.006060695
    0.523598776   -1.396263402   27.533156104  -48.415093020  -11.591146129
    0.698131701   -1.396263402   19.354338848  -43.257597217  -11.844500892
    0.872664626   -1.396263402   13.196471670  -25.312823748  -12.353735824
    1.047197551   -1.396263402   11.109906085    2.493264407  -12.631214160
    1.221730476   -1.396263402   14.240610389   33.075972354  -12.302433259
    1.396263402   -1.396263402   22.325689539   57.961016889  -11.216860833
    1.570796327   -1.396263402   33.765078656   70.766101456   -9.456140639
    1.745329252   -1.396263402   46.193702232   69.307324209   -7.261887292
    1.919862177   -1.396263402   57.237142041   55.470486293   -4.935957442
    2.094395102   -1.396263402   65.095827619   33.638885339   -2.756794943
    2.268928028   -1.396263402   68.813164253    8.832999277   -0.928780190
    2.443460953   -1.396263402   68.273278233  -14.485550049    0.435889728
    2.617993878   -1.396263402   64.054857966  -32.820984888    1.308572152
    2.792526803   -1.396263402   57.260019746  -43.744112605    1.722060265
    2.967059728   -1.396263402   49.312793661  -46.014551380    1.767661836

   -3.141592654   -1.047197551   39.491765797  -42.391655341    2.337490897
   -2.967059728   -1.047197551   33.123475635  -29.885266675    1.155398254
   -2.792526803   -1.047197551   29.221899608  -14.840863034   -0.269675206
   -2.617993878   -1.047197551   27.847985387   -1.548330355   -1.805312588
   -2.443460953   -1.047197551   28.398260314    6.875650463   -3.418446722
   -2.268928028   -1.047197551   29.906567837    9.479888261   -5.211076059
   -2.094395102   -1.047197551   31.428977379    7.348749592   -7.399174068
   -1.919862177   -1.047197551   32.328837127    2.770400729  -10.197597648
   -1.745329252   -1.047197551   32.399644162   -1.778277149  -13.652749271
   -1.570796327   -1.047197551   31.832438119   -4.261271464  -17.504756240
   -1.396263402   -1.047197551   31.104597538   -3.536616851  -21.189849946
   -1.221730476   -1.047197551   30.793470388    0.406519078  -24.010431990
   -1.047197551   -1.047197551   31.372998512    6.379859692  -25.398923251
   -0.872664626   -1.047197551   33.033531473   12.405256294  -25.115041829
   -0.698131701   -1.047197551   35.592827550   16.353778119  -23.288976403
   -0.523598776   -1.047197551   38.534111966   16.574063761  -20.327131499
   -0.349065850   -1.047197551   41.113729555   12.122157267  -16.767423694
   -0.174532925   -1.047197551   42.485530764    2.740443277  -13.162191594
    0.000000000   -1.047197551   41.823401534  -11.020531824   -9.998593353
    0.174532925   -1.047197551   38.502039021  -27.253877800   -7.617280844
    0.349065850   -1.047197551   32.396382498  -42.110029667   -6.137895920
    0.523598776   -1.047197551   24.211603463  -50.103974308   -5.430328363
    0.698131701   -1.047197551   15.626005883  -46.027536615   -5.171959918
    0.872664626   -1.047197551    8.989423434  -27.818941363   -4.990323631
    1.047197551   -1.047197551    6.576578062    1.397648515   -4.615481420
    1.221730476   -1.047197551    9.686715205   33.961695446   -3.955983848
    1.396263402   -1.047197551   18.095826345   60.710189279   -3.065126708
    1.570796327   -1.047197551   30.133664308   74.731502631   -2.050673309
    1.745329252   -1.047197551   43.298084811   73.620942553   -1.001821896
    1.919862177   -1.047197551   55.064655218   59.320636807    0.036412008
    2.094395102   -1.047197551   63.511331695   36.453748770    1.039316739
    2.268928028   -1.047197551   67.607191288   10.332821248    1.970144004
    2.443460953   -1.047197551   67.210606019  -14.324904836    2.757362847
    2.617993878   -1.047197551   62.913584111  -33.848674490    3.293054450
    2.792526803   -1.047197551   55.856435747  -45.667046956    3.447939038
    2.967059728   -1.047197551   47.524440776  -48.441031591    3.133339992

   -3.141592654   -0.698131701   39.160873448  -45.946526600    2.482643004
   -2.967059728   -0.698131701   32.113016352  -34.041045209    0.454033755
   -2.792526803   -0.698131701   27.467486537  -19.134545695   -1.957390772
   -2.617993878   -0.698131701   25.357923687   -5.652695320   -4.492058655
   -2.443460953   -0.698131701   25.211960540    2.976164596   -6.989774268
   -2.268928028   -0.698131701   26.034873622    5.449058548   -9.465094547
   -2.094395102   -0.698131701   26.805416491    2.685409660  -12.087540540
   -1.919862177   -0.698131701   26.810601691   -2.831869945  -15.034555689
   -1.745329252   -0.698131701   25.835394172   -8.059764020  -18.293221851
   -1.570796327   -0.698131701   24.177406198  -10.271686575  -21.520403012
   -1.396263402   -0.698131701   22.522807510   -7.903981054  -24.089175854
   -1.221730476   -0.698131701   21.686561827   -1.077198984  -25.317901540
   -1.047197551   -0.698131701   22.307531829    8.364493721  -24.778346573
   -0.872664626   -0.698131701   24.603057215   17.581105769  -22.483693563
   -0.698131701   -0.698131701   28.277127446   23.743444739  -18.872563632
   -0.523598776   -0.698131701   32.607380568   24.868403290  -14.629129804
   -0.349065850   -0.698131701   36.617734675   20.018846596  -10.451936106
   -0.174532925   -0.698131701   39.254216897    9.183799205   -6.879432159
    0.000000000   -0.698131701   39.540081594   -6.667939302   -4.193577012
    0.174532925   -0.698131701   36.784106759  -25.095473346   -2.368733782
    0.349065850   -0.698131701   30.894135612  -41.680007816   -1.109308884
    0.523598776   -0.698131701   22.697817676  -50.507043892    0.016669705
    0.698131701   -0.698131701   14.043331931  -46.277988910    1.366779517
    0.872664626   -0.698131701    7.431060752  -27.232884740    3.029997198
    1.047197551   -0.698131701    5.209490514    2.970115857    4.778025450
    1.221730476   -0.698131701    8.659804362   36.197922383    6.208825386
    1.396263402   -0.698131701   17.479873573   63.092541179    6.986613519
    1.570796327   -0.698131701   29.914553301   76.840716241    7.027640252
    1.745329252   -0.698131701   43.409103496   75.284761285    6.521367763
    1.919862177   -0.698131701   55.428371989   60.568504357    5.812337546
    2.094395102   -0.698131701   64.063514261   37.377876014    5.224650757
    2.268928028   -0.698131701   68.294663890   10.952298819    4.929820989
    2.443460953   -0.698131701   67.970789305  -14.139745241    4.896609205
    2.617993878   -0.698131701   63.649650213  -34.366110201    4.916857790
    2.792526803   -0.698131701   56.421142359  -47.154391681    4.680187919
    2.967059728   -0.698131701   47.734021302  -51.028928916    3.913123909

   -3.141592654   -0.349065850   39.832769166  -50.354610251    3.181021346
   -2.967059728   -0.349065850   31.911324489  -39.539207698    0.616721622
   -2.792526803   -0.349065850   26.257759806  -25.065313392   -2.398023916
   -2.617993878   -0.349065850   23.120629623  -11.417070054   -5.520195374
   -2.443460953   -0.349065850   22.005245341   -2.355983088   -8.504042058
   -2.268928028   -0.349065850   21.926941753    0.403706350  -11.293745785
   -2.094395102   -0.349065850   21.816390141   -2.419830660  -13.990059748
   -1.919862177   -0.349065850   20.910829519   -8.150236241  -16.684373499
   -1.745329252   -0.349065850   19.013601792  -13.180870886  -19.265553779
   -1.570796327   -0.349065850   16.550138000  -14.170595665  -21.326293510
   -1.396263402   -0.349065850   14.414327994   -9.311423262  -22.277157776
   -1.221730476   -0.349065850   13.620304565    0.904897182  -21.613061551
   -1.047197551   -0.349065850   14.892915948   13.773737166  -19.202726305
   -0.872664626   -0.349065850   18.371695448   25.514037517  -15.396827315
   -0.698131701   -0.349065850   23.544111543   32.697559768  -10.911170081
   -0.523598776   -0.349065850   29.410638571   33.267042700   -6.562592329
   -0.349065850   -0.349065850   34.745952277   26.643812655   -2.989700454
   -0.174532925   -0.349065850   38.335988458   13.437997074   -0.482774219
    0.000000000   -0.349065850   39.163072505   -4.636688196    1.068519506
    0.174532925   -0.349065850   36.624355816  -24.450353759    2.136376211
    0.349065850   -0.349065850   30.817385515  -41.156771433    3.377243582
    0.523598776   -0.349065850   22.793021558  -48.909181485    5.353538679
    0.698131701   -0.349065850   14.559967722  -43.044765381    8.237325008
    0.872664626   -0.349065850    8.634978528  -22.746735079   11.653782290
    1.047197551   -0.349065850    7.226555350    7.567602193   14.805726669
    1.221730476   -0.349065850   11.392763574   39.606995094   16.844437627
    1.396263402   -0.349065850   20.640211929   64.510796081   17.268185220
    1.570796327   -0.349065850   33.144017126   76.283138781   16.131010313
    1.745329252   -0.349065850   46.416799350   73.456745669   13.963041884
    1.919862177   -0.349065850   58.076135370   58.431783174   11.498491351
    2.094395102   -0.349065850   66.369796469   35.694760214    9.372715241
    2.268928028   -0.349065850   70.371294155   10.006454303    7.921619627
    2.443460953   -0.349065850   69.931275816  -14.601048961    7.127495590
    2.617993878   -0.349065850   65.527026989  -34.992702406    6.682575370
    2.792526803   -0.349065850   58.121271466  -48.675262781    6.123486706
    2.967059728   -0.349065850   49.049806497  -53.957112788    5.030492843

   -3.141592654    0.000000000   41.247903040  -54.491105758    2.839104823
   -2.967059728    0.000000000   32.489232190  -44.899520214    0.399296079
   -2.792526803    0.000000000   25.836763425  -31.027378615   -2.364840929
   -2.617993878    0.000000000   21.653155762  -17.356331230   -5.143012711
   -2.443460953    0.000000000   19.530449494   -7.929870365   -7.727101781
   -2.268928028    0.000000000   18.513224533   -4.799719332  -10.079702351
   -2.094395102    0.000000000   17.518232033   -7.358482732  -12.272184585
   -1.919862177    0.000000000   15.781004397  -12.678617814  -14.317819363
   -1.745329252    0.000000000   13.172640320  -16.646486013  -16.018954467
   -1.570796327    0.000000000   10.272438522  -15.518776017  -16.942837886
   -1.396263402    0.000000000    8.160221224   -7.559873817  -16.592982092
   -1.221730476    0.000000000    7.971573297    6.062677637  -14.680222732
   -1.047197551    0.000000000   10.397977106   21.637287643  -11.351594873
   -0.872664626    0.000000000   15.375849900   34.523915323   -7.201612921
   -0.698131701    0.000000000   22.087045273   41.016960862   -3.063429264
   -0.523598776    0.000000000   29.236049507   39.458121307    0.306053195
   -0.349065850    0.000000000   35.415507126   30.104646278    2.502204473
   -0.174532925    0.000000000   39.391939586   14.533911627    3.581095524
    0.000000000    0.000000000   40.287138074   -4.699286374    4.021285152
    0.174532925    0.000000000   37.756449055  -24.008490232    4.580587702
    0.349065850    0.000000000   32.187832947  -38.663130115    6.029774348
    0.523598776    0.000000000   24.842244333  -43.608095300    8.833356420
    0.698131701    0.000000000   17.752336634  -35.462010605   12.877336879
    0.872664626    0.000000000   13.231238388  -14.616179747   17.405037586
    1.047197551    0.000000000   13.126254890   14.008206422   21.274865416
    1.221730476    0.000000000   18.134269845   42.611779610   23.444252325
    1.396263402    0.000000000   27.557910334   63.556992282   23.408418005
    1.570796327    0.000000000   39.598837380   72.154804230   21.371165738
    1.745329252    0.000000000   51.987128460   67.747382869   18.082960164
    1.919862177    0.000000000   62.635972261   52.816690911   14.484567542
    2.094395102    0.000000000   70.048204456   31.343497383   11.354073855
    2.268928028    0.000000000   73.435507461    7.320287461    9.092492918
    2.443460953    0.000000000   72.651275473  -15.964812679    7.686395822
    2.617993878    0.000000000   68.065441517  -35.884866197    6.801801688
    2.792526803    0.000000000   60.473953866  -50.065319916    5.950757258
    2.967059728    0.000000000   51.057406705  -56.588021747    4.702547066

   -3.141592654    0.349065850   42.648031686  -58.134765451    1.797877016
   -2.967059728    0.349065850   33.164845179  -49.464075903    0.259061025
   -2.792526803    0.349065850   25.675856619  -35.930444791   -1.408459387
   -2.617993878    0.349065850   20.650115590  -22.018406913   -3.047950148
   -2.443460953    0.349065850   17.759468504  -12.041845917   -4.572690733
   -2.268928028    0.349065850   16.074195673   -8.359630743   -5.994165659
   -2.094395102    0.349065850   14.498752014  -10.454317002   -7.357386276
   -1.919862177    0.349065850   12.268792235  -15.172847041   -8.620018809
   -1.745329252    0.349065850    9.313628992  -18.003730926   -9.570486723
   -1.570796327    0.349065850    6.331127766  -14.976592789   -9.857649151
   -1.396263402    0.349065850    4.522199047   -4.574256279   -9.156289755
   -1.221730476    0.349065850    5.064091776   11.357326966   -7.367080423
   -1.047197551    0.349065850    8.552621117   28.298143522   -4.741143000
   -0.872664626    0.349065850   14.706790308   41.082964563   -1.816384889
   -0.698131701    0.349065850   22.449642956   46.072136313    0.797125915
   -0.523598776    0.349065850   30.286983660   42.225169167    2.672980387
   -0.349065850    0.349065850   36.750022848   30.674272586    3.746697158
   -0.174532925    0.349065850   40.697604668   13.841777893    4.326402994
    0.000000000    0.349065850   41.470381967   -5.126392085    4.987465653
    0.174532925    0.349065850   39.010909211  -22.506247423    6.391686870
    0.349065850    0.349065850   33.968393741  -34.013274491    9.038727144
    0.523598776    0.349065850   27.731335740  -35.650447518   13.020437177
    0.698131701    0.349065850   22.239939422  -25.429976300   17.869720386
    0.872664626    0.349065850   19.485991481   -4.850603954   22.616201097
    1.047197551    0.349065850   20.872104442   20.944889829   26.111555195
    1.221730476    0.349065850   26.707553251   44.987987357   27.484904653
    1.396263402    0.349065850   36.119122736   61.139182263   26.473978502
    1.570796327    0.349065850   47.398591402   66.139107139   23.481576464
    1.745329252    0.349065850   58.564783966   60.111949851   19.350553354
    1.919862177    0.349065850   67.883895735   45.499939730   15.018933208
    2.094395102    0.349065850   74.147060693   25.634368662   11.223195399
    2.268928028    0.349065850   76.714434167    3.628390329    8.342361106
    2.443460953    0.349065850   75.438436704  -18.023520742    6.390747926
    2.617993878    0.349065850   70.574360421  -37.188884890    5.111528341
    2.792526803    0.349065850   62.749534394  -51.584230705    4.122247205
    2.967059728    0.349065850   52.991314757  -59.040432802    3.080335379

   -3.141592654    0.698131701   44.181962290  -59.833674583   -0.479192551
   -2.967059728    0.698131701   34.347325917  -51.750526661   -0.932208645
   -2.792526803    0.698131701   26.424089344  -38.560773171   -1.255788447
   -2.617993878    0.698131701   20.929454517  -24.715400787   -1.480390950
   -2.443460953    0.698131701   17.575192853  -14.636704677   -1.673387980
   -2.268928028    0.698131701   15.450445944  -10.794695312   -1.925616392
   -2.094395102    0.698131701   13.468098773  -12.661525551   -2.298939502
   -1.919862177    0.698131701   10.887569122  -16.927144030   -2.764502894
   -1.745329252    0.698131701    7.694607221  -18.892833396   -3.186354105
   -1.570796327    0.698131701    4.664601702  -14.570386541   -3.366696348
   -1.396263402    0.698131701    3.054712671   -2.702849915   -3.149938978
   -1.221730476    0.698131701    4.032811495   14.392892885   -2.511105639
   -1.047197551    0.698131701    8.101794419   31.767794874   -1.579222631
   -0.872664626    0.698131701   14.834591512   44.106065612   -0.565759250
   -0.698131701    0.698131701   23.017893738   48.026735210    0.358110396
   -0.523598776    0.698131701   31.093962164   43.049211817    1.168936533
   -0.349065850    0.698131701   37.638967738   30.926285500    2.037815631
   -0.174532925    0.698131701   41.653875952   14.554197172    3.280763384
    0.000000000    0.698131701   42.678871838   -2.752449659    5.262900600
    0.174532925    0.698131701   40.852368768  -17.509176166    8.270237820
    0.349065850    0.698131701   36.939077392  -26.107487210   12.352146543
    0.523598776    0.698131701   32.291365652  -25.561736789   17.194341028
    0.698131701    0.698131701   28.629448170  -14.922567739   22.092450246
    0.872664626    0.698131701   27.578135068    3.755756259   26.091030825
    1.047197551    0.698131701   30.145739753   25.610954045   28.301406472
    1.221730476    0.698131701   36.369907909   44.730869780   28.243073846
    1.396263402    0.698131701   45.326433500   56.358800611   26.008631930
    1.570796327    0.698131701   55.480905917   58.339208180   22.188859892
    1.745329252    0.698131701   65.165052739   51.258547136   17.610228052
    1.919862177    0.698131701   72.979026207   37.355375790   13.054902334
    2.094395102    0.698131701   77.970289088   19.325144209    9.072874109
    2.268928028    0.698131701   79.627867444   -0.490929391    5.926203547
    2.443460953    0.698131701   77.804614460  -20.271227000    3.627349708
    2.617993878    0.698131701   72.660192026  -38.292968140    2.027601894
    2.792526803    0.698131701   64.681937131  -52.357106016    0.919013708
    2.967059728    0.698131701   54.766902557  -60.116377701    0.119289346

   -3.141592654    1.047197551   43.004475419  -59.927134354   -5.418160790
   -2.967059728    1.047197551   33.224369879  -51.058867158   -4.878938943
   -2.792526803    1.047197551   25.469064031  -37.382135699   -3.989883710
   -2.617993878    1.047197551   20.194123428  -23.438923009   -2.970535083
   -2.443460953    1.047197551   17.043097626  -13.632913544   -2.033734465
   -2.268928028    1.047197551   15.052227868  -10.283804498   -1.329521551
   -2.094395102    1.047197551   13.113862999  -12.650692939   -0.908166885
   -1.919862177    1.047197551   10.503094449  -17.247589887   -0.729153931
   -1.745329252    1.047197551    7.242725036  -19.306388225   -0.718431620
   -1.570796327    1.047197551    4.145829770  -14.904834504   -0.825318031
   -1.396263402    1.047197551    2.488449316   -2.920062970   -1.043977137
   -1.221730476    1.047197551    3.434691046   14.224356660   -1.371776996
   -1.047197551    1.047197551    7.473642332   31.581918509   -1.742970298
   -0.872664626    1.047197551   14.175105486   43.953547814   -1.989912529
   -0.698131701    1.047197551   22.351789988   48.160766066   -1.862983614
   -0.523598776    1.047197551   30.507926959   43.923841024   -1.095032539
   -0.349065850    1.047197551   37.311495781   33.110508325    0.535437006
   -0.174532925    1.047197551   41.862492816   18.589124402    3.154972029
    0.000000000    1.047197551   43.779393278    3.461866276    6.766955631
    0.174532925    1.047197551   43.224832228   -9.210858011   11.217628214
    0.349065850    1.047197551   40.896505836  -16.419804769   16.140787922
    0.523598776    1.047197551   37.967871493  -15.818585615   20.938011040
    0.698131701    1.047197551   35.884797071   -6.876992385   24.848760872
    0.872664626    1.047197551   35.966781285    8.463660010   27.135669972
    1.047197551    1.047197551   38.990073305   26.057374317   27.344571755
    1.221730476    1.047197551   44.921379404   41.037734839   25.482959750
    1.396263402    1.047197551   52.943955251   49.579405342   21.994201223
    1.570796327    1.047197551   61.754085047   49.965691848   17.562686033
    1.745329252    1.047197551   69.941863905   42.686130486   12.859115997
    1.919862177    1.047197551   76.316155547   29.545267637    8.380809264
    2.094395102    1.047197551   80.047999968   12.744669371    4.412207564
    2.268928028    1.047197551   80.672705099   -5.752583454    1.081773165
    2.443460953    1.047197551   78.038618360  -24.324439247   -1.570136065
    2.617993878    1.047197551   72.281109995  -41.279188568   -3.538424730
    2.792526803    1.047197551   63.867412995  -54.354268428   -4.823053609
    2.967059728    1.047197551   53.686628027  -61.137694892   -5.436462123

   -3.141592654    1.396263402   38.392928365  -59.697526563  -11.102880695
   -2.967059728    1.396263402   28.811093465  -49.066668517   -9.969401753
   -2.792526803    1.396263402   21.523752891  -34.114846300   -8.315970501
   -2.617993878    1.396263402   16.879949363  -19.593863031   -6.499678416
   -2.443460953    1.396263402   14.398104716   -9.911140800   -4.808951342
   -2.268928028    1.396263402   13.008637177   -7.169864144   -3.381138031
   -2.094395102    1.396263402   11.544732187  -10.338330000   -2.202807233
   -1.919862177    1.396263402    9.266921812  -15.742747470   -1.198943020
   -1.745329252    1.396263402    6.199632879  -18.609956765   -0.353710363
   -1.570796327    1.396263402    3.147582094  -15.111620443    0.237987931
   -1.396263402    1.396263402    1.368982218   -4.109062293    0.430995610
   -1.221730476    1.396263402    2.032635198   12.225849027    0.181365023
   -1.047197551    1.396263402    5.692935572   29.364627788   -0.330298269
   -0.872664626    1.396263402   12.054706846   42.442763954   -0.705694237
   -0.698131701    1.396263402   20.102561531   48.345439346   -0.470021001
   -0.523598776    1.396263402   28.494889800   46.533246190    0.742742253
   -0.349065850    1.396263402   35.989483418   38.419964523    3.073408525
   -0.174532925    1.396263402   41.689491402   26.364109365    6.431132759
    0.000000000    1.396263402   45.129744521   12.988620179   10.541312278
    0.174532925    1.396263402   46.310828597    0.925306676   14.988250883
    0.349065850    1.396263402   45.700315708   -7.137285846   19.221552937
    0.523598776    1.396263402   44.203227554   -8.939938343   22.593710058
    0.698131701    1.396263402   43.016119043   -3.640312504   24.478096906
    0.872664626    1.396263402   43.303900274    7.587539961   24.464226791
    1.047197551    1.396263402   45.845745417   21.577367453   22.541351931
    1.221730476    1.396263402   50.769177976   34.207629137   19.124711222
    1.396263402    1.396263402   57.501276336   41.840326675   14.877987253
    1.570796327    1.396263402   64.962594404   42.368675846   10.444389830
    1.745329252    1.396263402   71.872276337   35.658544852    6.236628504
    1.919862177    1.396263402   77.067819283   23.031154340    2.404351661
    2.094395102    1.396263402   79.692377125    6.545384306   -1.069796120
    2.268928028    1.396263402   79.255712530  -11.702573321   -4.218544051
    2.443460953    1.396263402   75.615849932  -29.845818290   -6.997156484
    2.617993878    1.396263402   68.958776411  -45.975455937   -9.258783933
    2.792526803    1.396263402   59.830957028  -57.746350048  -10.792826829
    2.967059728    1.396263402   49.201719986  -62.808891327  -11.424562612

   -3.141592654    1.745329252   32.285857448  -58.522016078  -17.189450913
   -2.967059728    1.745329252   23.089351251  -45.930425936  -16.312542555
   -2.792526803    1.745329252   16.463773584  -29.820678497  -14.650957048
   -2.617993878    1.745329252   12.604944866  -15.028792930  -12.537812251
   -2.443460953    1.745329252   10.892775497   -5.734460014  -10.265054742
   -2.268928028    1.745329252   10.176608859   -3.644866094   -7.986380489
   -2.094395102    1.745329252    9.272712594   -7.429586782   -5.705793740
   -1.919862177    1.745329252    7.454984266  -13.386055930   -3.375810726
   -1.745329252    1.745329252    4.743405537  -16.936762388   -1.039620933
   -1.570796327    1.745329252    1.902079278  -14.428814758    1.098814935
   -1.396263402    1.745329252    0.142059119   -4.585060553    2.748312273
   -1.221730476    1.745329252    0.641719895   10.915537081    3.722264032
   -1.047197551    1.745329252    4.064905225   28.137519352    4.110775321
   -0.872664626    1.745329252   10.308311458   42.508881249    4.291477318
   -0.698131701    1.745329252   18.556129020   50.694354217    4.764099476
   -0.523598776    1.745329252   27.588993415   51.520478523    5.921035066
   -0.349065850    1.745329252   36.163352744   45.689240460    7.889500732
   -0.174532925    1.745329252   43.267669062   34.998808899   10.520614087
    0.000000000    1.745329252   48.245660752   21.752627913   13.452252251
    0.174532925    1.745329252   50.869186537    8.454792433   16.188568204
    0.349065850    1.745329252   51.369153977   -2.144740017   18.163879964
    0.523598776    1.745329252   50.446441485   -7.463698489   18.844796152
    0.698131701    1.745329252   49.180313844   -5.997871044   17.889158900
    0.872664626    1.745329252   48.757506759    1.974320926   15.318716041
    1.047197551    1.745329252   50.130021335   14.052545804   11.582395359
    1.221730476    1.745329252   53.690268949   26.354874612    7.413045100
    1.396263402    1.745329252   59.114491706   34.837972881    3.521293305
    1.570796327    1.745329252   65.461431342   36.590912304    0.310906310
    1.745329252    1.745329252   71.446617441   30.742191666   -2.228053791
    1.919862177    1.745329252   75.808936230   18.285612561   -4.396406020
    2.094395102    1.745329252   77.577511816    1.432129190   -6.556548209
    2.268928028    1.745329252   76.205045068  -17.278084673   -8.918902275
    2.443460953    1.745329252   71.577673804  -35.477093367  -11.453198295
    2.617993878    1.745329252   63.986089648  -50.892785286  -13.905658517
    2.792526803    1.745329252   54.123264828  -61.103642940  -15.893414135
    2.967059728    1.745329252   43.091942648  -63.977317001  -17.058303314

   -3.141592654    2.094395102   25.361024670  -58.314885506  -18.626010551
   -2.967059728    2.094395102   16.374277244  -43.806995665  -17.734311029
   -2.792526803    2.094395102   10.246905404  -26.353799613  -15.971482233
   -2.617993878    2.094395102    7.062016778  -10.876664806  -13.650804869
   -2.443460953    2.094395102    6.097333198   -1.377669970  -11.038961493
   -2.268928028    2.094395102    6.146128988    0.760880570   -8.254996407
   -2.094395102    2.094395102    6.020893342   -2.894127862   -5.263709011
   -1.919862177    2.094395102    5.012634702   -8.656049726   -1.993358335
   -1.745329252    2.094395102    3.132611007  -12.200236698    1.498811383
   -1.570796327    2.094395102    1.086639749  -10.146531510    4.938070673
   -1.396263402    2.094395102    0.000000000   -1.220611382    7.908044980
   -1.221730476    2.094395102    0.996705904   13.260208519   10.064935168
   -1.047197551    2.094395102    4.768799818   29.892605269   11.340160296
   -0.872664626    2.094395102   11.323333950   44.455064345   11.979616687
   -0.698131701    2.094395102   19.982472568   53.558087629   12.388254899
   -0.523598776    2.094395102   29.620654799   55.590295006   12.901005194
   -0.349065850    2.094395102   38.996096893   50.707558288   13.616753113
   -0.174532925    2.094395102   47.008551672   40.232027473   14.386155640
    0.000000000    2.094395102   52.845967984   26.179178711   14.879272074
    0.174532925    2.094395102   56.090550058   10.954119671   14.682197148
    0.349065850    2.094395102   56.784623877   -2.558985532   13.401749106
    0.523598776    2.094395102   55.491373136  -11.321121674   10.805931149
    0.698131701    2.094395102   53.263597492  -13.028426556    6.978893902
    0.872664626    2.094395102   51.417111802   -7.038486312    2.411486871
    1.047197551    2.094395102   51.172662108    4.852469071   -2.094776885
    1.221730476    2.094395102   53.238915976   18.668982306   -5.723203494
    1.396263402    2.094395102   57.527868995   29.578636610   -7.993145247
    1.570796327    2.094395102   63.163219261   33.585461625   -8.957359130
    1.745329252    2.094395102   68.750439221   28.985253438   -9.131673009
    1.919862177    2.094395102   72.822489798   16.525107033   -9.218153078
    2.094395102    2.094395102   74.211273436   -1.254564288   -9.794997699
    2.268928028    2.094395102   72.262908379  -21.171448301  -11.116134490
    2.443460953    2.094395102   66.874179400  -40.191628780  -13.077130050
    2.617993878    2.094395102   58.446966065  -55.575575501  -15.293590576
    2.792526803    2.094395102   47.840202516  -64.779129737  -17.244542239
    2.967059728    2.094395102   36.314005547  -65.869461505  -18.453350212

   -3.141592654    2.443460953   19.086884631  -58.288916798  -12.894996242
   -2.967059728    2.443460953   10.268944053  -41.943947423  -11.836784801
   -2.792526803    2.443460953    4.602633805  -23.018538943  -10.134453786
   -2.617993878    2.443460953    2.095262670   -6.520816044   -8.019446146
   -2.443460953    2.443460953    1.955079456    3.676146693   -5.650370892
   -2.268928028    2.443460953    2.939784342    6.433146637   -3.039868117
   -2.094395102    2.443460953    3.864112692    3.471459402   -0.066232751
   -1.919862177    2.443460953    4.028663035   -1.609395241    3.402863478
   -1.745329252    2.443460953    3.416805021   -4.807036703    7.341970814
   -1.570796327    2.443460953    2.643989432   -3.090097839   11.461687216
   -1.396263402    2.443460953    2.703171759    4.727435357   15.258077969
   -1.221730476    2.443460953    4.603932225   17.623020876   18.208288182
   -1.047197551    2.443460953    8.999277750   32.716200347   19.994557097
   -0.872664626    2.443460953   15.944544578   46.201057268   20.608811865
   -0.698131701    2.443460953   24.854122512   54.757348184   20.279405640
   -0.523598776    2.443460953   34.674653959   56.481926281   19.297845197
   -0.349065850    2.443460953   44.169914078   51.122737307   17.853075516
   -0.174532925    2.443460953   52.177525520   39.653235926   15.975272446
    0.000000000    2.443460953   57.778243663   23.925333448   13.553944633
    0.174532925    2.443460953   60.436994842    6.404269545   10.407299133
    0.349065850    2.443460953   60.111176925   -9.702066958    6.394089888
    0.523598776    2.443460953   57.361723697  -20.742537603    1.561020594
    0.698131701    2.443460953   53.364756344  -23.621789652   -3.731522604
    0.872664626    2.443460953   49.690274687  -17.065034125   -8.791297210
    1.047197551    2.443460953   47.879396897   -2.797912695  -12.779585482
    1.221730476    2.443460953   48.908247401   14.537382832  -15.044744343
    1.396263402    2.443460953   52.790819526   28.954755675  -15.416916342
    1.570796327    2.443460953   58.547986631   35.360045768  -14.291898267
    1.745329252    2.443460953   64.532475033   31.481213905  -12.446200084
    1.919862177    2.443460953   68.985927233   18.188401008  -10.717127006
    2.094395102    2.443460953   70.517740947   -1.360495793   -9.708870444
    2.268928028    2.443460953   68.379242489  -23.201610251   -9.648740726
    2.443460953    2.443460953   62.502647249  -43.616805225  -10.397590352
    2.617993878    2.443460953   53.422897484  -59.442075889  -11.556406759
    2.792526803    2.443460953   42.178948085  -68.047543895  -12.620101249
    2.967059728    2.443460953   30.198605128  -67.701784882  -13.150642739

   -3.141592654    2.792526803   16.305309271  -57.247309128   -0.353876311
   -2.967059728    2.792526803    7.745899353  -40.064091902    1.243663270
   -2.792526803    2.792526803    2.465776565  -20.516083303    2.933918916
   -2.617993878    2.792526803    0.438518920   -3.532688775    4.609988735
   -2.443460953    2.792526803    0.865381057    7.209864559    6.299366096
   -2.268928028    2.792526803    2.533148054   10.779581603    8.167848211
   -2.094395102    2.792526803    4.312349915    8.968118480   10.454304710
   -1.919862177    2.792526803    5.550928083    5.197957694   13.336663305
   -1.745329252    2.792526803    6.226247464    3.046296099   16.790003473
   -1.570796327    2.792526803    6.863257979    5.044141928   20.503001455
   -1.396263402    2.792526803    8.289533133   12.067032940   23.929410284
   -1.221730476    2.792526803   11.326454492   23.156868043   26.462423945
   -1.047197551    2.792526803   16.482046898   35.837056418   27.652566870
   -0.872664626    2.792526803   23.750510713   46.804260670   27.341966846
   -0.698131701    2.792526803   32.561584791   53.084034692   25.655449219
   -0.523598776    2.792526803   41.914303586   52.838398673   22.882869071
   -0.349065850    2.792526803   50.617888454   45.713486441   19.329243000
   -0.174532925    2.792526803   57.532549667   32.541857437   15.225604825
    0.000000000    2.792526803   61.744396159   15.125955154   10.699033987
    0.174532925    2.792526803   62.728206375   -3.951256940    5.795724485
    0.349065850    2.792526803   60.488177406  -21.166904482    0.573490969
    0.523598776    2.792526803   55.703403304  -32.398426559   -4.774000402
    0.698131701    2.792526803   49.753394455  -34.073585589   -9.826008437
    0.872664626    2.792526803   44.473242336  -24.752254461  -13.960757926
    1.047197551    2.792526803   41.651729337   -6.552341658  -16.555752999
    1.221730476    2.792526803   42.394278880   14.969999659  -17.266667570
    1.396263402    2.792526803   46.663590428   32.744424430  -16.204503316
    1.570796327    2.792526803   53.262063663   40.925318677  -13.905170364
    1.745329252    2.792526803   60.244458092   37.090663739  -11.100627093
    1.919862177    2.792526803   65.580271331   22.533797435   -8.455542574
    2.094395102    2.792526803   67.710231316    1.115001829   -6.377323473
    2.268928028    2.792526803   65.842031782  -22.516471115   -4.970663550
    2.443460953    2.792526803   59.967931479  -44.153006117   -4.089170820
    2.617993878    2.792526803   50.744922635  -60.411813067   -3.443408118
    2.792526803    2.792526803   39.348765723  -68.722236190   -2.719806213
    2.967059728    2.792526803   27.315186463  -67.597874465   -1.706908411
