#! FIELDS phi psi file.free der_phi der_psi
#! SET min_phi -pi
#! SET max_phi pi
#! SET nbins_phi  36
#! SET periodic_phi true
#! SET min_psi -pi
#! SET max_psi pi
#! SET nbins_psi  18
#! SET periodic_psi true
   -3.141592654   -3.141592654   17.294101863  -52.335901375   17.914247476
   -2.967059728   -3.141592654    9.611170347  -35.133413467   19.955439605
   -2.792526803   -3.141592654    5.125956291  -16.473243787   21.150764221
   -2.617993878   -3.141592654    3.703305005   -0.646924247   21.627401480
   -2.443460953   -3.141592654    4.563099907    9.386919791   21.730702803
   -2.268928028   -3.141592654    6.614864721   13.153609015   21.933171586
   -2.094395102   -3.141592654    8.894507974   12.442431287   22.687910956
   -1.919862177   -3.141592654   10.877183706   10.281036037   24.279500760
   -1.745329252   -3.141592654   12.578133489    9.627746051   26.712356805
   -1.570796327   -3.141592654   14.450805880   12.454262699   29.661898632
   -1.396263402   -3.141592654   17.172532730   19.305215937   32.534048726
   -1.221730476   -3.141592654   21.384104574   29.215045647   34.617497662
   -1.047197551   -3.141592654   27.436147799   39.941785782   35.289761255
   -0.872664626   -3.141592654   35.215923891   48.500414135   34.176539914
   -0.698131701   -3.141592654   44.095290110   52.138745361   31.214821062
   -0.523598776   -3.141592654   53.041810170   49.092140313   26.610104933
   -0.349065850   -3.141592654   60.836668180   39.006091768   20.737992520
   -0.174532925   -3.141592654   66.313209945   22.755220855   14.070874473
    0.000000000   -3.141592654   68.554966892    2.374580086    7.124065923
    0.174532925   -3.141592654   67.095281030  -19.059886394    0.405304059
    0.349065850   -3.141592654   62.099759128  -37.379812837   -5.606748693
    0.523598776   -3.141592654   54.518419831  -47.902996052  -10.487004196
    0.698131701   -3.141592654   46.069918228  -46.882559852  -13.891320439
    0.872664626   -3.141592654   38.909876351  -33.280688159  -15.604624418
    1.047197551   -3.141592654   35.032806504  -10.087930951  -15.626785813
    1.221730476   -3.141592654   35.580135446   16.147367522  -14.228076928
    1.396263402   -3.141592654   40.392861695   37.570665786  -11.886624791
    1.570796327   -3.141592654   48.045512095   47.908362513   -9.127582765
    1.745329252   -3.141592654   56.317197840   44.607421525   -6.324752537
    1.919862177   -3.141592654   62.901274267   29.098213578   -3.611443118
    2.094395102   -3.141592654   66.015261472    5.716938022   -0.909846676
    2.268928028   -3.141592654   64.759890021  -20.051582240    1.938749480
    2.443460953   -3.141592654   59.181539894  -43.046991199    5.046310465
    2.617993878   -3.141592654   50.131431474  -59.316941963    8.399804018
    2.792526803   -3.141592654   39.018559427  -66.450194495   11.849459193
    2.967059728   -3.141592654   27.523698539  -63.745951243   15.126115123

   -3.141592654   -2.792526803   25.095149814  -48.136546681   26.007919635
   -2.967059728   -2.792526803   17.967726758  -32.983676114   27.770009837
   -2.792526803   -2.792526803   13.687971016  -16.202560469   28.456222183
   -2.617993878   -2.792526803   12.190818829   -1.638964141   28.350081011
   -2.443460953   -2.792526803   12.834262016    8.065944140   27.930050280
   -2.268928028   -2.792526803   14.700373021   12.502974062   27.734303011
   -2.094395102   -2.792526803   16.986597707   13.272178991   28.188647861
   -1.919862177   -2.792526803   19.275981287   12.992410446   29.467907458
   -1.745329252   -2.792526803   21.605623086   14.041866302   31.429655487
   -1.570796327   -2.792526803   24.341884491   17.755171727   33.618947775
   -1.396263402   -2.792526803   27.970143533   24.141325830   35.367239923
   -1.221730476   -2.792526803   32.868338336   31.999616097   35.955059565
   -1.047197551   -2.792526803   39.121282694   39.278807426   34.818017950
   -0.872664626   -2.792526803   46.419555315   43.584255045   31.702446475
   -0.698131701   -2.792526803   54.061174941   42.946694205   26.726048865
   -0.523598776   -2.792526803   61.077235533   36.344163171   20.320279865
   -0.349065850   -2.792526803   66.426746866   23.985724992   13.098483625
   -0.174532925   -2.792526803   69.197946699    7.063520783    5.731632184
    0.000000000   -2.792526803   68.762209481  -12.348441325   -1.140939066
    0.174532925   -2.792526803   64.924278266  -31.371851951   -6.986206827
    0.349065850   -2.792526803   58.068137969  -46.249788567  -11.407005857
    0.523598776   -2.792526803   49.279233976  -52.825581273  -14.175467094
    0.698131701   -2.792526803   40.316028762  -47.899496553  -15.252757691
    0.872664626   -2.792526803   33.280249499  -30.957258436  -14.791725683
    1.047197551   -2.792526803   30.029465019   -5.409341931  -13.132313125
    1.221730476   -2.792526803   31.512592452   22.013397767  -10.739524424
    1.396263402   -2.792526803   37.375140412   43.602802226   -8.065778605
    1.570796327   -2.792526803   46.050042115   53.554822748   -5.403269464
    1.745329252   -2.792526803   55.270013987   49.873302569   -2.790430036
    1.919862177   -2.792526803   62.768543359   34.398919419   -0.057544574
    2.094395102   -2.792526803   66.848089201   11.546284161    3.038993990
    2.268928028   -2.792526803   66.679360516  -13.421771401    6.655565485
    2.443460953   -2.792526803   62.324571828  -35.716899592   10.762057389
    2.617993878   -2.792526803   54.584754476  -51.736495290   15.131204476
    2.792526803   -2.792526803   44.768677577  -59.307577080   19.399618235
    2.967059728   -2.792526803   34.429737629  -57.777377692   23.148359269

   -3.141592654   -2.443460953   33.968518730  -43.996683565   23.834662582
   -2.967059728   -2.443460953   27.387203630  -30.854539188   25.213434865
   -2.792526803   -2.443460953   23.324476978  -15.755111647   25.730713178
   -2.617993878   -2.443460953   21.808261904   -2.164096188   25.633583164
   -2.443460953   -2.443460953   22.341857173    7.485814587   25.275573188
   -2.268928028   -2.443460953   24.164249292   12.697430252   25.025801070
   -2.094395102   -2.443460953   26.589521504   14.706369746   25.149615978
   -1.919862177   -2.443460953   29.236279459   15.596958570   25.707807264
   -1.745329252   -2.443460953   32.078567978   17.163810677   26.517016581
   -1.570796327   -2.443460953   35.325277510   20.275484117   27.168482172
   -1.396263402   -2.443460953   39.242832814   24.719289850   27.128777102
   -1.221730476   -2.443460953   43.980516264   29.428031308   25.882208784
   -1.047197551   -2.443460953   49.452043348   32.848899871   23.099161244
   -0.872664626   -2.443460953   55.288239101   33.343573218   18.745085467
   -0.698131701   -2.443460953   60.862930962   29.703637442   13.103173442
   -0.523598776   -2.443460953   65.401258633   21.461152850    6.696910107
   -0.349065850   -2.443460953   68.124943430    9.052486120    0.156622109
   -0.174532925   -2.443460953   68.396401297   -6.405043328   -5.903401314
    0.000000000   -2.443460953   65.826258173  -23.172718447  -10.967066335
    0.174532925   -2.443460953   60.385355381  -38.828673489  -14.686160221
    0.349065850   -2.443460953   52.539965194  -50.120549662  -16.897147023
    0.523598776   -2.443460953   43.373702922  -53.341133276  -17.628516442
    0.698131701   -2.443460953   34.572894519  -45.628851599  -17.073448073
    0.872664626   -2.443460953   28.117852315  -26.704716922  -15.536841739
    1.047197551   -2.443460953   25.715304871   -0.080010106  -13.382921570
    1.221730476   -2.443460953   28.160982276   27.606689823  -10.960306516
    1.396263402   -2.443460953   34.982312956   48.948713576   -8.506661510
    1.570796327   -2.443460953   44.560652355   58.590394700   -6.084538668
    1.745329252   -2.443460953   54.654927901   54.932398235   -3.576190864
    1.919862177   -2.443460953   63.076425274   39.994239258   -0.775641224
    2.094395102   -2.443460953   68.210982342   18.075585923    2.489209828
    2.268928028   -2.443460953   69.271364951   -5.902068638    6.246702956
    2.443460953   -2.443460953   66.294991970  -27.539348744   10.344681512
    2.617993878   -2.443460953   59.996044856  -43.530884717   14.486803772
    2.792526803   -2.443460953   51.560046022  -51.837585407   18.318429173
    2.967059728   -2.443460953   42.410310493  -51.742196214   21.511591947

   -3.141592654   -2.094395102   40.517601626  -40.860579281   14.294787601
   -2.967059728   -2.094395102   34.366993865  -29.039689205   15.082300376
   -2.792526803   -2.094395102   30.520984673  -15.037001861   15.469221110
   -2.617993878   -2.094395102   29.061291823   -2.162981894   15.580306387
   -2.443460953   -2.094395102   29.566998777    7.242062077   15.532976674
   -2.268928028   -2.094395102   31.355887233   12.610386942   15.425682709
   -2.094395102   -2.094395102   33.793027175   14.926002818   15.304123559
   -1.919862177   -2.094395102   36.491469127   15.903818529   15.117549398
   -1.745329252   -2.094395102   39.353277587   16.958716998   14.699321340
   -1.570796327   -2.094395102   42.459059214   18.726100088   13.782230338
   -1.396263402   -2.094395102   45.927041451   21.001736849   12.076104871
   -1.221730476   -2.094395102   49.783996966   23.016047290    9.369123657
   -1.047197551   -2.094395102   53.895623411   23.736908339    5.637938162
   -0.872664626   -2.094395102   57.945722391   22.142416716    1.095461215
   -0.698131701   -2.094395102   61.460175820   17.516989616   -3.840075976
   -0.523598776   -2.094395102   63.881950738    9.629591745   -8.649064611
   -0.349065850   -2.094395102   64.664385446   -1.164235747  -12.842405106
   -0.174532925   -2.094395102   63.364244983  -14.068297242  -16.067661748
    0.000000000   -2.094395102   59.715548750  -27.833651420  -18.156094485
    0.174532925   -2.094395102   53.721871112  -40.542418339  -19.139470661
    0.349065850   -2.094395102   45.801537568  -49.360332250  -19.201254904
    0.523598776   -2.094395102   36.933102624  -50.808012806  -18.608148040
    0.698131701   -2.094395102   28.675604641  -42.040529269  -17.619409779
    0.872664626   -2.094395102   22.893000492  -22.663800477  -16.410711993
    1.047197551   -2.094395102   21.203677396    4.006150734  -15.053172800
    1.221730476   -2.094395102   24.352348118   31.570174942  -13.533610870
    1.396263402   -2.094395102   31.858993814   52.866787849  -11.780762238
    1.570796327   -2.094395102   42.137199242   62.746199444   -9.706068522
    1.745329252   -2.094395102   53.004032833   59.675619086   -7.236157606
    1.919862177   -2.094395102   62.324851834   45.569844607   -4.357305279
    2.094395102   -2.094395102   68.508291626   24.485136834   -1.141554595
    2.268928028   -2.094395102   70.742859033    1.066758953    2.245121250
    2.443460953   -2.094395102   68.999147246  -20.481183182    5.568896640
    2.617993878   -2.094395102   63.901657681  -36.913038480    8.582860514
    2.792526803   -2.094395102   56.548139700  -46.126379410   11.090868947
    2.967059728   -2.094395102   48.293443125  -47.255288519   12.994655793

   -3.141592654   -1.745329252   42.648136894  -39.825315290    5.300816096
   -2.967059728   -1.745329252   36.653941304  -28.255796661    5.652939182
   -2.792526803   -1.745329252   32.933488319  -14.380230374    5.945710099
   -2.617993878   -1.745329252   31.575305030   -1.676606654    6.149292766
   -2.443460953   -1.745329252   32.141504437    7.421366740    6.147435861
   -2.268928028   -1.745329252   33.921623049   12.299335249    5.791038591
   -2.094395102   -1.745329252   36.244832739   13.886478237    4.939414133
   -1.919862177   -1.745329252   38.675441107   13.814503387    3.482149355
   -1.745329252   -1.745329252   41.052476679   13.427074086    1.358383684
   -1.570796327   -1.745329252   43.389588661   13.411212640   -1.420768107
   -1.396263402   -1.745329252   45.763901426   13.800422362   -4.742483424
   -1.221730476   -1.745329252   48.218705906   14.249592539   -8.391613930
   -1.047197551   -1.745329252   50.718314662   14.203147500  -12.072475568
   -0.872664626   -1.745329252   53.120718599   13.003300805  -15.457006196
   -0.698131701   -1.745329252   55.164645164   10.000153634  -18.234262633
   -0.523598776   -1.745329252   56.488884832    4.697233560  -20.154089475
   -0.349065850   -1.745329252   56.671542968   -3.077999231  -21.067909711
   -0.174532925   -1.745329252   55.292170936  -13.132292799  -20.971824669
    0.000000000   -1.745329252   52.006961888  -24.757394656  -20.035357158
    0.174532925   -1.745329252   46.662360134  -36.362764619  -18.601492554
    0.349065850   -1.745329252   39.486982867  -45.168909770  -17.104142381
    0.523598776   -1.745329252   31.287378032  -47.438037558  -15.931754717
    0.698131701   -1.745329252   23.517438891  -39.832869202  -15.278275623
    0.872664626   -1.745329252   18.029081314  -21.426441963  -15.064275022
    1.047197551   -1.745329252   16.511852023    4.850315080  -14.983484208
    1.221730476   -1.745329252   19.826029303   32.726730537  -14.647487563
    1.396263402   -1.745329252   27.606143785   54.907722447  -13.734634398
    1.570796327   -1.745329252   38.341480632   65.951301447  -12.100922875
    1.745329252   -1.745329252   49.868703743   63.992135335   -9.799583265
    1.919862177   -1.745329252   60.018238154   50.666471390   -7.045299618
    2.094395102   -1.745329252   67.124567964   29.864172602   -4.136964239
    2.268928028   -1.745329252   70.283763878    6.189252390   -1.381059026
    2.443460953   -1.745329252   69.377774889  -16.073391851    0.974278863
    2.617993878   -1.745329252   64.965495897  -33.497790170    2.784984008
    2.792526803   -1.745329252   58.117262524  -43.739805452    4.032012071
    2.967059728   -1.745329252   50.203448892  -45.707897743    4.816738689

   -3.141592654   -1.396263402   41.847758741  -39.992880184    1.099053076
   -2.967059728   -1.396263402   35.847050285  -28.157652400    0.899391301
   -2.792526803   -1.396263402   32.163876105  -14.100778412    0.744921483
   -2.617993878   -1.396263402   30.844071293   -1.601754275    0.568748982
   -2.443460953   -1.396263402   31.366986993    6.758396631    0.185964012
   -2.268928028   -1.396263402   32.928655640   10.385130778   -0.650970745
   -2.094395102   -1.396263402   34.780158417   10.352076292   -2.191867791
   -1.919862177   -1.396263402   36.440239995    8.517874711   -4.615007510
   -1.745329252   -1.396263402   37.747619756    6.518084648   -7.946730775
   -1.570796327   -1.396263402   38.771831263    5.390330330  -11.993360693
   -1.396263402   -1.396263402   39.707771699    5.500937693  -16.336403273
   -1.221730476   -1.396263402   40.764966634    6.712203256  -20.419680475
   -1.047197551   -1.396263402   42.090600990    8.438774801  -23.694806113
   -0.872664626   -1.396263402   43.699745044    9.770684028  -25.752946930
   -0.698131701   -1.396263402   45.428818689    9.646549891  -26.390763919
   -0.523598776   -1.396263402   46.939529270    7.140192987  -25.609622874
   -0.349065850   -1.396263402   47.759813059    1.679669284  -23.595565558
   -0.174532925   -1.396263402   47.354891828   -6.882194525  -20.705437821
    0.000000000   -1.396263402   45.212658624  -18.110731917  -17.445506725
    0.174532925   -1.396263402   40.974094816  -30.536561732  -14.403708039
    0.349065850   -1.396263402   34.663491993  -41.233241323  -12.108607570
    0.523598776   -1.396263402   26.939329124  -45.967607798  -10.864239270
    0.698131701   -1.396263402   19.218708120  -40.649676319  -10.636504165
    0.872664626   -1.396263402   13.451246059  -23.613823705  -11.065064008
    1.047197551   -1.396263402   11.529664901    2.621462011  -11.608631458
    1.221730476   -1.396263402   14.547223524   31.723759803  -11.755658341
    1.396263402   -1.396263402   22.320737252   55.894203538  -11.185706284
    1.570796327   -1.396263402   33.412437361   68.992189990   -9.838702380
    1.745329252   -1.396263402   45.613563539   68.532909469   -7.879051903
    1.919862177   -1.396263402   56.622825737   55.807644192   -5.606101198
    2.094395102   -1.396263402   64.611521035   34.687260828   -3.353157703
    2.268928028   -1.396263402   68.532810621   10.008665158   -1.407570345
    2.443460953   -1.396263402   68.179148456  -13.584722636    0.041066994
    2.617993878   -1.396263402   64.085489152  -32.300073664    0.924270433
    2.792526803   -1.396263402   57.357017269  -43.490154990    1.289587620
    2.967059728   -1.396263402   49.441196032  -45.909370655    1.285994013

   -3.141592654   -1.047197551   39.188117252  -42.109718880    2.363936424
   -2.967059728   -1.047197551   32.865346311  -29.699015805    1.177191466
   -2.792526803   -1.047197551   28.971185351  -14.999477693   -0.094764851
   -2.617993878   -1.047197551   27.531718693   -2.154627541   -1.408676269
   -2.443460953   -1.047197551   27.947287383    5.967211658   -2.839643169
   -2.268928028   -1.047197551   29.297565525    8.634889567   -4.574862968
   -2.094395102   -1.047197551   30.711130144    6.997971787   -6.868166856
   -1.919862177   -1.047197551   31.618454428    3.228113368   -9.926664312
   -1.745329252   -1.047197551   31.844280726   -0.500876115  -13.761962823
   -1.570796327   -1.047197551   31.549668081   -2.513477265  -18.070339512
   -1.396263402   -1.047197551   31.124493158   -1.943488154  -22.249587986
   -1.221730476   -1.047197551   31.031427016    1.204221147  -25.565652238
   -1.047197551   -1.047197551   31.652778919    6.018559264  -27.402237092
   -0.872664626   -1.047197551   33.152093010   10.953013020  -27.445956780
   -0.698131701   -1.047197551   35.393153637   14.240839634  -25.737888092
   -0.523598776   -1.047197551   37.951806810   14.385097008  -22.606731397
   -0.349065850   -1.047197551   40.185291168   10.412407810  -18.563496162
   -0.174532925   -1.047197551   41.333883504    1.942597110  -14.210716867
    0.000000000   -1.047197551   40.634956789  -10.628435857  -10.161509555
    0.174532925   -1.047197551   37.495076346  -25.592003217   -6.925408411
    0.349065850   -1.047197551   31.775539056  -39.444693813   -4.785951779
    0.523598776   -1.047197551   24.097373217  -47.128559443   -3.722694623
    0.698131701   -1.047197551   15.987292682  -43.739767391   -3.441369625
    0.872664626   -1.047197551    9.621144590  -27.134794773   -3.511646803
    1.047197551   -1.047197551    7.157053740    0.120361180   -3.539486355
    1.221730476   -1.047197551    9.901609144   31.181494209   -3.283296934
    1.396263402   -1.047197551   17.772104247   57.509752798   -2.665930506
    1.570796327   -1.047197551   29.304443909   72.295717909   -1.724441698
    1.745329252   -1.047197551   42.168316933   72.656115695   -0.552684676
    1.919862177   -1.047197551   53.898920001   59.794723349    0.731092424
    2.094395102   -1.047197551   62.512877392   37.756635339    1.989056166
    2.268928028   -1.047197551   66.853332238   11.695967589    3.070003978
    2.443460953   -1.047197551   66.662436513  -13.391889912    3.827615265
    2.617993878   -1.047197551   62.483982016  -33.413304616    4.149108197
    2.792526803   -1.047197551   55.477148744  -45.483156132    3.978175663
    2.967059728   -1.047197551   47.176847877  -48.239717784    3.348257948

   -3.141592654   -0.698131701   38.690625250  -46.049452395    2.343074933
   -2.967059728   -0.698131701   31.662970046  -33.770923874    0.200326030
   -2.792526803   -0.698131701   27.071240768  -18.882763757   -2.065195187
   -2.617993878   -0.698131701   24.978030849   -5.775894759   -4.309127736
   -2.443460953   -0.698131701   24.769188833    2.370759916   -6.514824760
   -2.268928028   -0.698131701   25.458532265    4.565078977   -8.815624649
   -2.094395102   -0.698131701   26.079838304    1.915978667  -11.441612257
   -1.919862177   -0.698131701   25.990868730   -3.100974971  -14.570326598
   -1.745329252   -0.698131701   25.026906576   -7.675536967  -18.144759380
   -1.570796327   -0.698131701   23.482577656   -9.424758211  -21.752656369
   -1.396263402   -0.698131701   21.983352706   -7.076993270  -24.694338067
   -1.221730476   -0.698131701   21.252048885   -0.794609410  -26.222184463
   -1.047197551   -0.698131701   21.854043983    7.836088196  -25.851758929
   -0.872664626   -0.698131701   23.995651068   16.391368011  -23.549012175
   -0.698131701   -0.698131701   27.438938980   22.374875882  -19.721452571
   -0.523598776   -0.698131701   31.557869224   23.887029166  -15.050363469
   -0.349065850   -0.698131701   35.464433018   19.846659909  -10.277888505
   -0.174532925   -0.698131701   38.156984865    9.998242315   -6.039007280
    0.000000000   -0.698131701   38.670439216   -4.912690778   -2.750277118
    0.174532925   -0.698131701   36.289993356  -22.614670746   -0.519170824
    0.349065850   -0.698131701   30.868666198  -38.899417798    0.862460819
    0.523598776   -0.698131701   23.138753462  -48.086760493    1.820877766
    0.698131701   -0.698131701   14.819120277  -45.000585666    2.791848355
    0.872664626   -0.698131701    8.284491976  -27.689800443    4.002121317
    1.047197551   -0.698131701    5.825817019    0.754806903    5.377772688
    1.221730476   -0.698131701    8.783845463   32.934155016    6.642539137
    1.396263402   -0.698131701   17.029539316   59.967837102    7.523936518
    1.570796327   -0.698131701   29.017650135   74.980196436    7.921445926
    1.745329252   -0.698131701   42.341706185   75.191346952    7.930144343
    1.919862177   -0.698131701   54.482260811   61.922735328    7.744467066
    2.094395102   -0.698131701   63.417387796   39.277580673    7.523085382
    2.268928028   -0.698131701   67.956250788   12.420022437    7.306223705
    2.443460953   -0.698131701   67.807837303  -13.650407385    7.012982818
    2.617993878   -0.698131701   63.488177793  -34.790962997    6.489450267
    2.792526803   -0.698131701   56.143192828  -47.966291409    5.573111196
    2.967059728   -0.698131701   47.326027254  -51.634688957    4.181029781

   -3.141592654   -0.349065850   39.241511494  -51.238724702    2.725994168
   -2.967059728   -0.349065850   31.261730553  -39.397889015   -0.084011317
   -2.792526803   -0.349065850   25.686725613  -24.442132066   -3.004731582
   -2.617993878   -0.349065850   22.653539652  -10.961106599   -5.824899762
   -2.443460953   -0.349065850   21.571832238   -2.479328576   -8.463458711
   -2.268928028   -0.349065850   21.419313365   -0.303490531  -11.003047583
   -2.094395102   -0.349065850   21.157913395   -3.379647650  -13.617659631
   -1.919862177   -0.349065850   20.097487866   -8.902063738  -16.401448254
   -1.745329252   -0.349065850   18.113581850  -13.401820023  -19.188639843
   -1.570796327   -0.349065850   15.661794187  -13.853415107  -21.481743169
   -1.396263402   -0.349065850   13.608378977   -8.767323489  -22.594888994
   -1.221730476   -0.349065850   12.900073971    1.260042273  -21.947397012
   -1.047197551   -0.349065850   14.200377560   13.706207479  -19.372981384
   -0.872664626   -0.349065850   17.637270570   25.134592897  -15.232402608
   -0.698131701   -0.349065850   22.743989405   32.389495547  -10.290398762
   -0.523598776   -0.349065850   28.595092638   33.440004314   -5.435190765
   -0.349065850   -0.349065850   34.021340035   27.511731319   -1.387809995
   -0.174532925   -0.349065850   37.822050606   14.946071453    1.477026404
    0.000000000   -0.349065850   38.952785667   -2.727785948    3.193461563
    0.174532925   -0.349065850   36.762327865  -22.436902543    4.184516602
    0.349065850   -0.349065850   31.293502132  -39.374420920    5.104034888
    0.523598776   -0.349065850   23.532633504  -47.763936262    6.576948914
    0.698131701   -0.349065850   15.412954366  -42.971306350    8.899153092
    0.872664626   -0.349065850    9.386645490  -24.001368185   11.856236390
    1.047197551   -0.349065850    7.654963542    5.188417073   14.803611935
    1.221730476   -0.349065850   11.361935155   36.883039823   16.990377906
    1.396263402   -0.349065850   20.184841293   62.534534297   17.923148909
    1.570796327   -0.349065850   32.479314432   75.943807996   17.565556709
    1.745329252   -0.349065850   45.855827069   74.924579977   16.273403363
    1.919862177   -0.349065850   57.885630621   61.021868720   14.563310400
    2.094395102   -0.349065850   66.642806603   38.190286503   12.865813902
    2.268928028   -0.349065850   70.986083926   11.257923633   11.384115468
    2.443460953   -0.349065850   70.613651831  -15.106494065   10.086091293
    2.617993878   -0.349065850   65.986203846  -36.940027238    8.777668621
    2.792526803   -0.349065850   58.180684480  -51.138599810    7.207659424
    2.967059728   -0.349065850   48.710656704  -55.925590459    5.199546007

   -3.141592654    0.000000000   40.390929652  -56.397076161    2.099388129
   -2.967059728    0.000000000   31.466102510  -44.985624231   -0.573371630
   -2.792526803    0.000000000   24.910393092  -30.012425772   -3.227770814
   -2.617993878    0.000000000   20.930802291  -16.201093790   -5.691703856
   -2.443460953    0.000000000   18.966557875   -7.370767894   -7.920076510
   -2.268928028    0.000000000   17.974762093   -5.072249296  -10.007757220
   -2.094395102    0.000000000   16.875388845   -8.219478083  -12.092676396
   -1.919862177    0.000000000   14.974191187  -13.611461763  -14.184538532
   -1.745329252    0.000000000   12.234753310  -17.158631509  -16.023537893
   -1.570796327    0.000000000    9.301804965  -15.380966073  -17.078352109
   -1.396263402    0.000000000    7.265574313   -6.882817619  -16.749925718
   -1.221730476    0.000000000    7.221875413    6.968521901  -14.679002052
   -1.047197551    0.000000000    9.807168125   22.503814917  -11.004698260
   -0.872664626    0.000000000   14.928282199   35.293978269   -6.381872616
   -0.698131701    0.000000000   21.775555977   41.828253499   -1.751870792
   -0.523598776    0.000000000   29.083409548   40.471460723    2.014201259
   -0.349065850    0.000000000   35.461730677   31.345413963    4.427281605
   -0.174532925    0.000000000   39.665652111   15.854487213    5.504824556
    0.000000000    0.000000000   40.783270961   -3.522087348    5.729012432
    0.174532925    0.000000000   38.433485332  -23.153660155    5.892511152
    0.349065850    0.000000000   32.978389414  -38.254003798    6.824834025
    0.523598776    0.000000000   25.658334899  -43.766146911    9.078469654
    0.698131701    0.000000000   18.483373839  -36.308923699   12.656799423
    0.872664626    0.000000000   13.754156521  -16.137128562   16.935887868
    1.047197551    0.000000000   13.348668405   12.168532038   20.886087879
    1.221730476    0.000000000   18.061572999   41.209152440   23.513900335
    1.396263402    0.000000000   27.345296714   63.472782074   24.269741512
    1.570796327    0.000000000   39.531063816   73.912794679   23.219331268
    1.745329252    0.000000000   52.374849737   71.074377577   20.906306195
    1.919862177    0.000000000   63.666256468   56.603403735   18.046005511
    2.094395102    0.000000000   71.669796177   34.072888638   15.229828364
    2.268928028    0.000000000   75.347509947    7.756700406   12.764528563
    2.443460953    0.000000000   74.407161078  -18.170786695   10.669406724
    2.617993878    0.000000000   69.250654835  -40.036590817    8.766055490
    2.792526803    0.000000000   60.866438578  -54.743592017    6.802572163
    2.967059728    0.000000000   50.698286225  -60.321578977    4.593093691

   -3.141592654    0.349065850   41.509161320  -60.912479296    1.090506798
   -2.967059728    0.349065850   31.773575999  -49.689336902   -0.567349608
   -2.792526803    0.349065850   24.406466003  -34.534628855   -2.066478247
   -2.617993878    0.349065850   19.674585633  -20.264940908   -3.379840380
   -2.443460953    0.349065850   17.044974337  -10.942780590   -4.557439802
   -2.268928028    0.349065850   15.461077428   -8.315025543   -5.713918963
   -2.094395102    0.349065850   13.813862283  -11.249634855   -6.942636360
   -1.919862177    0.349065850   11.415011086  -16.202106629   -8.196529949
   -1.745329252    0.349065850    8.309572445  -18.605894134   -9.215541625
   -1.570796327    0.349065850    5.293118323  -14.732511468   -9.572535278
   -1.396263402    0.349065850    3.606760305   -3.455608653   -8.863778458
   -1.221730476    0.349065850    4.402420605   13.057112302   -6.941587717
   -1.047197551    0.349065850    8.210223720   30.172762332   -4.066290721
   -0.872664626    0.349065850   14.684086383   42.817394383   -0.845582096
   -0.698131701    0.349065850   22.706830054   47.525057190    2.009535963
   -0.523598776    0.349065850   30.771724251   43.364814948    3.989210643
   -0.349065850    0.349065850   37.406519705   31.484524756    4.998826637
   -0.174532925    0.349065850   41.464647915   14.278474482    5.371442413
    0.000000000    0.349065850   42.279717982   -5.094378148    5.736565345
    0.174532925    0.349065850   39.793935570  -22.846413278    6.808415988
    0.349065850    0.349065850   34.666675578  -34.649624782    9.126068192
    0.523598776    0.349065850   28.299321475  -36.519848926   12.823863634
    0.698131701    0.349065850   22.640773228  -26.479455679   17.499847879
    0.872664626    0.349065850   19.698417611   -5.925651573   22.270322391
    1.047197551    0.349065850   20.923026223   20.251346604   26.063044294
    1.221730476    0.349065850   26.719068669   45.341404566   28.028748131
    1.396263402    0.349065850   36.333302377   63.173676167   27.841747973
    1.570796327    0.349065850   48.132405718   70.005227177   25.763090355
    1.745329252    0.349065850   60.090518478   65.117616148   22.445535179
    1.919862177    0.349065850   70.280000781   50.166975956   18.639568392
    2.094395102    0.349065850   77.200936298   28.224984036   14.945389026
    2.268928028    0.349065850   79.943912584    2.908463437   11.697434790
    2.443460953    0.349065850   78.237055603  -22.163728753    8.978564835
    2.617993878    0.349065850   72.426736183  -43.630205817    6.700524489
    2.792526803    0.349065850   63.414064670  -58.422300608    4.702771235
    2.967059728    0.349065850   52.569401185  -64.397397761    2.850936598

   -3.141592654    0.698131701   42.874721961  -63.247465400   -0.629025325
   -2.967059728    0.698131701   32.724461701  -52.083327457   -0.990300802
   -2.792526803    0.698131701   24.939416758  -36.901510654   -1.069598464
   -2.617993878    0.698131701   19.802826172  -22.519147747   -0.999475852
   -2.443460953    0.698131701   16.790364363  -13.075032987   -0.929045407
   -2.268928028    0.698131701   14.842110300  -10.358615474   -0.994568552
   -2.094395102    0.698131701   12.847648024  -13.161873416   -1.267755269
   -1.919862177    0.698131701   10.142578029  -17.732759790   -1.708591015
   -1.745329252    0.698131701    6.836070962  -19.284993178   -2.159602795
   -1.570796327    0.698131701    3.812383957  -14.066025393   -2.396471480
   -1.396263402    0.698131701    2.377505293   -1.245504966   -2.237058973
   -1.221730476    0.698131701    3.672378812   16.459138178   -1.641106725
   -1.047197551    0.698131701    8.117467169   33.898755561   -0.744793358
   -0.872664626    0.698131701   15.192526049   45.815780549    0.210979521
   -0.698131701    0.698131701   23.618051881   49.064689124    1.024668030
   -0.523598776    0.698131701   31.816052542   43.411929660    1.669592626
   -0.349065850    0.698131701   38.377250718   30.766875038    2.353129997
   -0.174532925    0.698131701   42.333764396   14.062626135    3.447380197
    0.000000000    0.698131701   43.257524710   -3.412819131    5.358425536
    0.174532925    0.698131701   41.311640994  -18.218025706    8.372622296
    0.349065850    0.698131701   37.277630529  -26.792504013   12.505615614
    0.523598776    0.698131701   32.516950325  -26.186559303   17.412130363
    0.698131701    0.698131701   28.756523349  -15.424233087   22.394610498
    0.872664626    0.698131701   27.642230654    3.578424542   26.547517302
    1.047197551    0.698131701   30.237692434   26.189073191   29.042613996
    1.221730476    0.698131701   36.672831442   46.660795858   29.424341091
    1.396263402    0.698131701   46.120875878   60.089372280   27.743423437
    1.570796327    0.698131701   57.081834244   63.746471466   24.489180269
    1.745329252    0.698131701   67.792133840   57.360384391   20.354967873
    1.919862177    0.698131701   76.611286768   42.439514123   16.002277726
    2.094395102    0.698131701   82.264587419   21.540212719   11.909040616
    2.268928028    0.698131701   83.965508103   -2.328407923    8.340372728
    2.443460953    0.698131701   81.466359721  -26.053065784    5.394881445
    2.617993878    0.698131701   75.067446687  -46.563447680    3.072742288
    2.792526803    0.698131701   65.592281169  -60.851745231    1.331480437
    2.967059728    0.698131701   54.337913603  -66.680443985    0.116213516

   -3.141592654    1.047197551   41.507349513  -63.012003172   -5.347570195
   -2.967059728    1.047197551   31.489555458  -50.856572706   -4.459698378
   -2.792526803    1.047197551   23.971319554  -35.149293414   -3.242588375
   -2.617993878    1.047197551   19.149224604  -20.740676007   -1.967618398
   -2.443460953    1.047197551   16.418165163  -11.677570452   -0.848308590
   -2.268928028    1.047197551   14.663943052   -9.546020801   -0.006796648
   -2.094395102    1.047197551   12.759700724  -12.919130424    0.532409451
   -1.919862177    1.047197551   10.058402048  -17.897399920    0.807886343
   -1.745329252    1.047197551    6.702484560  -19.655714844    0.863099939
   -1.570796327    1.047197551    3.606374378  -14.514703284    0.708477699
   -1.396263402    1.047197551    2.088284447   -1.762546976    0.324939493
   -1.221730476    1.047197551    3.282254398   15.800124347   -0.280616979
   -1.047197551    1.047197551    7.595965000   33.046488652   -1.010410141
   -0.872664626    1.047197551   14.510986741   44.866245085   -1.647598173
   -0.698131701    1.047197551   22.785942388   48.367428807   -1.880573468
   -0.523598776    1.047197551   30.926850761   43.576700480   -1.371977917
   -0.349065850    1.047197551   37.646499242   32.541341899    0.166065891
   -0.174532925    1.047197551   42.103638342   18.112604150    2.894614547
    0.000000000    1.047197551   43.960055045    3.240587428    6.795697359
    0.174532925    1.047197551   43.390301089   -9.197202463   11.635435126
    0.349065850    1.047197551   41.076600220  -16.311524258   16.939215409
    0.523598776    1.047197551   38.165965213  -15.756313835   22.022699799
    0.698131701    1.047197551   36.089443008   -6.860764319   26.099402401
    0.872664626    1.047197551   36.187190139    8.685956251   28.466413863
    1.047197551    1.047197551   39.304806737   27.013198679   28.728748102
    1.221730476    1.047197551   45.515876511   43.381000842   26.934405782
    1.396263402    1.047197551   54.104064396   53.735848517   23.521987712
    1.570796327    1.047197551   63.789200305   55.709759116   19.133357269
    1.745329252    1.047197551   73.044674089   48.902966486   14.380247573
    1.919862177    1.047197551   80.416400819   34.409879469    9.715699682
    2.094395102    1.047197551   84.739425047   14.369199349    5.416610667
    2.268928028    1.047197551   85.276973805   -8.470938417    1.655816647
    2.443460953    1.047197551   81.801444742  -31.081757120   -1.431754851
    2.617993878    1.047197551   74.629017147  -50.371351669   -3.724413379
    2.792526803    1.047197551   64.603895767  -63.314484183   -5.131137506
    2.967059728    1.047197551   53.040132121  -67.736048290   -5.641345139

   -3.141592654    1.396263402   36.578062556  -61.593595259  -10.867438715
   -2.967059728    1.396263402   26.957436287  -47.811133130   -9.227433089
   -2.792526803    1.396263402   20.066740273  -31.119133476   -7.242292326
   -2.617993878    1.396263402   15.982891295  -16.417836767   -5.261619459
   -2.443460953    1.396263402   13.987322745   -7.651310342   -3.501376370
   -2.268928028    1.396263402   12.881760055   -6.178971806   -2.013381829
   -2.094395102    1.396263402   11.495387055  -10.364890496   -0.734441340
   -1.919862177    1.396263402    9.163759098  -16.233616877    0.396281484
   -1.745329252    1.396263402    6.011260780  -19.027183644    1.327363916
   -1.570796327    1.396263402    2.918641733  -15.146173666    1.882114168
   -1.396263402    1.396263402    1.170641833   -3.770887902    1.867248598
   -1.221730476    1.396263402    1.910005947   12.674465479    1.252565439
   -1.047197551    1.396263402    5.634734195   29.584843892    0.292558167
   -0.872664626    1.396263402   12.000455967   42.242138480   -0.508819516
   -0.698131701    1.396263402   19.982220688   47.821500358   -0.569456172
   -0.523598776    1.396263402   28.280439323   46.039493142    0.559014252
   -0.349065850    1.396263402   35.724208415   38.378888497    3.056766803
   -0.174532925    1.396263402   41.477464532   27.018234186    6.811465431
    0.000000000    1.396263402   45.090632632   14.258787951   11.462337020
    0.174532925    1.396263402   46.522955582    2.438993065   16.459542469
    0.349065850    1.396263402   46.163899604   -5.863521614   21.112493020
    0.523598776    1.396263402   44.841981660   -8.260649706   24.677101278
    0.698131701    1.396263402   43.717837325   -3.582215675   26.504614123
    0.872664626    1.396263402   43.987241270    7.406678678   26.229818134
    1.047197551    1.396263402   46.528451068   21.880014541   23.918289814
    1.221730476    1.396263402   51.608242768   35.809813901   20.054580609
    1.396263402    1.396263402   58.775459806   45.248309311   15.344009173
    1.570796327    1.396263402   66.981088000   47.356209936   10.450375930
    1.745329252    1.396263402   74.823257157   41.073660738    5.797549199
    1.919862177    1.396263402   80.870549501   27.027531679    1.551608712
    2.094395102    1.396263402   83.931835206    7.284467174   -2.275196516
    2.268928028    1.396263402   83.261794126  -15.178213520   -5.665842582
    2.443460953    1.396263402   78.674444400  -37.023757419   -8.509701207
    2.617993878    1.396263402   70.571974644  -54.974208021  -10.604145891
    2.792526803    1.396263402   59.898013005  -66.060519672  -11.733523656
    2.967059728    1.396263402   48.037412907  -68.353498273  -11.794754430

   -3.141592654    1.745329252   30.319905074  -58.883610429  -17.177788962
   -2.967059728    1.745329252   21.315627809  -43.589925672  -15.734691633
   -2.792526803    1.745329252   15.230313394  -26.258557074  -13.785775061
   -2.617993878    1.745329252   11.992651718  -11.687087736  -11.600315896
   -2.443460953    1.745329252   10.776033728   -3.499326576   -9.344760190
   -2.268928028    1.745329252   10.336861504   -2.687031449   -7.056644933
   -2.094395102    1.745329252    9.509640050   -7.435149626   -4.687171328
   -1.919862177    1.745329252    7.641971509  -13.876006141   -2.217565939
   -1.745329252    1.745329252    4.832704305  -17.527517295    0.224243620
   -1.570796327    1.745329252    1.895383108  -14.942639439    2.343835295
   -1.396263402    1.745329252    0.053530522   -5.048572477    3.810370318
   -1.221730476    1.745329252    0.469333870   10.371434283    4.475658991
   -1.047197551    1.745329252    3.783966207   27.414772683    4.535226306
   -0.872664626    1.745329252    9.890872851   41.685893338    4.494248593
   -0.698131701    1.745329252   18.008406199   50.084908775    4.953611359
   -0.523598776    1.745329252   26.987378574   51.578061022    6.344801678
   -0.349065850    1.745329252   35.660009264   46.782384826    8.762437333
   -0.174532925    1.745329252   43.051915185   37.157185237   11.960066731
    0.000000000    1.745329252   48.474093526   24.566329224   15.437882212
    0.174532925    1.745329252   51.595129699   11.190963147   18.558550708
    0.349065850    1.745329252   52.510497665   -0.248364291   20.652941436
    0.523598776    1.745329252   51.809312583   -6.877322320   21.152289871
    0.698131701    1.745329252   50.530495880   -6.690342524   19.751057545
    0.872664626    1.745329252   49.913185915    0.559337474   16.551902213
    1.047197551    1.745329252   51.042675787   12.843808441   12.089525467
    1.221730476    1.745329252   54.484653164   26.345829926    7.161180472
    1.396263402    1.745329252   60.064257255   36.671283989    2.517011348
    1.570796327    1.745329252   66.891780800   40.145408606   -1.407709526
    1.745329252    1.745329252   73.578497261   34.956062863   -4.585599685
    1.919862177    1.745329252   78.609010546   21.392257464   -7.266933290
    2.094395102    1.745329252   80.691981013    1.674674944   -9.752602325
    2.268928028    1.745329252   79.040354463  -20.763472188  -12.186852817
    2.443460953    1.745329252   73.512560740  -42.094089375  -14.485583960
    2.617993878    1.745329252   64.624682360  -58.752099160  -16.386521511
    2.792526803    1.745329252   53.456119684  -67.839256680  -17.576597331
    2.967059728    1.745329252   41.487009964  -67.793202378  -17.848669573

   -3.141592654    2.094395102   23.270855104  -57.247569369  -18.688882723
   -2.967059728    2.094395102   14.670865045  -40.674167767  -17.322931788
   -2.792526803    2.094395102    9.169738951  -22.569641773  -15.379789188
   -2.617993878    2.094395102    6.612147175   -7.639375460  -13.078399798
   -2.443460953    2.094395102    6.117152034    0.705144163  -10.554113515
   -2.268928028    2.094395102    6.426594047    1.699058203   -7.821416648
   -2.094395102    2.094395102    6.388780798   -2.769724668   -4.806509541
   -1.919862177    2.094395102    5.358179836   -8.989334334   -1.464954228
   -1.745329252    2.094395102    3.397463636  -12.784075207    2.083514742
   -1.570796327    2.094395102    1.234789272  -10.915688706    5.510394643
   -1.396263402    2.094395102    0.000000000   -2.170738799    8.396809707
   -1.221730476    2.094395102    0.820109361   12.182179534   10.459456410
   -1.047197551    2.094395102    4.405457057   28.854280062   11.730729307
   -0.872664626    2.094395102   10.805144049   43.769075455   12.547429726
   -0.698131701    2.094395102   19.406051552   53.639270501   13.348262342
   -0.523598776    2.094395102   29.154986350   56.815882171   14.420644608
   -0.349065850    2.094395102   38.857924750   53.209011061   15.747370207
   -0.174532925    2.094395102   47.400797132   43.706778701   17.029264802
    0.000000000    2.094395102   53.879602814   29.887366275   17.798257615
    0.174532925    2.094395102   57.723185406   13.933591848   17.554625979
    0.349065850    2.094395102   58.812361974   -1.133188208   15.896680699
    0.523598776    2.094395102   57.602609400  -11.814604747   12.658069637
    0.698131701    2.094395102   55.134998796  -15.205487783    8.033877298
    0.872664626    2.094395102   52.815178562  -10.134622854    2.623213340
    1.047197551    2.094395102   52.028125421    1.907301073   -2.702994290
    1.221730476    2.094395102   53.673658999   16.936837772   -7.104954408
    1.396263402    2.094395102   57.821638927   29.747487163  -10.103757497
    1.570796327    2.094395102   63.657225847   35.608281150  -11.745578103
    1.745329252    2.094395102   69.698915167   31.924006665  -12.511111518
    1.919862177    2.094395102   74.250158031   18.768979626  -13.036966559
    2.094395102    2.094395102   75.850065202   -1.306797323  -13.819835732
    2.268928028    2.094395102   73.629502726  -24.265687113  -15.039568507
    2.443460953    2.094395102   67.471259388  -45.704194298  -16.555195712
    2.617993878    2.094395102   57.995123324  -61.739462059  -18.016586077
    2.792526803    2.094395102   46.409889708  -69.521757310  -19.023572896
    2.967059728    2.094395102   34.290884280  -67.794141057  -19.283962238

   -3.141592654    2.443460953   17.022867159  -56.266648998  -12.583468425
   -2.967059728    2.443460953    8.703404480  -38.473464093  -11.239044077
   -2.792526803    2.443460953    3.679062334  -19.353570979   -9.519885431
   -2.617993878    2.443460953    1.757079014   -3.602657735   -7.550268924
   -2.443460953    2.443460953    2.030829062    5.468364985   -5.371243871
   -2.268928028    2.443460953    3.237540487    7.225382699   -2.913325746
   -2.094395102    2.443460953    4.236998066    3.589180030   -0.025923348
   -1.919862177    2.443460953    4.384550948   -1.893710305    3.415394151
   -1.745329252    2.443460953    3.698851262   -5.375757577    7.367680863
   -1.570796327    2.443460953    2.807070808   -3.895980922   11.538659837
   -1.396263402    2.443460953    2.712948227    3.779538433   15.452395876
   -1.221730476    2.443460953    4.453379540   16.764207463   18.637652512
   -1.047197551    2.443460953    8.732704149   32.294441153   20.826157329
   -0.872664626    2.443460953   15.672008304   46.604152134   22.019329878
   -0.698131701    2.443460953   24.748521962   56.295717366   22.387033307
   -0.523598776    2.443460953   34.947033523   59.254193072   22.091557095
   -0.349065850    2.443460953   45.020452812   54.885875091   21.155461594
   -0.174532925    2.443460953   53.727535158   43.754038533   19.459987988
    0.000000000    2.443460953   60.006782833   27.414822262   16.816938704
    0.174532925    2.443460953   63.151201559    8.323021539   13.070220116
    0.349065850    2.443460953   62.975796959   -9.970667944    8.202165521
    0.523598776    2.443460953   59.982324660  -23.234365540    2.435394798
    0.698131701    2.443460953   55.394254181  -27.779127761   -3.706555067
    0.872664626    2.443460953   50.918526899  -21.918511718   -9.441924414
    1.047197551    2.443460953   48.282508347   -7.227898338  -13.937624656
    1.221730476    2.443460953   48.651493702   11.535169880  -16.617733143
    1.396263402    2.443460953   52.184570466   27.996440314  -17.400522144
    1.570796327    2.443460953   57.956302189   36.390396384  -16.725829083
    1.745329252    2.443460953   64.239142344   33.646443138  -15.340361476
    1.919862177    2.443460953   69.066618094   20.031416084  -13.986188288
    2.094395102    2.443460953   70.784248484   -1.274532499  -13.142847758
    2.268928028    2.443460953   68.452927408  -25.513737514  -12.934162716
    2.443460953    2.443460953   61.998393977  -47.734833670  -13.187235041
    2.617993878    2.443460953   52.152763394  -63.806694379  -13.568702699
    2.792526803    2.443460953   40.254940550  -70.936364827  -13.730452574
    2.967059728    2.443460953   27.982320072  -68.094511095  -13.431826849

   -3.141592654    2.792526803   14.343441412  -54.918619775    1.274537139
   -2.967059728    2.792526803    6.293893076  -36.743005675    2.860482751
   -2.792526803    2.792526803    1.604154816  -17.254408392    4.292330182
   -2.617993878    2.792526803    0.086111273   -1.054036431    5.587781330
   -2.443460953    2.792526803    0.858274053    8.669890401    6.889693682
   -2.268928028    2.792526803    2.703199354   11.387707609    8.439955013
   -2.094395102    2.792526803    4.537280786    9.030283056   10.510509157
   -1.919862177    2.792526803    5.758853926    4.966469354   13.293796897
   -1.745329252    2.792526803    6.380327994    2.659824732   16.779847359
   -1.570796327    2.792526803    6.946553786    4.623347535   20.678490042
   -1.396263402    2.792526803    8.311379218   11.804094730   24.464602308
   -1.221730476    2.792526803   11.338997551   23.351212718   27.535912956
   -1.047197551    2.792526803   16.594027470   36.818396712   29.412626077
   -0.872664626    2.792526803   24.122038448   48.809856570   29.857807868
   -0.698131701    2.792526803   33.377228384   56.138823397   28.867642835
   -0.523598776    2.792526803   43.338951187   56.679238133   26.572134174
   -0.349065850    2.792526803   52.743255624   49.766914588   23.128238228
   -0.174532925    2.792526803   60.325586400   35.976485663   18.686931131
    0.000000000    2.792526803   65.018605083   17.051449002   13.406326485
    0.174532925    2.792526803   66.157250500   -4.192449811    7.483968108
    0.349065850    2.792526803   63.671247782  -23.737733813    1.209531412
    0.523598776    2.792526803   58.261598511  -36.886636548   -4.990309162
    0.698131701    2.792526803   51.421124378  -39.637902093  -10.544180355
    0.872664626    2.792526803   45.150135108  -30.386872375  -14.815471446
    1.047197551    2.792526803   41.409752977  -11.318223053  -17.296848250
    1.221730476    2.792526803   41.452692712   11.803693711  -17.830099011
    1.396263402    2.792526803   45.341759320   31.572754026  -16.697191319
    1.570796327    2.792526803   51.906568799   41.621918678  -14.518985800
    1.745329252    2.792526803   59.124069715   38.895010425  -11.993287256
    1.919862177    2.792526803   64.782706955   24.191452706   -9.651071556
    2.094395102    2.792526803   67.097184431    1.403622495   -7.724508641
    2.268928028    2.792526803   65.114770245  -24.123365316   -6.178788522
    2.443460953    2.792526803   58.826853112  -47.121664946   -4.830563802
    2.617993878    2.792526803   49.061360933  -63.418375881   -3.480939220
    2.792526803    2.792526803   37.242941689  -70.372816507   -2.002319737
    2.967059728    2.792526803   25.101225940  -67.156775975   -0.387580799
