#! FIELDS phi psi file.free der_phi der_psi
#! SET min_phi -pi
#! SET max_phi pi
#! SET nbins_phi  36
#! SET periodic_phi true
#! SET min_psi -pi
#! SET max_psi pi
#! SET nbins_psi  18
#! SET periodic_psi true
   -3.141592654   -3.141592654   17.447135333  -52.551149776   17.673965624
   -2.967059728   -3.141592654    9.729704266  -35.301982562   19.704304055
   -2.792526803   -3.141592654    5.222030866  -16.560716981   20.905905314
   -2.617993878   -3.141592654    3.789479848   -0.677534914   21.391703993
   -2.443460953   -3.141592654    4.646099354    9.378239401   21.502292843
   -2.268928028   -3.141592654    6.697544246   13.161239181   21.713765190
   -2.094395102   -3.141592654    8.981998820   12.497671547   22.484849348
   -1.919862177   -3.141592654   10.981547408   10.427394720   24.101181035
   -1.745329252   -3.141592654   12.717417741    9.884213656   26.560414189
   -1.570796327   -3.141592654   14.642156349   12.784285013   29.526226361
   -1.396263402   -3.141592654   17.421139222   19.612889105   32.394925536
   -1.221730476   -3.141592654   21.674233393   29.358820307   34.453340673
   -1.047197551   -3.141592654   27.726738914   39.786084103   35.087744351
   -0.872664626   -3.141592654   35.447675975   47.981766763   33.939864617
   -0.698131701   -3.141592654   44.208091914   51.317962562   30.964110332
   -0.523598776   -3.141592654   52.997740327   48.157145266   26.378710453
   -0.349065850   -3.141592654   60.637561662   38.208906157   20.564679858
   -0.174532925   -3.141592654   66.003110742   22.309266713   13.992075272
    0.000000000   -3.141592654   68.204754755    2.362330889    7.165949142
    0.174532925   -3.141592654   66.775614618  -18.722452652    0.575679433
    0.349065850   -3.141592654   61.854438265  -36.905453976   -5.325317698
    0.523598776   -3.141592654   54.349663340  -47.537211762  -10.137160475
    0.698131701   -3.141592654   45.941705427  -46.800150351  -13.529834580
    0.872664626   -3.141592654   38.767413438  -33.518370448  -15.282506115
    1.047197551   -3.141592654   34.827164045  -10.547123271  -15.368877947
    1.221730476   -3.141592654   35.287341518   15.642510155  -14.023610793
    1.396263402   -3.141592654   40.021057275   37.199902891  -11.697213937
    1.570796327   -3.141592654   47.631008872   47.808032769   -8.909401425
    1.745329252   -3.141592654   55.914584489   44.849898347   -6.053511910
    1.919862177   -3.141592654   62.570763678   29.673274343   -3.297597373
    2.094395102   -3.141592654   65.806981361    6.517305352   -0.596830255
    2.268928028   -3.141592654   64.697504095  -19.213522284    2.192503813
    2.443460953   -3.141592654   59.253330664  -42.378257811    5.190940415
    2.617993878   -3.141592654   50.294396058  -58.951976047    8.412580779
    2.792526803   -3.141592654   39.216923066  -66.396520289   11.740576842
    2.967059728   -3.141592654   27.711131535  -63.900141715   14.930391151

   -3.141592654   -2.792526803   25.176091853  -48.367420925   25.597606059
   -2.967059728   -2.792526803   18.014445666  -33.139696001   27.377335003
   -2.792526803   -2.792526803   13.714555569  -16.279698265   28.089276036
   -2.617993878   -2.792526803   12.208289905   -1.670142151   28.001412605
   -2.443460953   -2.792526803   12.848164969    8.056394249   27.590306679
   -2.268928028   -2.792526803   14.714894580   12.524334749   27.400726891
   -2.094395102   -2.792526803   17.009939514   13.359008140   27.864674780
   -1.919862177   -2.792526803   19.322224271   13.172319504   29.156132151
   -1.745329252   -2.792526803   21.690835237   14.305886025   31.123954200
   -1.570796327   -2.792526803   24.476423001   18.043631092   33.302503811
   -1.396263402   -2.792526803   28.150035868   24.355600718   35.019695260
   -1.221730476   -2.792526803   33.070638582   32.024010101   35.564452511
   -1.047197551   -2.792526803   39.304217155   39.023616497   34.392680492
   -0.872664626   -2.792526803   46.531575529   43.033728813   31.273970434
   -0.698131701   -2.792526803   54.056921592   42.191096289   26.341701190
   -0.523598776   -2.792526803   60.936292631   35.573225514   20.027495288
   -0.349065850   -2.792526803   66.166520491   23.428703744   12.930177100
   -0.174532925   -2.792526803   68.872648902    6.896374393    5.698271307
    0.000000000   -2.792526803   68.445684504  -12.086733968   -1.051304504
    0.174532925   -2.792526803   64.682409970  -30.810277816   -6.802755235
    0.349065850   -2.792526803   57.932457065  -45.640317840  -11.169944183
    0.523598776   -2.792526803   49.234191161  -52.434809481  -13.928266775
    0.698131701   -2.792526803   40.306733750  -47.892334915  -15.031883055
    0.872664626   -2.792526803   33.237821674  -31.326155438  -14.615878977
    1.047197551   -2.792526803   29.900808899   -5.990352024  -12.995002436
    1.221730476   -2.792526803   31.280805129   21.454144824  -10.611233897
    1.396263402   -2.792526803   37.062739914   43.267250883   -7.907803906
    1.570796327   -2.792526803   45.707292328   53.552650968   -5.188635224
    1.745329252   -2.792526803   54.957252380   50.212997822   -2.522239296
    1.919862177   -2.792526803   62.539604489   35.000578536    0.224754468
    2.094395102   -2.792526803   66.736585978   12.262213794    3.270312566
    2.268928028   -2.792526803   66.689472586  -12.772104788    6.769698088
    2.443460953   -2.792526803   62.430310998  -35.290560842   10.717450737
    2.617993878   -2.792526803   54.739526736  -51.600721803   14.926433773
    2.792526803   -2.792526803   44.924026806  -59.417116432   19.071122871
    2.967059728   -2.792526803   34.552960869  -58.011761200   22.752552733

   -3.141592654   -2.443460953   33.914949199  -44.187697021   23.447164127
   -2.967059728   -2.443460953   27.308721512  -30.951922327   24.857161853
   -2.792526803   -2.443460953   23.234787536  -15.792488918   25.402552833
   -2.617993878   -2.443460953   21.714000526   -2.181457206   25.319446693
   -2.443460953   -2.443460953   22.245235592    7.480027279   24.964099209
   -2.268928028   -2.443460953   24.069397178   12.730562492   24.713769561
   -2.094395102   -2.443460953   26.506541029   14.815378380   24.838359494
   -1.919862177   -2.443460953   29.179803387   15.791750983   25.395202588
   -1.745329252   -2.443460953   32.061165605   17.409588856   26.191968509
   -1.570796327   -2.443460953   35.349966952   20.498782500   26.813058033
   -1.396263402   -2.443460953   39.298169790   24.834458258   26.728386178
   -1.221730476   -2.443460953   44.040987170   29.362549339   25.437568727
   -1.047197551   -2.443460953   49.482429014   32.569958466   22.634707666
   -0.872664626   -2.443460953   55.252793727   32.880227707   18.305989056
   -0.698131701   -2.443460953   60.737074260   29.154875103   12.741662664
   -0.523598776   -2.443460953   65.183115383   20.983437042    6.452879757
   -0.349065850   -2.443460953   67.841843344    8.813154418    0.043006653
   -0.174532925   -2.443460953   68.100969468   -6.295906097   -5.904091822
    0.000000000   -2.443460953   65.580517863  -22.724148146  -10.894650346
    0.174532925   -2.443460953   60.237358138  -38.190619310  -14.587896716
    0.349065850   -2.443460953   52.502183653  -49.538421950  -16.813703883
    0.523598776   -2.443460953   43.414729971  -53.051930378  -17.583639895
    0.698131701   -2.443460953   34.628711473  -45.751878604  -17.068827046
    0.872664626   -2.443460953   28.119080341  -27.180902870  -15.553060809
    1.047197551   -2.443460953   25.616871900   -0.702349816  -13.385385663
    1.221730476   -2.443460953   27.959537720   27.089628666  -10.910524810
    1.396263402   -2.443460953   34.713880236   48.720267447   -8.377002043
    1.570796327   -2.443460953   44.282515486   58.706878240   -5.872221134
    1.745329252   -2.443460953   54.423338585   55.331874466   -3.310933784
    1.919862177   -2.443460953   62.929524314   40.539064691   -0.516332399
    2.094395102   -2.443460953   68.159810003   18.601465012    2.670776136
    2.268928028   -2.443460953   69.299230459   -5.540170368    6.290839994
    2.443460953   -2.443460953   66.365006270  -27.423679865   10.225540321
    2.617993878   -2.443460953   60.064858175  -43.647802243   14.221283674
    2.792526803   -2.443460953   51.594439994  -52.090702998   17.956474222
    2.967059728   -2.443460953   42.397574183  -52.008800945   21.113427968

   -3.141592654   -2.094395102   40.340940708  -40.954837611   14.008935315
   -2.967059728   -2.094395102   34.182399768  -29.047008643   14.840002432
   -2.792526803   -2.094395102   30.337727602  -15.023192072   15.255840532
   -2.617993878   -2.094395102   28.878783810   -2.168250026   15.375362598
   -2.443460953   -2.094395102   29.382180850    7.228405938   15.322393539
   -2.268928028   -2.094395102   31.171061480   12.633263750   15.204653259
   -2.094395102   -2.094395102   33.618327684   15.024509314   15.072339967
   -1.919862177   -2.094395102   36.340602776   16.075437847   14.871972851
   -1.745329252   -2.094395102   39.235314501   17.154803933   14.431202047
   -1.570796327   -2.094395102   42.372106248   18.873832565   13.481068881
   -1.396263402   -2.094395102   45.856845208   21.038607346   11.738643669
   -1.221730476   -2.094395102   49.708053170   22.912102117    9.007424256
   -1.047197551   -2.094395102   53.789628541   23.502903367    5.282435979
   -0.872664626   -2.094395102   57.790832154   21.829086271    0.787972685
   -0.698131701   -2.094395102   61.249288834   17.206065345   -4.060956622
   -0.523598776   -2.094395102   63.624226546    9.423305395   -8.764840997
   -0.349065850   -2.094395102   64.386813569   -1.170088228  -12.864622762
   -0.174532925   -2.094395102   63.107232645  -13.823694105  -16.035896260
    0.000000000   -2.094395102   59.521170330  -27.372812278  -18.124392765
    0.174532925   -2.094395102   53.617503796  -39.999594674  -19.156765053
    0.349065850   -2.094395102   45.784759517  -48.932587045  -19.294503374
    0.523598776   -2.094395102   36.967531048  -50.670191044  -18.773060193
    0.698131701   -2.094395102   28.702824020  -42.256697068  -17.821878694
    0.872664626   -2.094395102   22.857077747  -23.141806990  -16.598513446
    1.047197551   -2.094395102   21.076222434    3.476483549  -15.172832390
    1.221730476   -2.094395102   24.144561345   31.212975629  -13.547408254
    1.396263402   -2.094395102   31.614432868   52.814331177  -11.679015119
    1.570796327   -2.094395102   41.910411017   62.991115534   -9.511703928
    1.745329252   -2.094395102   52.837633871   60.097467528   -7.000770180
    1.919862177   -2.094395102   62.235230412   45.999965974   -4.149381090
    2.094395102   -2.094395102   68.483063122   24.773402988   -1.027620503
    2.268928028   -2.094395102   70.748584809    1.128109033    2.221965762
    2.443460953   -2.094395102   68.995217723  -20.644077616    5.403392767
    2.617993878   -2.094395102   63.855383057  -37.213451459    8.308476154
    2.792526803   -2.094395102   56.446339621  -46.437465084   10.764182879
    2.967059728   -2.094395102   48.144176405  -47.475127022   12.671211823

   -3.141592654   -1.745329252   42.394052473  -39.818515675    5.125786090
   -2.967059728   -1.745329252   36.408935010  -28.174931186    5.513505726
   -2.792526803   -1.745329252   32.702214187  -14.313867799    5.824899236
   -2.617993878   -1.745329252   31.350786330   -1.663950924    6.029652801
   -2.443460953   -1.745329252   31.915685552    7.403208038    6.018943449
   -2.268928028   -1.745329252   33.693716768   12.303948742    5.650743394
   -2.094395102   -1.745329252   36.022610966   13.951755534    4.786665727
   -1.919862177   -1.745329252   38.469587668   13.932967337    3.313599493
   -1.745329252   -1.745329252   40.868562444   13.551504410    1.168206343
   -1.570796327   -1.745329252   43.223602211   13.484299190   -1.636060318
   -1.396263402   -1.745329252   45.603383774   13.787643105   -4.977631721
   -1.221730476   -1.745329252   48.048285663   14.152674977   -8.629239412
   -1.047197551   -1.745329252   50.525615292   14.052719981  -12.284744455
   -0.872664626   -1.745329252   52.900189259   12.844348336  -15.614125944
   -0.698131701   -1.745329252   54.918779419    9.877523243  -18.316758563
   -0.523598776   -1.745329252   56.227840932    4.654668062  -20.164596707
   -0.349065850   -1.745329252   56.412667729   -3.003970362  -21.036030621
   -0.174532925   -1.745329252   55.057666118  -12.926890959  -20.948475295
    0.000000000   -1.745329252   51.817931945  -24.449261630  -20.076974043
    0.174532925   -1.745329252   46.529910091  -36.039929090  -18.749297655
    0.349065850   -1.745329252   39.403087236  -44.955560689  -17.367141902
    0.523598776   -1.745329252   31.223258399  -47.434834809  -16.280008310
    0.698131701   -1.745329252   23.433453282  -40.054541313  -15.650514830
    0.872664626   -1.745329252   17.893187982  -21.772816236  -15.387767094
    1.047197551   -1.745329252   16.317113809    4.554641695  -15.197732233
    1.221730476   -1.745329252   19.596196701   32.641524591  -14.722563054
    1.396263402   -1.745329252   27.385055828   55.093010959  -13.678170037
    1.570796327   -1.745329252   38.172036846   66.338542111  -11.953107578
    1.745329252   -1.745329252   49.773262104   64.424474332   -9.620397569
    1.919862177   -1.745329252   59.989437922   50.972686063   -6.898833786
    2.094395102   -1.745329252   67.129065093   29.928933620   -4.074925401
    2.268928028   -1.745329252   70.276107575    5.992157572   -1.428733530
    2.443460953   -1.745329252   69.317795950  -16.455009951    0.824339568
    2.617993878   -1.745329252   64.832744116  -33.922043028    2.568437105
    2.792526803   -1.745329252   57.917098463  -44.065142929    3.796515614
    2.967059728   -1.745329252   49.961192317  -45.859307669    4.602125374

   -3.141592654   -1.396263402   41.568146736  -39.934104173    0.857145252
   -2.967059728   -1.396263402   35.584243678  -28.042402296    0.697247356
   -2.792526803   -1.396263402   31.918689746  -14.023589924    0.571450935
   -2.617993878   -1.396263402   30.605877854   -1.595566857    0.412139512
   -2.443460953   -1.396263402   31.125508070    6.724605970    0.037684825
   -2.268928028   -1.396263402   32.681776492   10.367733314   -0.797352080
   -2.094395102   -1.396263402   34.534337905   10.385772490   -2.343025166
   -1.919862177   -1.396263402   36.204341566    8.594390187   -4.779285969
   -1.745329252   -1.396263402   37.525940996    6.598054416   -8.131147887
   -1.570796327   -1.396263402   38.561366933    5.434310199  -12.199415691
   -1.396263402   -1.396263402   39.500595699    5.495559858  -16.556708055
   -1.221730476   -1.396263402   40.553461971    6.673172502  -20.638291976
   -1.047197551   -1.396263402   41.871291741    8.394263911  -23.890828293
   -0.872664626   -1.396263402   43.473733663    9.742446783  -25.907488117
   -0.698131701   -1.396263402   45.199601344    9.638992178  -26.495147847
   -0.523598776   -1.396263402   46.710483910    7.150897741  -25.672674162
   -0.349065850   -1.396263402   47.534068003    1.708907472  -23.646306972
   -0.174532925   -1.396263402   47.136136153   -6.830227970  -20.788207442
    0.000000000   -1.396263402   45.004658723  -18.039732675  -17.606681706
    0.174532925   -1.396263402   40.778027784  -30.476441395  -14.673855069
    0.349065850   -1.396263402   34.473487619  -41.231044610  -12.487167109
    0.523598776   -1.396263402   26.742013802  -46.054039450  -11.314087111
    0.698131701   -1.396263402   18.999446986  -40.803582519  -11.092904482
    0.872664626   -1.396263402   13.205061778  -23.748321677  -11.456818225
    1.047197551   -1.396263402   11.270203131    2.623688438  -11.882536308
    1.221730476   -1.396263402   14.306330352   31.941740723  -11.893534934
    1.396263402   -1.396263402   22.136408898   56.313728381  -11.207745910
    1.570796327   -1.396263402   33.310927100   69.497823769   -9.793403177
    1.745329252   -1.396263402   45.595516335   68.956428175   -7.826524397
    1.919862177   -1.396263402   56.660147912   55.999658731   -5.601655232
    2.094395102   -1.396263402   64.656221833   34.578333477   -3.434117472
    2.268928028   -1.396263402   68.533965222    9.634500965   -1.585434515
    2.443460953   -1.396263402   68.100504963  -14.097471217   -0.218383010
    2.617993878   -1.396263402   63.917292598  -32.784060200    0.618543488
    2.792526803   -1.396263402   57.117130904  -43.808497261    0.978746414
    2.967059728   -1.396263402   49.164379459  -46.014382977    1.002231076

   -3.141592654   -1.047197551   38.854062666  -41.985492068    2.029363631
   -2.967059728   -1.047197551   32.559368061  -29.521712943    0.882043495
   -2.792526803   -1.047197551   28.692691793  -14.871795346   -0.353428643
   -2.617993878   -1.047197551   27.267764942   -2.112887570   -1.634190957
   -2.443460953   -1.047197551   27.684799992    5.951517323   -3.036587410
   -2.268928028   -1.047197551   29.031148988    8.616522245   -4.751832293
   -2.094395102   -1.047197551   30.444004866    7.013052283   -7.038184652
   -1.919862177   -1.047197551   31.357097350    3.278039465  -10.105239416
   -1.745329252   -1.047197551   31.592945558   -0.439604378  -13.961706095
   -1.570796327   -1.047197551   31.308234893   -2.463614232  -18.297085106
   -1.396263402   -1.047197551   30.890232536   -1.909868314  -22.500645743
   -1.221730476   -1.047197551   30.802286859    1.232744350  -25.831270453
   -1.047197551   -1.047197551   31.428943236    6.053079911  -27.668557531
   -0.872664626   -1.047197551   32.934571712   10.990380818  -27.699291801
   -0.698131701   -1.047197551   35.180753812   14.258690781  -25.969790904
   -0.523598776   -1.047197551   37.738770445   14.357726450  -22.819271302
   -0.349065850   -1.047197551   39.962293476   10.326510670  -18.772552964
   -0.174532925   -1.047197551   41.091181262    1.806382747  -14.444006673
    0.000000000   -1.047197551   40.365654106  -10.790504026  -10.449401368
    0.174532925   -1.047197551   37.196753716  -25.757961122   -7.286964109
    0.349065850   -1.047197551   31.449122306  -39.597306771   -5.215499931
    0.523598776   -1.047197551   23.746933079  -47.244955546   -4.184674910
    0.698131701   -1.047197551   15.622289057  -43.779803156   -3.878258775
    0.872664626   -1.047197551    9.259966045  -27.039343551   -3.863602867
    1.047197551   -1.047197551    6.828210596    0.402364904   -3.767786454
    1.221730476   -1.047197551    9.638708899   31.650099693   -3.386068747
    1.396263402   -1.047197551   17.602275815   58.089650383   -2.679304414
    1.570796327   -1.047197551   29.235410379   72.846151115   -1.708769661
    1.745329252   -1.047197551   42.181059236   73.019710696   -0.571672941
    1.919862177   -1.047197551   53.949849346   59.856985230    0.629160237
    2.094395102   -1.047197551   62.545628411   37.491974345    1.782600156
    2.268928028   -1.047197551   66.816192923   11.181629608    2.765498306
    2.443460953   -1.047197551   66.524735295  -13.998707494    3.453235674
    2.617993878   -1.047197551   62.245443787  -33.932390175    3.743258955
    2.792526803   -1.047197551   55.165691514  -45.783356280    3.576567570
    2.967059728   -1.047197551   46.834980214  -48.291937555    2.974937839

   -3.141592654   -0.698131701   38.270598024  -45.864698549    2.059422076
   -2.967059728   -0.698131701   31.281162574  -33.536864446   -0.048879299
   -2.792526803   -0.698131701   26.726847329  -18.696798701   -2.280919426
   -2.617993878   -0.698131701   24.658631116   -5.673089253   -4.489659570
   -2.443460953   -0.698131701   24.461669088    2.411046755   -6.660793230
   -2.268928028   -0.698131701   25.155473542    4.584945206   -8.934862890
   -2.094395102   -0.698131701   25.780433443    1.941633465  -11.549404410
   -1.919862177   -0.698131701   25.696621539   -3.067456722  -14.685754214
   -1.745329252   -0.698131701   24.738090911   -7.648710378  -18.284152321
   -1.570796327   -0.698131701   23.196962379   -9.415675010  -21.925830717
   -1.396263402   -0.698131701   21.697844503   -7.082794897  -24.903587682
   -1.221730476   -0.698131701   20.965098717   -0.801561565  -26.464170937
   -1.047197551   -0.698131701   21.566562929    7.839251291  -26.119863631
   -0.872664626   -0.698131701   23.709367652   16.401255234  -23.835448601
   -0.698131701   -0.698131701   27.153220677   22.367269343  -20.019415816
   -0.523598776   -0.698131701   31.266820712   23.829585127  -15.356404012
   -0.349065850   -0.698131701   35.157029714   19.715600631  -10.594319056
   -0.174532925   -0.698131701   37.820042611    9.794174585   -6.373930479
    0.000000000   -0.698131701   38.293326673   -5.160094653   -3.113240187
    0.174532925   -0.698131701   35.869079501  -22.859137989   -0.913285199
    0.349065850   -0.698131701   30.409346919  -39.084754768    0.449440769
    0.523598776   -0.698131701   22.656453893  -48.153672957    1.419931249
    0.698131701   -0.698131701   14.339254756  -44.895987922    2.446418076
    0.872664626   -0.698131701    7.840493014  -27.379390291    3.752204016
    1.047197551   -0.698131701    5.453743854    1.263954718    5.240857605
    1.221730476   -0.698131701    8.513302974   33.572395500    6.601757177
    1.396263402   -0.698131701   16.872684885   60.608695528    7.530374349
    1.570796327   -0.698131701   28.961534916   75.470556523    7.910886858
    1.745329252   -0.698131701   42.348142758   75.402005707    7.845868430
    1.919862177   -0.698131701   54.495877277   61.792613281    7.555631303
    2.094395102   -0.698131701   63.379964181   38.837025611    7.231644262
    2.268928028   -0.698131701   67.822789354   11.786642998    6.940683732
    2.443460953   -0.698131701   67.559271624  -14.304623769    6.614519052
    2.617993878   -0.698131701   63.136217013  -35.295670756    6.096615981
    2.792526803   -0.698131701   55.724498666  -48.214972398    5.211012067
    2.967059728   -0.698131701   46.887266759  -51.623505904    3.858860432

   -3.141592654   -0.349065850   38.763469760  -50.993045590    2.591857538
   -2.967059728   -0.349065850   30.831449225  -39.112649549   -0.195707009
   -2.792526803   -0.349065850   25.302933757  -24.201111401   -3.104109707
   -2.617993878   -0.349065850   22.305109134  -10.794768546   -5.910141793
   -2.443460953   -0.349065850   21.246543754   -2.376197272   -8.528257941
   -2.268928028   -0.349065850   21.108193331   -0.238249965  -11.045157014
   -2.094395102   -0.349065850   20.855707672   -3.341319637  -13.643303114
   -1.919862177   -0.349065850   19.799290528   -8.894115871  -16.424518204
   -1.745329252   -0.349065850   17.813194830  -13.435801327  -19.226192315
   -1.570796327   -0.349065850   15.351531598  -13.931964448  -21.550246896
   -1.396263402   -0.349065850   13.281255758   -8.878486323  -22.707761774
   -1.221730476   -0.349065850   12.552214465    1.139011064  -22.113737227
   -1.047197551   -0.349065850   13.832042482   13.596907064  -19.596153271
   -0.872664626   -0.349065850   17.251488407   25.045132641  -15.508511783
   -0.698131701   -0.349065850   22.343390599   32.306443388  -10.608102483
   -0.523598776   -0.349065850   28.178583741   33.337090750   -5.777632993
   -0.349065850   -0.349065850   33.583217533   27.365301771   -1.737351809
   -0.174532925   -0.349065850   37.354021457   14.752648955    1.133824643
    0.000000000   -0.349065850   38.448436292   -2.942045080    2.863562726
    0.174532925   -0.349065850   36.222051250  -22.623221480    3.870511850
    0.349065850   -0.349065850   30.727753788  -39.468005111    4.810776594
    0.523598776   -0.349065850   22.963459621  -47.697640380    6.316993023
    0.698131701   -0.349065850   14.872934943  -42.695854910    8.691818294
    0.872664626   -0.349065850    8.913958794  -23.507570318   11.717946994
    1.047197551   -0.349065850    7.284154780    5.848783631   14.733677000
    1.221730476   -0.349065850   11.112596156   37.591162882   16.961748703
    1.396263402   -0.349065850   20.051867274   63.133905466   17.885833311
    1.570796327   -0.349065850   32.430343588   76.288229400   17.463516571
    1.745329252   -0.349065850   45.837854941   74.929144513   16.067017536
    1.919862177   -0.349065850   57.838228146   60.689189556   14.246193778
    2.094395102   -0.349065850   66.513593083   37.607012135   12.467711031
    2.268928028   -0.349065850   70.743463972   10.570005401   10.958397595
    2.443460953   -0.349065850   70.253901260  -15.732950184    9.689145949
    2.617993878   -0.349065850   65.532968904  -37.365501128    8.449179976
    2.792526803   -0.349065850   57.676288194  -51.294173385    6.960192144
    2.967059728   -0.349065850   48.201592243  -55.833903102    5.020933932

   -3.141592654    0.000000000   39.907387057  -56.093407228    2.176210460
   -2.967059728    0.000000000   31.035936623  -44.688786033   -0.490218969
   -2.792526803    0.000000000   24.526984830  -29.774451788   -3.158504636
   -2.617993878    0.000000000   20.582835168  -16.028045689   -5.636139898
   -2.443460953    0.000000000   18.644383764   -7.244359026   -7.865899836
   -2.268928028    0.000000000   17.671711618   -4.976188914   -9.942091374
   -2.094395102    0.000000000   16.586173189   -8.158687650  -12.010981283
   -1.919862177    0.000000000   14.691096807  -13.603768958  -14.093613022
   -1.745329252    0.000000000   11.946698285  -17.225368662  -15.939323300
   -1.570796327    0.000000000    8.994958998  -15.529350186  -17.021417236
   -1.396263402    0.000000000    6.926479908   -7.099698973  -16.740477780
   -1.221730476    0.000000000    6.841026604    6.714821870  -14.732292981
   -1.047197551    0.000000000    9.381609258   22.253598551  -11.127263050
   -0.872664626    0.000000000   14.461804757   35.081032682   -6.568831730
   -0.698131701    0.000000000   21.276182696   41.665409792   -1.986822393
   -0.523598776    0.000000000   28.559374493   40.349522028    1.756417893
   -0.349065850    0.000000000   34.918286244   31.241923094    4.174142454
   -0.174532925    0.000000000   39.104134453   15.750260655    5.278482453
    0.000000000    0.000000000   40.203203923   -3.626435791    5.540704639
    0.174532925    0.000000000   37.836779116  -23.231712423    5.741915396
    0.349065850    0.000000000   32.374103233  -38.251233369    6.705559461
    0.523598776    0.000000000   25.066434458  -43.614043783    8.984552716
    0.698131701    0.000000000   17.934928253  -35.955495210   12.585142948
    0.872664626    0.000000000   13.285419266  -15.582700153   16.881780128
    1.047197551    0.000000000   12.989127738   12.846742242   20.834846446
    1.221730476    0.000000000   17.820647759   41.862365989   23.436111811
    1.396263402    0.000000000   27.203607293   63.930976785   24.126507661
    1.570796327    0.000000000   39.442393411   74.049400560   22.977404398
    1.745329252    0.000000000   52.278768414   70.857105130   20.555991432
    1.919862177    0.000000000   63.505679534   56.101721287   17.612015329
    2.094395102    0.000000000   71.406597483   33.426425073   14.767980420
    2.268928028    0.000000000   74.970650158    7.128409955   12.344237265
    2.443460953    0.000000000   73.932723575  -18.640081095   10.350369326
    2.617993878    0.000000000   68.714810272  -40.262233489    8.578906321
    2.792526803    0.000000000   60.313602853  -54.716790349    6.741814585
    2.967059728    0.000000000   50.167922853  -60.105397664    4.624234875

   -3.141592654    0.349065850   41.061473738  -60.560515507    1.253670507
   -2.967059728    0.349065850   31.381719106  -49.406238842   -0.399458311
   -2.792526803    0.349065850   24.056568742  -34.330636072   -1.922290096
   -2.617993878    0.349065850   19.355239980  -20.109217136   -3.264410632
   -2.443460953    0.349065850   16.751292443  -10.799805363   -4.459624308
   -2.268928028    0.349065850   15.192120989   -8.174563175   -5.617671506
   -2.094395102    0.349065850   13.567371354  -11.139218092   -6.837294953
   -1.919862177    0.349065850   11.181692168  -16.167978124   -8.081514404
   -1.745329252    0.349065850    8.072111177  -18.692827868   -9.100122043
   -1.570796327    0.349065850    5.028332940  -14.959095449   -9.472153990
   -1.396263402    0.349065850    3.291224719   -3.804115402   -8.795454575
   -1.221730476    0.349065850    4.018873912   12.638917093   -6.919032421
   -1.047197551    0.349065850    7.752686609   29.757952856   -4.095786914
   -0.872664626    0.349065850   14.159574462   42.476486098   -0.922815040
   -0.698131701    0.349065850   22.132609379   47.301542998    1.899974788
   -0.523598776    0.349065850   30.169305123   43.263312505    3.871187456
   -0.349065850    0.349065850   36.794853714   31.473619144    4.898016656
   -0.174532925    0.349065850   40.855248025   14.308654079    5.306989904
    0.000000000    0.349065850   41.675923996   -5.063140293    5.714566715
    0.174532925    0.349065850   39.194676114  -22.821693456    6.820477664
    0.349065850    0.349065850   34.073547996  -34.593315916    9.154213658
    0.523598776    0.349065850   27.723629383  -36.361797568   12.847387870
    0.698131701    0.349065850   22.106093129  -26.158583199   17.499658762
    0.872664626    0.349065850   19.234749139   -5.438703059   22.228597232
    1.047197551    0.349065850   20.553326538   20.820690363   25.959825454
    1.221730476    0.349065850   26.444772868   45.836892891   27.840643245
    1.396263402    0.349065850   36.126771414   63.431977231   27.547140235
    1.570796327    0.349065850   47.942450829   69.931153493   25.353126402
    1.745329252    0.349065850   59.859156056   64.730781471   21.935697505
    1.919862177    0.349065850   69.962132891   49.590638676   18.074796839
    2.094395102    0.349065850   76.778251344   27.630598929   14.393645003
    2.268928028    0.349065850   79.427590464    2.453605264   11.232070042
    2.443460953    0.349065850   77.661135119  -22.380722977    8.656796131
    2.617993878    0.349065850   71.835766082  -43.588290805    6.546490195
    2.792526803    0.349065850   62.849553841  -58.174233329    4.702475723
    2.967059728    0.349065850   52.058930879  -64.044323272    2.960424051

   -3.141592654    0.698131701   42.482635623  -62.823864495   -0.437699287
   -2.967059728    0.698131701   32.392627577  -51.814754574   -0.805266591
   -2.792526803    0.698131701   24.642758816  -36.752581068   -0.910021748
   -2.617993878    0.698131701   19.526934150  -22.414442976   -0.865728999
   -2.443460953    0.698131701   16.533695108  -12.952607246   -0.810706964
   -2.268928028    0.698131701   14.609567169  -10.206671500   -0.879349404
   -2.094395102    0.698131701   12.641227516  -13.025340619   -1.148398429
   -1.919862177    0.698131701    9.953348393  -17.683323266   -1.584870685
   -1.745329252    0.698131701    6.642813577  -19.388555313   -2.037473282
   -1.570796327    0.698131701    3.585332662  -14.350389237   -2.284972001
   -1.396263402    0.698131701    2.086396784   -1.686205559   -2.145517579
   -1.221730476    0.698131701    3.295570111   15.934961273   -1.576287991
   -1.047197551    0.698131701    7.649058726   33.393673188   -0.709177161
   -0.872664626    0.698131701   14.644915534   45.429525001    0.220653981
   -0.698131701    0.698131701   23.018258741   48.860025027    1.017643311
   -0.523598776    0.698131701   31.197170567   43.394102546    1.660079305
   -0.349065850    0.698131701   37.767980221   30.883272619    2.356661716
   -0.174532925    0.698131701   41.750091316   14.226033752    3.475304537
    0.000000000    0.698131701   42.700198128   -3.283385153    5.412517692
    0.174532925    0.698131701   40.770717522  -18.158552444    8.442745075
    0.349065850    0.698131701   36.742583191  -26.773305311   12.572033024
    0.523598776    0.698131701   31.987135576  -26.128712485   17.450179900
    0.698131701    0.698131701   28.245874593  -15.250836473   22.379198070
    0.872664626    0.698131701   27.173706181    3.883347734   26.456139548
    1.047197551    0.698131701   29.828857287   26.548154249   28.856929907
    1.221730476    0.698131701   36.320648735   46.923886122   29.132391171
    1.396263402    0.698131701   45.794962482   60.108274414   27.344031712
    1.570796327    0.698131701   56.732267118   63.457167601   23.997465018
    1.745329252    0.698131701   67.368915552   56.827245532   19.806149630
    1.919862177    0.698131701   76.085375054   41.830741646   15.450348153
    2.094395102    0.698131701   81.640185878   21.052818580   11.417919451
    2.268928028    0.698131701   83.277921192   -2.545787435    7.968256437
    2.443460953    0.698131701   80.768920578  -25.947755419    5.178121549
    2.617993878    0.698131701   74.413661642  -46.183518391    3.015405415
    2.792526803    0.698131701   65.020134081  -60.319854807    1.406027854
    2.967059728    0.698131701   53.860965715  -66.144487843    0.274738302

   -3.141592654    1.047197551   41.208639530  -62.585496056   -5.148207688
   -2.967059728    1.047197551   31.246652370  -50.636545475   -4.275572819
   -2.792526803    1.047197551   23.753035453  -35.068040794   -3.078030982
   -2.617993878    1.047197551   18.940050633  -20.699456960   -1.816548950
   -2.443460953    1.047197551   16.218354570  -11.603952080   -0.703117378
   -2.268928028    1.047197551   14.481062830   -9.428847470    0.136702855
   -2.094395102    1.047197551   12.597778429  -12.808169028    0.674242118
   -1.919862177    1.047197551    9.909683455  -17.868886455    0.947083292
   -1.745329252    1.047197551    6.546405637  -19.775965172    1.000646164
   -1.570796327    1.047197551    3.414135350  -14.808686575    0.849180080
   -1.396263402    1.047197551    1.831256029   -2.201065041    0.475822862
   -1.221730476    1.047197551    2.941101129   15.291842031   -0.113446047
   -1.047197551    1.047197551    7.166983260   32.568019402   -0.826000000
   -0.872664626    1.047197551   14.007841453   44.509732129   -1.451513460
   -0.698131701    1.047197551   22.235488860   48.187782576   -1.682897878
   -0.523598776    1.047197551   30.360879794   43.574318811   -1.182583018
   -0.349065850    1.047197551   37.091817741   32.661476251    0.341158937
   -0.174532925    1.047197551   41.574026338   18.265813895    3.053339643
    0.000000000    1.047197551   43.453483201    3.341307867    6.936673894
    0.174532925    1.047197551   42.893098242   -9.190428271   11.754155939
    0.349065850    1.047197551   40.573605473  -16.373714498   17.025922005
    0.523598776    1.047197551   37.651343255  -15.810377355   22.062060041
    0.698131701    1.047197551   35.571881218   -6.828235138   26.071805997
    0.872664626    1.047197551   35.685015293    8.826560280   28.351402271
    1.047197551    1.047197551   38.832303319   27.194778294   28.510345751
    1.221730476    1.047197551   45.069080693   43.470648568   26.607559765
    1.396263402    1.047197551   53.655317322   53.609657320   23.098422974
    1.570796327    1.047197551   63.296088102   55.333218240   18.644168168
    1.745329252    1.047197551   72.469883210   48.369136198   13.873714417
    1.919862177    1.047197551   79.747755099   33.904835940    9.250106900
    2.094395102    1.047197551   83.999372929   14.085694063    5.048369196
    2.268928028    1.047197551   84.516016355   -8.414781294    1.425167026
    2.443460953    1.047197551   81.080832944  -30.684356575   -1.511729641
    2.617993878    1.047197551   74.000564106  -49.736294614   -3.670939935
    2.792526803    1.047197551   64.095199573  -62.605901591   -4.984158238
    2.967059728    1.047197551   52.649352420  -67.116472644   -5.448473876

   -3.141592654    1.396263402   36.380508173  -61.206926009  -10.617830859
   -2.967059728    1.396263402   26.807719146  -47.637658360   -9.019504435
   -2.792526803    1.396263402   19.934693456  -31.069559550   -7.065232738
   -2.617993878    1.396263402   15.855890326  -16.393348222   -5.102508715
   -2.443460953    1.396263402   13.867221534   -7.591439234   -3.353555650
   -2.268928028    1.396263402   12.775661215   -6.082885632   -1.876494876
   -2.094395102    1.396263402   11.405972254  -10.280510983   -0.609127974
   -1.919862177    1.396263402    9.083380465  -16.223540231    0.515311031
   -1.745329252    1.396263402    5.922421067  -19.137970085    1.454373224
   -1.570796327    1.396263402    2.798823231  -15.388635344    2.038743775
   -1.396263402    1.396263402    0.998815122   -4.115496504    2.075059146
   -1.221730476    1.396263402    1.672905739   12.283650429    1.523811724
   -1.047197551    1.396263402    5.330072125   29.215238461    0.621467454
   -0.872664626    1.396263402   11.637411995   41.952817527   -0.147796091
   -0.698131701    1.396263402   19.578390289   47.647826596   -0.214885187
   -0.523598776    1.396263402   27.856653225   45.982078214    0.868941319
   -0.349065850    1.396263402   35.297781159   38.397925260    3.297169166
   -0.174532925    1.396263402   41.055859336   27.043693887    6.976796928
    0.000000000    1.396263402   44.668618127   14.220636247   11.563141879
    0.174532925    1.396263402   46.085802703    2.304823430   16.513044773
    0.349065850    1.396263402   45.696369144   -6.066433819   21.132096912
    0.523598776    1.396263402   44.338099636   -8.458342992   24.664957052
    0.698131701    1.396263402   43.185282256   -3.701965116   26.449929807
    0.872664626    1.396263402   43.442509923    7.384002372   26.114208260
    1.047197551    1.396263402   45.984347113   21.894548163   23.726003023
    1.221730476    1.396263402   51.061766258   35.749704888   19.783557122
    1.396263402    1.396263402   58.204582744   45.020624879   15.013198155
    1.570796327    1.396263402   66.354741328   46.958635705   10.099714670
    1.745329252    1.396263402   74.120331159   40.621443999    5.480543870
    1.919862177    1.396263402   80.097220915   26.707999247    1.323040996
    2.094395102    1.396263402   83.126853154    7.264588001   -2.373678433
    2.268928028    1.396263402   82.485290831  -14.829302719   -5.618456495
    2.443460953    1.396263402   77.987624828  -36.363526859   -8.331987002
    2.617993878    1.396263402   70.016905332  -54.154382417  -10.338263399
    2.792526803    1.396263402   59.486477895  -65.264468055  -11.433235095
    2.967059728    1.396263402   47.751435439  -67.728840877  -11.506739763

   -3.141592654    1.745329252   30.233054769  -58.617028954  -16.861771809
   -2.967059728    1.745329252   21.257942262  -43.506382174  -15.476491951
   -2.792526803    1.745329252   15.178310102  -26.257324732  -13.562078239
   -2.617993878    1.745329252   11.940058183  -11.682530264  -11.393937335
   -2.443460953    1.745329252   10.727839060   -3.451090302   -9.151968930
   -2.268928028    1.745329252   10.300534533   -2.604052298   -6.882667264
   -2.094395102    1.745329252    9.488031959   -7.357571129   -4.535318556
   -1.919862177    1.745329252    7.630194971  -13.846197436   -2.078810404
   -1.745329252    1.745329252    4.819787292  -17.570627462    0.374443138
   -1.570796327    1.745329252    1.868198283  -15.061270737    2.540734363
   -1.396263402    1.745329252    0.000000000   -5.226881801    4.087368459
   -1.221730476    1.745329252    0.380601588   10.150560103    4.849899908
   -1.047197551    1.745329252    3.653810891   27.165503042    4.995553870
   -0.872664626    1.745329252    9.715445838   41.420334034    4.999783181
   -0.698131701    1.745329252   17.786289485   49.820138150    5.444739249
   -0.523598776    1.745329252   26.720570386   51.334989935    6.763352117
   -0.349065850    1.745329252   35.353389233   46.571131805    9.071710042
   -0.174532925    1.745329252   42.710240276   36.964823200   12.155352642
    0.000000000    1.745329252   48.098261915   24.363885491   15.543332308
    0.174532925    1.745329252   51.181244460   10.957976208   18.612921586
    0.349065850    1.745329252   52.053605235   -0.501887443   20.691171879
    0.523598776    1.745329252   51.308994467   -7.112011830   21.190774913
    0.698131701    1.745329252   49.993680209   -6.867451322   19.782597263
    0.872664626    1.745329252   49.351079439    0.443521701   16.553111662
    1.047197551    1.745329252   50.462465680   12.741570674   12.036809255
    1.221730476    1.745329252   53.882133735   26.182161785    7.047523903
    1.396263402    1.745329252   59.423744994   36.399344117    2.361817398
    1.570796327    1.745329252   66.196094129   39.799839749   -1.560339543
    1.745329252    1.745329252   72.824858670   34.664719642   -4.678688034
    1.919862177    1.745329252   77.821369406   21.323114782   -7.247428748
    2.094395102    1.745329252   79.920809000    1.945639647   -9.588605810
    2.268928028    1.745329252   78.347236057  -20.148520653  -11.879737410
    2.443460953    1.745329252   72.948870352  -41.252955103  -14.071532210
    2.617993878    1.745329252   64.214267756  -57.868589358  -15.925490620
    2.792526803    1.745329252   53.190446977  -67.087982539  -17.130954086
    2.967059728    1.745329252   41.332586956  -67.278602683  -17.461471578

   -3.141592654    2.094395102   23.295363549  -57.107344586  -18.367792603
   -2.967059728    2.094395102   14.706666003  -40.667873010  -17.069445656
   -2.792526803    2.094395102    9.201739067  -22.604100229  -15.165576182
   -2.617993878    2.094395102    6.638801791   -7.659415202  -12.884860544
   -2.443460953    2.094395102    6.142745599    0.712606757  -10.377255082
   -2.268928028    2.094395102    6.455083682    1.721828525   -7.665018792
   -2.094395102    2.094395102    6.421433836   -2.746945355   -4.670071696
   -1.919862177    2.094395102    5.394427453   -8.969227871   -1.333967343
   -1.745329252    2.094395102    3.437375585  -12.757601432    2.238795032
   -1.570796327    2.094395102    1.280353915  -10.876662193    5.727382857
   -1.396263402    2.094395102    0.052766074   -2.129132562    8.706142846
   -1.221730476    2.094395102    0.877417155   12.184862004   10.870243177
   -1.047197551    2.094395102    4.455388813   28.759443226   12.220318989
   -0.872664626    2.094395102   10.826225345   43.529986328   13.063118927
   -0.698131701    2.094395102   19.372145904   53.254257057   13.821993731
   -0.523598776    2.094395102   29.044506600   56.337252383   14.792363110
   -0.349065850    2.094395102   38.661340295   52.716472692   15.987212239
   -0.174532925    2.094395102   47.121942694   43.267046685   17.148344945
    0.000000000    2.094395102   53.530890155   29.529708841   17.842865269
    0.174532925    2.094395102   57.318895406   13.653826783   17.586059597
    0.349065850    2.094395102   58.364575298   -1.353313682   15.965546320
    0.523598776    2.094395102   57.120251607  -11.991923569   12.784560042
    0.698131701    2.094395102   54.624061601  -15.356855225    8.202801260
    0.872664626    2.094395102   52.278378426  -10.283707290    2.796555685
    1.047197551    2.094395102   51.462906313    1.726003011   -2.563154059
    1.221730476    2.094395102   53.071489019   16.694258767   -7.014776653
    1.396263402    2.094395102   57.171689188   29.451189763  -10.047262788
    1.570796327    2.094395102   62.955597366   35.330999656  -11.679559456
    1.745329252    2.094395102   68.960089175   31.800249536  -12.381182773
    1.919862177    2.094395102   73.513425226   18.938418324  -12.797264505
    2.094395102    2.094395102   75.173770816   -0.781509458  -13.450382405
    2.268928028    2.094395102   73.072255185  -23.445948627  -14.555298120
    2.443460953    2.094395102   67.070855160  -44.760231061  -16.003170828
    2.617993878    2.094395102   57.755462028  -60.872288893  -17.461109332
    2.792526803    2.094395102   46.303302512  -68.879803256  -18.523470491
    2.967059728    2.094395102   34.272314186  -67.425896114  -18.872700461

   -3.141592654    2.443460953   17.145609760  -56.305931207  -12.351867620
   -2.967059728    2.443460953    8.812772468  -38.569953931  -11.063736299
   -2.792526803    2.443460953    3.772596021  -19.428482793   -9.373297739
   -2.617993878    2.443460953    1.841015299   -3.637376996   -7.417918147
   -2.443460953    2.443460953    2.110925938    5.455411888   -5.252309120
   -2.268928028    2.443460953    3.315763615    7.215149697   -2.811765022
   -2.094395102    2.443460953    4.313808992    3.586168856    0.060767648
   -1.919862177    2.443460953    4.463374480   -1.860166369    3.503019684
   -1.745329252    2.443460953    3.788970721   -5.272251778    7.483353818
   -1.570796327    2.443460953    2.922025328   -3.716467741   11.711527373
   -1.396263402    2.443460953    2.863123125    3.994533453   15.700659621
   -1.221730476    2.443460953    4.637339885   16.917945884   18.957877435
   -1.047197551    2.443460953    8.929222776   32.267363403   21.188869266
   -0.872664626    2.443460953   15.841014193   46.308577617   22.374933790
   -0.698131701    2.443460953   24.841499361   55.730421015   22.681316585
   -0.523598776    2.443460953   34.924304865   58.519288874   22.285961185
   -0.349065850    2.443460953   44.865999250   54.141700757   21.244048043
   -0.174532925    2.443460953   53.453465816   43.150019817   19.474980912
    0.000000000    2.443460953   59.645822157   27.030466978   16.818769874
    0.174532925    2.443460953   62.742150955    8.150369845   13.124605644
    0.349065850    2.443460953   62.549843413  -10.005774721    8.353378683
    0.523598776    2.443460953   59.555012120  -23.230224654    2.688319635
    0.698131701    2.443460953   54.964462683  -27.821281770   -3.386506824
    0.872664626    2.443460953   50.473418064  -22.055246599   -9.109947695
    1.047197551    2.443460953   47.804343601   -7.465932485  -13.641615037
    1.221730476    2.443460953   48.124852050   11.229423234  -16.375481747
    1.396263402    2.443460953   51.603380564   27.695301390  -17.192859511
    1.570796327    2.443460953   57.330730692   36.204506895  -16.507701494
    1.745329252    2.443460953   63.600780848   33.706725399  -15.062284101
    1.919862177    2.443460953   68.467664175   20.434052323  -13.615498833
    2.094395102    2.443460953   70.285894631   -0.534884271  -12.677313229
    2.268928028    2.443460953   68.104250625  -24.567532663  -12.403491421
    2.443460953    2.443460953   61.817485303  -46.796139204  -12.643306061
    2.617993878    2.443460953   52.119905114  -63.075087866  -13.068040547
    2.792526803    2.443460953   40.323257967  -70.512849533  -13.314694434
    2.967059728    2.443460953   28.098430714  -67.956410727  -13.114873904

   -3.141592654    2.792526803   14.507558425  -55.066794025    1.295831560
   -2.967059728    2.792526803    6.431468619  -36.883709459    2.842607963
   -2.792526803    2.792526803    1.722339057  -17.331120059    4.261060625
   -2.617993878    2.792526803    0.195834644   -1.078252536    5.555618844
   -2.443460953    2.792526803    0.965528982    8.661058298    6.859334974
   -2.268928028    2.792526803    2.808740698   11.377228337    8.412279200
   -2.094395102    2.792526803    4.642202534    9.040430972   10.491123363
   -1.919862177    2.792526803    5.870637231    5.045066315   13.294492156
   -1.745329252    2.792526803    6.514575145    2.845796923   16.813993540
   -1.570796327    2.792526803    7.122373285    4.908319012   20.753822612
   -1.396263402    2.792526803    8.540627482   12.116178927   24.577520211
   -1.221730476    2.792526803   11.615523833   23.556162232   27.669795746
   -1.047197551    2.792526803   16.885827359   36.767644271   29.541325512
   -0.872664626    2.792526803   24.375024378   48.409787526   29.953264667
   -0.698131701    2.792526803   33.530439372   55.412774042   28.909809112
   -0.523598776    2.792526803   43.347101107   55.779317226   26.558024443
   -0.349065850    2.792526803   52.595216040   48.918087449   23.077395386
   -0.174532925    2.792526803   60.049016771   35.381407701   18.640037572
    0.000000000    2.792526803   64.668213882   16.806868652   13.414930200
    0.174532925    2.792526803   65.792604620   -4.126480730    7.592774890
    0.349065850    2.792526803   63.334835028  -23.508614457    1.437157300
    0.523598776    2.792526803   57.965938279  -36.677414127   -4.661976110
    0.698131701    2.792526803   51.149023417  -39.592406899  -10.164498442
    0.872664626    2.792526803   44.866915008  -30.558873893  -14.444019059
    1.047197551    2.792526803   41.079740936  -11.666954073  -16.976653137
    1.221730476    2.792526803   41.053624014   11.385461261  -17.569127648
    1.396263402    2.792526803   44.873114949   31.219629598  -16.467631646
    1.570796327    2.792526803   51.391844904   41.468723459  -14.274057007
    1.745329252    2.792526803   58.608508131   39.053255224  -11.691809693
    1.919862177    2.792526803   64.325922038   24.708025993   -9.277717594
    2.094395102    2.792526803   66.758190850    2.217323715   -7.297593548
    2.268928028    2.792526803   64.931687671  -23.184376631   -5.742901892
    2.443460953    2.792526803   58.802040217  -46.283636285   -4.439569591
    2.617993878    2.792526803   49.160214872  -62.858953985   -3.178676374
    2.792526803    2.792526803   37.409932680  -70.145954597   -1.808377216
    2.967059728    2.792526803   25.283335366  -67.188586127   -0.293811531
