#! FIELDS phi psi file.free der_phi der_psi
#! SET min_phi -pi
#! SET max_phi pi
#! SET nbins_phi  36
#! SET periodic_phi true
#! SET min_psi -pi
#! SET max_psi pi
#! SET nbins_psi  18
#! SET periodic_psi true
   -3.141592654   -3.141592654   17.446529577  -35.545113315    6.621474504
   -2.967059728   -3.141592654   11.490817146  -31.669709793    8.500564746
   -2.792526803   -3.141592654    6.719139568  -22.234858993   10.145006973
   -2.617993878   -3.141592654    3.904493453   -9.823989737   11.435726527
   -2.443460953   -3.141592654    3.245760145    1.852659110   12.422734559
   -2.268928028   -3.141592654    4.327765843    9.762773468   13.288086517
   -2.094395102   -3.141592654    6.372646359   12.922122430   14.233191372
   -1.919862177   -3.141592654    8.630214924   12.543807657   15.348665656
   -1.745329252   -3.141592654   10.685649094   11.028380254   16.529026519
   -1.570796327   -3.141592654   12.543109706   10.556637087   17.474549861
   -1.396263402   -3.141592654   14.490834170   12.101899733   17.789078064
   -1.221730476   -3.141592654   16.862077788   15.234875194   17.142243204
   -1.047197551   -3.141592654   19.824608163   18.609552541   15.426026660
   -0.872664626   -3.141592654   23.288663604   20.729175065   12.824754151
   -0.698131701   -3.141592654   26.940834777   20.672377693    9.757248016
   -0.523598776   -3.141592654   30.382071783   18.366893374    6.720490922
   -0.349065850   -3.141592654   33.270128933   14.513911507    4.108863308
   -0.174532925   -3.141592654   35.423138772   10.116460537    2.108451038
    0.000000000   -3.141592654   36.827454555    6.081043851    0.691515385
    0.174532925   -3.141592654   37.598558912    2.896135507   -0.312524226
    0.349065850   -3.141592654   37.903132619    0.726103146   -1.097361861
    0.523598776   -3.141592654   37.913800755   -0.471591614   -1.784257992
    0.698131701   -3.141592654   37.790194394   -0.858577626   -2.384909783
    0.872664626   -3.141592654   37.657762780   -0.601562481   -2.816916801
    1.047197551   -3.141592654   37.606463464    0.035207663   -2.978841722
    1.221730476   -3.141592654   37.675863195    0.730127708   -2.825845523
    1.396263402   -3.141592654   37.848854017    1.204952033   -2.401335223
    1.570796327   -3.141592654   38.068722044    1.247961776   -1.823530145
    1.745329252   -3.141592654   38.249966483    0.742722576   -1.223416925
    1.919862177   -3.141592654   38.285342521   -0.465325135   -0.685104323
    2.094395102   -3.141592654   38.027288170   -2.691069086   -0.212272634
    2.268928028   -3.141592654   37.258433441   -6.405364657    0.270938964
    2.443460953   -3.141592654   35.679792462  -12.003665824    0.895204258
    2.617993878   -3.141592654   32.964214186  -19.333936818    1.802129156
    2.792526803   -3.141592654   28.894571094  -27.236068041    3.086253277
    2.967059728   -3.141592654   23.550672360  -33.503947485    4.739412855

   -3.141592654   -2.792526803   20.481586602  -30.674828205   10.374814305
   -2.967059728   -2.792526803   15.339443499  -27.342344950   13.108483825
   -2.792526803   -2.792526803   11.229338337  -19.056642178   15.302181622
   -2.617993878   -2.792526803    8.850085354   -8.008447780   16.711421455
   -2.443460953   -2.792526803    8.404118958    2.547302763   17.362682957
   -2.268928028   -2.792526803    9.546855475    9.859261683   17.510498594
   -2.094395102   -2.792526803   11.594627584   12.926429740   17.478344904
   -1.919862177   -2.792526803   13.864518354   12.688370439   17.478763009
   -1.745329252   -2.792526803   15.949625593   11.170604020   17.507872593
   -1.570796327   -2.792526803   17.801258248   10.260612319   17.359483720
   -1.396263402   -2.792526803   19.621045046   10.853384998   16.739006723
   -1.221730476   -2.792526803   21.664160491   12.693677263   15.416513683
   -1.047197551   -2.792526803   24.068225259   14.789705115   13.348846488
   -0.872664626   -2.792526803   26.779984086   16.028620882   10.716322791
   -0.698131701   -2.792526803   29.579924909   15.733298674    7.864021432
   -0.523598776   -2.792526803   32.186245451   13.841185957    5.172559610
   -0.349065850   -2.792526803   34.354790154   10.846335773    2.924052776
   -0.174532925   -2.792526803   35.953449053    7.432165046    1.221904795
    0.000000000   -2.792526803   36.964108297    4.211178084   -0.007064224
    0.174532925   -2.792526803   37.457503192    1.533383905   -0.949611395
    0.349065850   -2.792526803   37.546782431   -0.406608947   -1.792511057
    0.523598776   -2.792526803   37.369001902   -1.498041246   -2.628770904
    0.698131701   -2.792526803   37.078381818   -1.715135460   -3.418989428
    0.872664626   -2.792526803   36.822512166   -1.120983131   -4.013865339
    1.047197551   -2.792526803   36.720981992   -0.001520658   -4.249985345
    1.221730476   -2.792526803   36.828752609    1.201563930   -4.048506049
    1.396263402   -2.792526803   37.120131615    2.058106994   -3.460143956
    1.570796327   -2.792526803   37.507690118    2.277597179   -2.644094600
    1.745329252   -2.792526803   37.870337880    1.768036467   -1.782547168
    1.919862177   -2.792526803   38.078726269    0.494089779   -0.993276296
    2.094395102   -2.792526803   37.989030160   -1.691579114   -0.278550455
    2.268928028   -2.792526803   37.415962795   -5.109679729    0.477981715
    2.443460953   -2.792526803   36.113942142  -10.073102866    1.474374983
    2.617993878   -2.792526803   33.813450088  -16.472027539    2.921228937
    2.792526803   -2.792526803   30.333692549  -23.350839777    4.949183590
    2.967059728   -2.792526803   25.742775131  -28.836149757    7.518583519

   -3.141592654   -2.443460953   24.420540482  -24.454886796   11.576441830
   -2.967059728   -2.443460953   20.308438056  -21.928381669   14.555869399
   -2.792526803   -2.443460953   17.009910942  -15.274134902   16.846679481
   -2.617993878   -2.443460953   15.121378926   -6.165493474   18.125384944
   -2.443460953   -2.443460953   14.846000543    2.752445996   18.371213044
   -2.268928028   -2.443460953   15.930399849    9.111271923   17.838380918
   -2.094395102   -2.443460953   17.815226438   11.898670340   16.897065441
   -1.919862177   -2.443460953   19.909001971   11.716392342   15.845706861
   -1.745329252   -2.443460953   21.824632685   10.150950925   14.797750731
   -1.570796327   -2.443460953   23.465528049    8.785115364   13.688048580
   -1.396263402   -2.443460953   24.954246828    8.470926751   12.368195459
   -1.221730476   -2.443460953   26.482362273    9.163225831   10.723741812
   -1.047197551   -2.443460953   28.175026244   10.221196115    8.754773414
   -0.872664626   -2.443460953   30.028875662   10.872386224    6.590736051
   -0.698131701   -2.443460953   31.921893232   10.616193193    4.446887115
   -0.523598776   -2.443460953   33.681263363    9.342407942    2.538837606
   -0.349065850   -2.443460953   35.144133052    7.289451275    1.001447392
   -0.174532925   -2.443460953   36.204655993    4.798161212   -0.164047269
    0.000000000   -2.443460953   36.814724698    2.190045913   -1.084461550
    0.174532925   -2.443460953   36.978513621   -0.281975518   -1.960041287
    0.349065850   -2.443460953   36.745567452   -2.301675811   -2.957030157
    0.523598776   -2.443460953   36.227166199   -3.473782884   -4.109531767
    0.698131701   -2.443460953   35.604724749   -3.463853260   -5.276230242
    0.872664626   -2.443460953   35.095614108   -2.192874551   -6.180138285
    1.047197551   -2.443460953   34.892711747   -0.051187081   -6.544488986
    1.221730476   -2.443460953   35.086713463    2.219733164   -6.235382890
    1.396263402   -2.443460953   35.630334594    3.859534595   -5.330079765
    1.570796327   -2.443460953   36.367903037    4.404073934   -4.076047287
    1.745329252   -2.443460953   37.099415749    3.814028432   -2.761342771
    1.919862177   -2.443460953   37.643184963    2.285041432   -1.581649866
    2.094395102   -2.443460953   37.850915443   -0.031924314   -0.567915594
    2.268928028   -2.443460953   37.581706681   -3.211703622    0.413797877
    2.443460953   -2.443460953   36.667399623   -7.447312097    1.604680687
    2.617993878   -2.443460953   34.921050054  -12.696754312    3.261235452
    2.792526803   -2.443460953   32.213596359  -18.291475385    5.544020030
    2.967059728   -2.443460953   28.599036715  -22.811385036    8.413282158

   -3.141592654   -2.094395102   28.280023112  -18.486971846   10.154437327
   -2.967059728   -2.094395102   25.142430947  -16.907311058   12.694532943
   -2.792526803   -2.094395102   22.570662273  -12.080343053   14.560753042
   -2.617993878   -2.094395102   21.048766277   -5.163968087   15.441517677
   -2.443460953   -2.094395102   20.772282913    1.828994873   15.295175866
   -2.268928028   -2.094395102   21.576543474    6.955767806   14.338715345
   -2.094395102   -2.094395102   23.032358748    9.244006466   12.918582934
   -1.919862177   -2.094395102   24.654834370    9.012777019   11.349765571
   -1.745329252   -2.094395102   26.102006205    7.471936523    9.811240101
   -1.570796327   -2.094395102   27.265956503    5.962734865    8.338390717
   -1.396263402   -2.094395102   28.235493224    5.323261721    6.886104789
   -1.221730476   -2.094395102   29.182355222    5.664729628    5.407741976
   -1.047197551   -2.094395102   30.244634201    6.542877102    3.907204987
   -0.872664626   -2.094395102   31.461559549    7.317241836    2.449090451
   -0.698131701   -2.094395102   32.766628311    7.488994300    1.134639558
   -0.523598776   -2.094395102   34.032256473    6.839046294    0.050416922
   -0.349065850   -2.094395102   35.113368724    5.404832238   -0.778800397
   -0.174532925   -2.094395102   35.883597242    3.306898894   -1.426948040
    0.000000000   -2.094395102   36.240004308    0.705009926   -2.061443065
    0.174532925   -2.094395102   36.115723550   -2.147251627   -2.891862872
    0.349065850   -2.094395102   35.507966203   -4.725963139   -4.063825748
    0.523598776   -2.094395102   34.528789432   -6.258240471   -5.552222977
    0.698131701   -2.094395102   33.429051796   -6.022709579   -7.111535721
    0.872664626   -2.094395102   32.547063583   -3.785293294   -8.334948415
    1.047197551   -2.094395102   32.193365361   -0.129318008   -8.829583415
    1.221730476   -2.094395102   32.515311640    3.731286695   -8.408836619
    1.396263402   -2.094395102   33.433290328    6.531146721   -7.180510634
    1.570796327   -2.094395102   34.688332149    7.537608930   -5.486453021
    1.745329252   -2.094395102   35.959733767    6.781860240   -3.726844558
    1.919862177   -2.094395102   36.982129989    4.782306419   -2.183366422
    2.094395102   -2.094395102   37.589037856    2.090371305   -0.929740813
    2.268928028   -2.094395102   37.685701035   -1.055995449    0.160163582
    2.443460953   -2.094395102   37.190449958   -4.710498317    1.333838226
    2.617993878   -2.094395102   36.008250131   -8.911718204    2.853923856
    2.792526803   -2.094395102   34.067722231  -13.302044178    4.886808509
    2.967059728   -2.094395102   31.410620669  -16.938530830    7.407744424

   -3.141592654   -1.745329252   30.957638421  -14.468712257    8.013908543
   -2.967059728   -1.745329252   28.467012265  -13.641455786    9.904262381
   -2.792526803   -1.745329252   26.350610471  -10.214306175   11.174922061
   -2.617993878   -1.745329252   25.006092578   -5.013686328   11.563308146
   -2.443460953   -1.745329252   24.611115021    0.371026204   11.021778979
   -2.268928028   -1.745329252   25.049757140    4.308379605    9.709455547
   -2.094395102   -1.745329252   25.976878219    5.913630443    7.898902326
   -1.919862177   -1.745329252   26.989321374    5.407181618    5.867075958
   -1.745329252   -1.745329252   27.802485636    3.843707611    3.831847373
   -1.570796327   -1.745329252   28.343044086    2.471501179    1.950487462
   -1.396263402   -1.745329252   28.726332232    2.125465335    0.343626194
   -1.221730476   -1.745329252   29.154109817    2.948351034   -0.898052058
   -1.047197551   -1.745329252   29.797307470    4.486152660   -1.733199770
   -0.872664626   -1.745329252   30.720387921    6.020609061   -2.187639885
   -0.698131701   -1.745329252   31.863043571    6.911873411   -2.346142140
   -0.523598776   -1.745329252   33.077627482    6.794347423   -2.329347909
   -0.349065850   -1.745329252   34.174365141    5.569948465   -2.267277662
   -0.174532925   -1.745329252   34.961551656    3.265560364   -2.303634125
    0.000000000   -1.745329252   35.260069130    0.012836578   -2.604287232
    0.174532925   -1.745329252   34.931895778   -3.826083342   -3.335175271
    0.349065850   -1.745329252   33.938299418   -7.439398604   -4.583965008
    0.523598776   -1.745329252   32.420841248   -9.605886811   -6.259751458
    0.698131701   -1.745329252   30.739654100   -9.174065620   -8.040437657
    0.872664626   -1.745329252   29.397066880   -5.757901806   -9.440526422
    1.047197551   -1.745329252   28.857366770   -0.217824892  -10.002482726
    1.221730476   -1.745329252   29.340393225    5.620171979   -9.514585444
    1.396263402   -1.745329252   30.724756499    9.852300852   -8.106964683
    1.570796327   -1.745329252   32.620723232   11.404426516   -6.178712101
    1.745329252   -1.745329252   34.554027124   10.389774501   -4.193382407
    1.919862177   -1.745329252   36.149454589    7.706573208   -2.480410143
    2.094395102   -1.745329252   37.206272364    4.358460688   -1.140022251
    2.268928028   -1.745329252   37.665890932    0.911929836   -0.060220722
    2.443460953   -1.745329252   37.523362709   -2.556800067    0.992276596
    2.617993878   -1.745329252   36.764401151   -6.164483938    2.261917995
    2.792526803   -1.745329252   35.369001204   -9.808236197    3.901364886
    2.967059728   -1.745329252   33.375594687  -12.909244967    5.892982126

   -3.141592654   -1.396263402   32.786986552  -11.925819223    5.500149866
   -2.967059728   -1.396263402   30.685519672  -11.823262228    6.660226363
   -2.792526803   -1.396263402   28.786246019   -9.611000277    7.293240933
   -2.617993878   -1.396263402   27.420083797   -5.882419580    7.207855354
   -2.443460953   -1.396263402   26.745694953   -1.933171483    6.367921024
   -2.268928028   -1.396263402   26.675346457    0.838802501    4.877308125
   -2.094395102   -1.396263402   26.923660939    1.677737722    2.912383747
   -1.919862177   -1.396263402   27.162993455    0.863835410    0.663563608
   -1.745329252   -1.396263402   27.192432451   -0.507395305   -1.673246694
   -1.570796327   -1.396263402   27.028379022   -1.166160914   -3.868512418
   -1.396263402   -1.396263402   26.873522697   -0.339276871   -5.652929620
   -1.221730476   -1.396263402   26.994213333    1.913787519   -6.775089754
   -1.047197551   -1.396263402   27.579517146    4.823867373   -7.101745774
   -0.872664626   -1.396263402   28.656418970    7.373802339   -6.686854254
   -0.698131701   -1.396263402   30.085538642    8.753966241   -5.757158885
   -0.523598776   -1.396263402   31.625817440    8.607704813   -4.627498495
   -0.349065850   -1.396263402   33.004929687    6.935398783   -3.597574918
   -0.174532925   -1.396263402   33.966758358    3.853309210   -2.901790218
    0.000000000   -1.396263402   34.279827095   -0.448761386   -2.707731090
    0.174532925   -1.396263402   33.765633021   -5.508846190   -3.121089407
    0.349065850   -1.396263402   32.374461006  -10.269721689   -4.152235198
    0.523598776   -1.396263402   30.294751638  -13.102005800   -5.652031115
    0.698131701   -1.396263402   28.008034776  -12.451010663   -7.277001022
    0.872664626   -1.396263402   26.188320331   -7.792054992   -8.555323893
    1.047197551   -1.396263402   25.458780597   -0.291103944   -9.057681146
    1.221730476   -1.396263402   26.111218940    7.586344246   -8.593322287
    1.396263402   -1.396263402   27.978048846   13.273632391   -7.292303205
    1.570796327   -1.396263402   30.531331123   15.353672526   -5.529849690
    1.745329252   -1.396263402   33.136972916   14.031516199   -3.734513713
    1.919862177   -1.396263402   35.305496176   10.594588558   -2.207841512
    2.094395102   -1.396263402   36.797873451    6.493000098   -1.043457710
    2.268928028   -1.396263402   37.585576315    2.604197897   -0.150371176
    2.443460953   -1.396263402   37.730512670   -0.886091183    0.661477810
    2.617993878   -1.396263402   37.287434959   -4.173096337    1.585963783
    2.792526803   -1.396263402   36.278674450   -7.374283553    2.739046642
    2.967059728   -1.396263402   34.739353940  -10.208520592    4.102419899

   -3.141592654   -1.047197551   33.439271298  -11.306927492    3.621461103
   -2.967059728   -1.047197551   31.404793554  -11.716985264    4.110589931
   -2.792526803   -1.047197551   29.464541496  -10.209908218    4.073950255
   -2.617993878   -1.047197551   27.926026868   -7.259009740    3.387112998
   -2.443460953   -1.047197551   26.946144748   -4.042500360    2.054165268
   -2.268928028   -1.047197551   26.451381428   -1.894806838    0.177844306
   -2.094395102   -1.047197551   26.177580598   -1.546734460   -2.098324914
   -1.919862177   -1.047197551   25.824201615   -2.663784884   -4.616086063
   -1.745329252   -1.047197551   25.233598810   -4.016352257   -7.170767572
   -1.570796327   -1.047197551   24.493770550   -4.160416785   -9.463619566
   -1.396263402   -1.047197551   23.903495529   -2.242413415  -11.117180499
   -1.221730476   -1.047197551   23.821040083    1.536660484  -11.790343112
   -1.047197551   -1.047197551   24.481784974    6.043588504  -11.338460521
   -0.872664626   -1.047197551   25.887485872    9.835417064   -9.906100202
   -0.698131701   -1.047197551   27.808643316   11.811103848   -7.881812848
   -0.523598776   -1.047197551   29.883655878   11.570556458   -5.748666469
   -0.349065850   -1.047197551   31.730063469    9.253866128   -3.915351991
   -0.174532925   -1.047197551   33.013275981    5.172188189   -2.631820371
    0.000000000   -1.047197551   33.454664293   -0.318003034   -1.996570925
    0.174532925   -1.047197551   32.855316656   -6.608448839   -2.000931626
    0.349065850   -1.047197551   31.175132539  -12.430157659   -2.557536295
    0.523598776   -1.047197551   28.657807894  -15.852776159   -3.491472067
    0.698131701   -1.047197551   25.893793251  -15.034706588   -4.528110500
    0.872664626   -1.047197551   23.699855241   -9.374357218   -5.337600231
    1.047197551   -1.047197551   22.826416076   -0.308369350   -5.637541994
    1.221730476   -1.047197551   23.619657349    9.173461328   -5.314288748
    1.396263402   -1.047197551   25.871003088   15.978006058   -4.465690958
    1.570796327   -1.047197551   28.939802448   18.428918294   -3.343002368
    1.745329252   -1.047197551   32.064776357   16.818547774   -2.219970651
    1.919862177   -1.047197551   34.666601755   12.743335401   -1.278173586
    2.094395102   -1.047197551   36.475199206    7.988274659   -0.561061902
    2.268928028   -1.047197551   37.480583090    3.646729274    0.003554864
    2.443460953   -1.047197551   37.787093910   -0.035505836    0.543504482
    2.617993878   -1.047197551   37.490842497   -3.318313574    1.176889068
    2.792526803   -1.047197551   36.637063801   -6.457451911    1.955554224
    2.967059728   -1.047197551   35.257568289   -9.335229553    2.826755292

   -3.141592654   -0.698131701   33.923986134  -11.235242715    1.019004424
   -2.967059728   -0.698131701   31.842549026  -12.366711164    0.780014933
   -2.792526803   -0.698131701   29.712372840  -11.750791155    0.125757462
   -2.617993878   -0.698131701   27.825828668   -9.692635198   -1.005715516
   -2.443460953   -0.698131701   26.352234500   -7.238634763   -2.605714189
   -2.268928028   -0.698131701   25.245472738   -5.684335125   -4.614169918
   -2.094395102   -0.698131701   24.270113703   -5.768383466   -6.939692777
   -1.919862177   -0.698131701   23.157400490   -7.093163832   -9.446836710
   -1.745329252   -0.698131701   21.804808699   -8.224356178  -11.906660484
   -1.570796327   -0.698131701   20.398471095   -7.458740518  -13.962316070
   -1.396263402   -0.698131701   19.369644360   -3.848134958  -15.179778022
   -1.221730476   -0.698131701   19.196976534    2.158080245  -15.201325898
   -1.047197551   -0.698131701   20.163389371    8.868486909  -13.926693466
   -0.872664626   -0.698131701   22.211934867   14.233775978  -11.598450070
   -0.698131701   -0.698131701   24.966778427   16.789912681   -8.723244881
   -0.523598776   -0.698131701   27.889337300   16.162967087   -5.878734814
   -0.349065850   -0.698131701   30.453035608   12.805417666   -3.507652526
   -0.174532925   -0.698131701   32.243996936    7.421377618   -1.817842912
    0.000000000   -0.698131701   32.966082661    0.672434161   -0.802846836
    0.174532925   -0.698131701   32.444154200   -6.668367985   -0.321961430
    0.349065850   -0.698131701   30.683064447  -13.243228912   -0.195119457
    0.523598776   -0.698131701   27.985292581  -17.042712828   -0.257648614
    0.698131701   -0.698131701   25.013050484  -16.166211742   -0.377311007
    0.872664626   -0.698131701   22.658279498  -10.035044285   -0.462611021
    1.047197551   -0.698131701   21.730799774   -0.252499575   -0.463359059
    1.221730476   -0.698131701   22.597387075    9.931287460   -0.378006484
    1.396263402   -0.698131701   25.025297335   17.187674364   -0.242786165
    1.570796327   -0.698131701   28.319661928   19.748121653   -0.107531066
    1.745329252   -0.698131701   31.663595013   17.974576052   -0.005550745
    1.919862177   -0.698131701   34.443468684   13.623126292    0.059786275
    2.094395102   -0.698131701   36.383502762    8.631744427    0.111923004
    2.268928028   -0.698131701   37.489464990    4.180303253    0.186905450
    2.443460953   -0.698131701   37.889316992    0.519201186    0.317007069
    2.617993878   -0.698131701   37.697059818   -2.678502228    0.514304158
    2.792526803   -0.698131701   36.959391350   -5.785642839    0.754308615
    2.967059728   -0.698131701   35.687144155   -8.824465138    0.963429284

   -3.141592654   -0.349065850   33.831637547  -12.097027336   -1.125343696
   -2.967059728   -0.349065850   31.546614939  -13.854435102   -1.864946466
   -2.792526803   -0.349065850   29.095886612  -13.940171376   -2.874973953
   -2.617993878   -0.349065850   26.766620659  -12.567442538   -4.178534664
   -2.443460953   -0.349065850   24.736726426  -10.723492101   -5.781810780
   -2.268928028   -0.349065850   22.975712707   -9.677481145   -7.671779944
   -2.094395102   -0.349065850   21.269461952  -10.116664016   -9.797542815
   -1.919862177   -0.349065850   19.387341633  -11.491295608  -12.031106418
   -1.745329252   -0.349065850   17.301775781  -12.108039659  -14.120818224
   -1.570796327   -0.349065850   15.319598726  -10.031155856  -15.686162236
   -1.396263402   -0.349065850   14.015240775   -4.322187992  -16.302168527
   -1.221730476   -0.349065850   13.976891947    4.189235487  -15.667730387
   -1.047197551   -0.349065850   15.503805910   13.162175923  -13.771975161
   -0.872664626   -0.349065850   18.439866833   19.931043530  -10.945563493
   -0.698131701   -0.349065850   22.228677839   22.746326188   -7.746015562
   -0.523598776   -0.349065850   26.138719040   21.386852757   -4.746187381
   -0.349065850   -0.349065850   29.506812785   16.752399501   -2.328337714
   -0.174532925   -0.349065850   31.869148555   10.045007091   -0.599683873
    0.000000000   -0.349065850   32.954993449    2.284328181    0.568148677
    0.174532925   -0.349065850   32.657650963   -5.637298827    1.429837494
    0.349065850   -0.349065850   31.053211688  -12.437309290    2.223024180
    0.523598776   -0.349065850   28.491100853  -16.288141488    3.062868237
    0.698131701   -0.349065850   25.646707720  -15.483961512    3.903431737
    0.872664626   -0.349065850   23.395883020   -9.562523778    4.570535225
    1.047197551   -0.349065850   22.521600611   -0.140820081    4.867701059
    1.221730476   -0.349065850   23.370755585    9.618433525    4.684832757
    1.396263402   -0.349065850   25.710934917   16.516160192    4.060532272
    1.570796327   -0.349065850   28.868566270   18.886775041    3.163705431
    1.745329252   -0.349065850   32.060137902   17.120840183    2.213877718
    1.919862177   -0.349065850   34.703362144   12.930684101    1.389612779
    2.094395102   -0.349065850   36.542207645    8.170473584    0.778703255
    2.268928028   -0.349065850   37.587737930    3.943515319    0.377780719
    2.443460953   -0.349065850   37.961508245    0.443598690    0.124451035
    2.617993878   -0.349065850   37.762546287   -2.699542836   -0.068207497
    2.792526803   -0.349065850   37.015380886   -5.898167414   -0.288827082
    2.967059728   -0.349065850   35.701678084   -9.214627067   -0.618775800

   -3.141592654    0.000000000   33.329042639  -13.358650456   -2.738078686
   -2.967059728    0.000000000   30.789693432  -15.510381583   -3.735223240
   -2.792526803    0.000000000   28.011639850  -16.042874513   -4.818731470
   -2.617993878    0.000000000   25.272992091  -15.163239012   -5.982028255
   -2.443460953    0.000000000   22.744777622  -13.839128243   -7.254534568
   -2.268928028    0.000000000   20.396659868  -13.274095951   -8.677334010
   -2.094395102    0.000000000   18.032275373  -14.016546740  -10.249958560
   -1.919862177    0.000000000   15.469933575  -15.298921564  -11.872775101
   -1.745329252    0.000000000   12.773125054  -15.179583778  -13.311903668
   -1.570796327    0.000000000   10.376368953  -11.579395067  -14.222862552
   -1.396263402    0.000000000    8.985221929   -3.687638682  -14.252333885
   -1.221730476    0.000000000    9.267175319    7.205263720  -13.192945013
   -1.047197551    0.000000000   11.500532560   18.112791461  -11.110895605
   -0.872664626    0.000000000   15.400839750   25.840219844   -8.359662443
   -0.698131701    0.000000000   20.222377690   28.489606554   -5.451517189
   -0.523598776    0.000000000   25.055807823   26.124421716   -2.861404789
   -0.349065850    0.000000000   29.136259426   20.174598144   -0.851763554
   -0.174532925    0.000000000   31.994278730   12.368421726    0.582800604
    0.000000000    0.000000000   33.428748290    4.057191891    1.661823275
    0.174532925    0.000000000   33.435953192   -3.838981419    2.698981105
    0.349065850    0.000000000   32.175175971  -10.277503943    3.939099849
    0.523598776    0.000000000   30.020081814  -13.838184560    5.428798742
    0.698131701    0.000000000   27.597558253  -13.213694078    6.967923408
    0.872664626    0.000000000   25.680977978   -8.116293497    8.175627679
    1.047197551    0.000000000   24.948623823   -0.017976833    8.673209698
    1.221730476    0.000000000   25.693562554    8.327089011    8.275537928
    1.396263402    0.000000000   27.708563990   14.172427800    7.085217218
    1.570796327    0.000000000   30.410154151   16.117727358    5.437043300
    1.745329252    0.000000000   33.126645266   14.531400617    3.734386541
    1.919862177    0.000000000   35.362772770   10.893015241    2.281590254
    2.094395102    0.000000000   36.901764713    6.765876194    1.204009339
    2.268928028    0.000000000   37.748967801    3.043710044    0.462177499
    2.443460953    0.000000000   37.993735595   -0.173033962   -0.077986348
    2.617993878    0.000000000   37.695203097   -3.256788157   -0.571986111
    2.792526803    0.000000000   36.842261706   -6.574659647   -1.144610877
    2.967059728    0.000000000   35.389230041  -10.138187402   -1.865367223

   -3.141592654    0.349065850   32.366480725  -15.107558462   -3.850963227
   -2.967059728    0.349065850   29.513057377  -17.336497101   -4.895354588
   -2.792526803    0.349065850   26.415177802  -17.875920170   -5.822794472
   -2.617993878    0.349065850   23.355386077  -17.021944457   -6.609343041
   -2.443460953    0.349065850   20.493925166  -15.817612700   -7.313243533
   -2.268928028    0.349065850   17.783296243  -15.457166702   -8.031372133
   -2.094395102    0.349065850   15.021330887  -16.368499692   -8.824432033
   -1.919862177    0.349065850   12.049767061  -17.575755702   -9.653664477
   -1.745329252    0.349065850    8.994918573  -16.911953397  -10.358495470
   -1.570796327    0.349065850    6.386342350  -12.176123137  -10.692056354
   -1.396263402    0.349065850    5.027649983   -2.660687923  -10.410025906
   -1.221730476    0.349065850    5.643439665    9.984177799   -9.383506601
   -1.047197551    0.349065850    8.492035926   22.281266436   -7.680546557
   -0.872664626    0.349065850   13.188034925   30.641851828   -5.565301632
   -0.698131701    0.349065850   18.840703890   33.074212349   -3.400874117
   -0.523598776    0.349065850   24.408292594   29.884845216   -1.508578399
   -0.349065850    0.349065850   29.057489345   22.943363477   -0.041832844
   -0.174532925    0.349065850   32.330545400   14.428147214    1.051785810
    0.000000000    0.349065850   34.103223310    5.976089509    1.993797978
    0.174532925    0.349065850   34.475758462   -1.495586516    3.073170158
    0.349065850    0.349065850   33.684231810   -7.242193873    4.496002385
    0.523598776    0.349065850   32.106289015  -10.350087436    6.253745084
    0.698131701    0.349065850   30.281955430  -10.008171255    8.070766816
    0.872664626    0.349065850   28.832488203   -6.125016872    9.481309921
    1.047197551    0.349065850   28.288354644    0.076569148   10.038934912
    1.221730476    0.349065850   28.873052705    6.439449399    9.539403389
    1.396263402    0.349065850   30.422149680   10.855372754    8.119833094
    1.570796327    0.349065850   32.484524410   12.268092195    6.185723352
    1.745329252    0.349065850   34.545115115   10.979339061    4.209272511
    1.919862177    0.349065850   36.224961399    8.115051134    2.533628808
    2.094395102    0.349065850   37.353634432    4.824279800    1.285054801
    2.268928028    0.349065850   37.919808284    1.713733965    0.396543592
    2.443460953    0.349065850   37.961382497   -1.227487570   -0.303595494
    2.617993878    0.349065850   37.479929844   -4.339671496   -0.999013752
    2.792526803    0.349065850   36.420649314   -7.871751105   -1.815975737
    2.967059728    0.349065850   34.716918032  -11.691634001   -2.788768013

   -3.141592654    0.698131701   31.277471447  -16.800940401   -4.927451339
   -2.967059728    0.698131701   28.141582306  -18.844481083   -6.067061791
   -2.792526803    0.698131701   24.805759369  -19.087533801   -6.882204452
   -2.617993878    0.698131701   21.558280121  -17.982435125   -7.300460119
   -2.443460953    0.698131701   18.539118516  -16.697890121   -7.386729694
   -2.268928028    0.698131701   15.668228502  -16.436735856   -7.296380480
   -2.094395102    0.698131701   12.721018178  -17.506792618   -7.183130092
   -1.919862177    0.698131701    9.545355940  -18.736049544   -7.118548164
   -1.745329252    0.698131701    6.308707630  -17.769030313   -7.062346468
   -1.570796327    0.698131701    3.607117058  -12.317113434   -6.891594673
   -1.396263402    0.698131701    2.311909820   -1.753218150   -6.467119353
   -1.221730476    0.698131701    3.186092453   12.024496100   -5.704851812
   -1.047197551    0.698131701    6.474885279   25.216474478   -4.621023764
   -0.872664626    0.698131701   11.726930085   33.980206339   -3.334629466
   -0.698131701    0.698131701   17.957366847   36.266569476   -2.022368778
   -0.523598776    0.698131701   24.039242302   32.545888993   -0.846965368
   -0.349065850    0.698131701   29.098241569   24.993066253    0.115683992
   -0.174532925    0.698131701   32.692536256   16.122218675    0.910410539
    0.000000000    0.698131701   34.763958783    7.791903352    1.697436339
    0.174532925    0.698131701   35.499421446    0.908866260    2.687155545
    0.349065850    0.698131701   35.195828747   -4.066515835    4.024403877
    0.523598776    0.698131701   34.221395102   -6.709026239    5.671621898
    0.698131701    0.698131701   33.018738683   -6.690796890    7.359785888
    0.872664626    0.698131701   32.049312816   -4.099763911    8.655616969
    1.047197551    0.698131701   31.691815005    0.121960668    9.151108689
    1.221730476    0.698131701   32.102161928    4.444912771    8.669069864
    1.396263402    0.698131701   33.164889630    7.418523117    7.346981799
    1.570796327    0.698131701   34.568905798    8.323419977    5.566177796
    1.745329252    0.698131701   35.960422984    7.371483741    3.759038223
    1.919862177    0.698131701   37.076955021    5.308687418    2.229592110
    2.094395102    0.698131701   37.790822154    2.854211745    1.074788512
    2.268928028    0.698131701   38.068708960    0.323958714    0.209355505
    2.443460953    0.698131701   37.892223316   -2.395159299   -0.549177219
    2.617993878    0.698131701   37.203256606   -5.588523410   -1.387856325
    2.792526803    0.698131701   35.906536402   -9.349990856   -2.421489517
    2.967059728    0.698131701   33.924840028  -13.359974781   -3.646453215

   -3.141592654    1.047197551   29.488218603  -19.235521802   -6.744038620
   -2.967059728    1.047197551   25.976603602  -20.641957555   -8.164060364
   -2.792526803    1.047197551   22.405929366  -19.955503890   -9.011843626
   -2.617993878    1.047197551   19.089103815  -17.940452370   -9.145419502
   -2.443460953    1.047197551   16.136028658  -16.048268175   -8.632462687
   -2.268928028    1.047197551   13.402072250  -15.580314240   -7.699022139
   -2.094395102    1.047197551   10.599748237  -16.734735342   -6.610902781
   -1.919862177    1.047197551    7.544487660  -18.122288115   -5.566460846
   -1.745329252    1.047197551    4.408606825  -17.198624434   -4.656242647
   -1.570796327    1.047197551    1.816733654  -11.598502163   -3.888225233
   -1.396263402    1.047197551    0.671797760   -0.731347635   -3.234153505
   -1.221730476    1.047197551    1.755602237   13.403093438   -2.658136345
   -1.047197551    1.047197551    5.312929332   26.892632809   -2.123473874
   -0.872664626    1.047197551   10.873385479   35.801210558   -1.598041183
   -0.698131701    1.047197551   17.420945472   38.042733425   -1.066788329
   -0.523598776    1.047197551   23.797282132   34.125545858   -0.534439495
   -0.349065850    1.047197551   29.111421760   26.344162535   -0.009382431
   -0.174532925    1.047197551   32.930998749   17.389519786    0.529785093
    0.000000000    1.047197551   35.236902182    9.266330384    1.161560317
    0.174532925    1.047197551   36.270429667    2.887922914    2.001309572
    0.349065850    1.047197551   36.366289876   -1.483770676    3.128217703
    0.523598776    1.047197551   35.878919362   -3.790885955    4.493738253
    0.698131701    1.047197551   35.170390406   -4.077044481    5.877562283
    0.872664626    1.047197551   34.574406253   -2.557327136    6.934096588
    1.047197551    1.047197551   34.351180176    0.070270761    7.338919251
    1.221730476    1.047197551   34.608468954    2.786341210    6.953639139
    1.396263402    1.047197551   35.275472046    4.659263055    5.890079002
    1.570796327    1.047197551   36.155828164    5.209873200    4.455353068
    1.745329252    1.047197551   37.021683483    4.545368228    2.993020183
    1.919862177    1.047197551   37.695424703    3.081615595    1.737342676
    2.094395102    1.047197551   38.071407391    1.177217132    0.745597559
    2.268928028    1.047197551   38.084552408   -1.092184344   -0.083781257
    2.443460953    1.047197551   37.656937836   -3.914553361   -0.939915888
    2.617993878    1.047197551   36.672056196   -7.491378259   -2.010933464
    2.792526803    1.047197551   35.002686139  -11.705005822   -3.397676581
    2.967059728    1.047197551   32.582373230  -15.960726633   -5.049457727

   -3.141592654    1.396263402   26.681771477  -23.089451639   -8.789234552
   -2.967059728    1.396263402   22.580283271  -23.414131437  -10.603830644
   -2.792526803    1.396263402   18.668354008  -21.023119580  -11.618754440
   -2.617993878    1.396263402   15.328909325  -17.152692570  -11.606091123
   -2.443460953    1.396263402   12.652476508  -13.758238316  -10.612625351
   -2.268928028    1.396263402   10.402988311  -12.435110363   -8.911729960
   -2.094395102    1.396263402    8.175923494  -13.383566410   -6.864859630
   -1.919862177    1.396263402    5.688396633  -15.025289168   -4.790496940
   -1.745329252    1.396263402    3.051423023  -14.606678937   -2.910794326
   -1.570796327    1.396263402    0.858680665   -9.629030954   -1.369920622
   -1.396263402    1.396263402    0.000000000    0.580548440   -0.260925887
   -1.221730476    1.396263402    1.259103632   14.119293647    0.384387979
   -1.047197551    1.396263402    4.902198801   27.194544461    0.625041913
   -0.872664626    1.396263402   10.498206637   35.941647278    0.607786299
   -0.698131701    1.396263402   17.074177347   38.252378351    0.508156853
   -0.523598776    1.396263402   23.503222974   34.527002670    0.464936341
   -0.349065850    1.396263402   28.906687240   26.962093385    0.542407052
   -0.174532925    1.396263402   32.853114582   18.226632663    0.761570854
    0.000000000    1.396263402   35.326717190   10.360975987    1.150879531
    0.174532925    1.396263402   36.578331840    4.297217363    1.763756681
    0.349065850    1.396263402   36.947917337    0.224378150    2.638543276
    0.523598776    1.396263402   36.772715722   -1.969430145    3.725419583
    0.698131701    1.396263402   36.365835921   -2.512839703    4.843059443
    0.872664626    1.396263402   35.989186807   -1.674379424    5.708809200
    1.047197551    1.396263402   35.838956406    0.002608463    6.052815643
    1.221730476    1.396263402   36.001116557    1.791958675    5.753932274
    1.396263402    1.396263402   36.435072155    3.053771190    4.894433657
    1.570796327    1.396263402   37.013049503    3.422573658    3.718279443
    1.745329252    1.396263402   37.577079137    2.915517428    2.500492424
    1.919862177    1.396263402   37.990051333    1.721038571    1.424565395
    2.094395102    1.396263402   38.143638828   -0.050663124    0.519707746
    2.268928028    1.396263402   37.932000018   -2.501641219   -0.330192646
    2.443460953    1.396263402   37.215207286   -5.877628268   -1.326523016
    2.617993878    1.396263402   35.817835727  -10.283099970   -2.668180032
    2.792526803    1.396263402   33.585506484  -15.335605738   -4.453100682
    2.967059728    1.396263402   30.481944448  -20.057624824   -6.593976591

   -3.141592654    1.745329252   23.337700717  -27.685016888  -10.077886598
   -2.967059728    1.745329252   18.534032153  -26.698474944  -12.225231127
   -2.792526803    1.745329252   14.225059649  -22.190892551  -13.450489640
   -2.617993878    1.745329252   10.890977412  -15.930901288  -13.432643188
   -2.443460953    1.745329252    8.616080784  -10.476179547  -12.158891221
   -2.268928028    1.745329252    7.067859619   -7.818053584   -9.896419448
   -2.094395102    1.745329252    5.703876518   -8.237508116   -7.055628505
   -1.919862177    1.745329252    4.110410031  -10.023091327   -4.046945764
   -1.745329252    1.745329252    2.296192221  -10.254011146   -1.214257248
   -1.570796327    1.745329252    0.777433486   -6.314562955    1.158521862
   -1.396263402    1.745329252    0.386418965    2.597521026    2.840074609
   -1.221730476    1.745329252    1.880224208   14.811084890    3.696433081
   -1.047197551    1.745329252    5.546822379   26.839441885    3.759431435
   -0.872664626    1.745329252   11.026226841   35.042999914    3.241546536
   -0.698131701    1.745329252   17.437342337   37.332066562    2.456250117
   -0.523598776    1.745329252   23.730100975   33.912149924    1.702425458
   -0.349065850    1.745329252   29.061287897   26.742120178    1.167964240
   -0.174532925    1.745329252   32.999957853   18.342330239    0.931756459
    0.000000000    1.745329252   35.517204035   10.736598744    1.011228734
    0.174532925    1.745329252   36.854971552    4.905151153    1.404567614
    0.349065850    1.745329252   37.350655423    1.052466667    2.086423672
    0.523598776    1.745329252   37.334346479   -0.996829705    2.967559514
    0.698131701    1.745329252   37.096564881   -1.582807104    3.867260136
    0.872664626    1.745329252   36.859991229   -1.040680339    4.542088915
    1.047197551    1.745329252   36.778526440    0.134153862    4.776506894
    1.221730476    1.745329252   36.914155348    1.359736516    4.487981562
    1.396263402    1.745329252   37.230771544    2.174766126    3.762116719
    1.570796327    1.745329252   37.631817801    2.315843867    2.806622616
    1.745329252    1.745329252   37.997753219    1.779486826    1.837973751
    1.919862177    1.745329252   38.215966201    0.622822173    0.982981241
    2.094395102    1.745329252   38.173662441   -1.232556133    0.231403351
    2.268928028    1.745329252   37.728336281   -4.056342190   -0.552846280
    2.443460953    1.745329252   36.680951224   -8.170474724   -1.579521868
    2.617993878    1.745329252   34.797165567  -13.592372493   -3.051488804
    2.792526803    1.745329252   31.896116951  -19.653355965   -5.066258495
    2.967059728    1.745329252   27.979745130  -24.941199931   -7.522460390

   -3.141592654    2.094395102   19.858663081  -32.637235875   -8.849794495
   -2.967059728    2.094395102   14.286680526  -30.368951131  -10.693483024
   -2.792526803    2.094395102    9.519363472  -23.651818852  -11.673756332
   -2.617993878    2.094395102    6.158120860  -14.766383797  -11.466953925
   -2.443460953    2.094395102    4.303524640   -6.910306271  -10.012604726
   -2.268928028    2.094395102    3.538117435   -2.554876249   -7.501698826
   -2.094395102    2.094395102    3.177064659   -2.152969436   -4.274756683
   -1.919862177    2.094395102    2.657633755   -3.922110597   -0.717425687
   -1.745329252    2.094395102    1.860575187   -4.799013154    2.778574603
   -1.570796327    2.094395102    1.197107883   -2.049730775    5.805630826
   -1.396263402    2.094395102    1.416112442    5.274644163    7.961521380
   -1.221730476    2.094395102    3.226711006   15.770875578    8.951420545
   -1.047197551    2.094395102    6.926103527   26.322615505    8.721426764
   -0.872664626    2.094395102   12.225810589   33.599163903    7.514806428
   -0.698131701    2.094395102   18.352453267   35.614574694    5.782569609
   -0.523598776    2.094395102   24.361037245   32.428711334    4.011075706
   -0.349065850    2.094395102   29.475683230   25.763803055    2.549283123
   -0.174532925    2.094395102   33.293598731   17.936641866    1.556107322
    0.000000000    2.094395102   35.788260809   10.875618424    1.036877393
    0.174532925    2.094395102   37.194163373    5.532478073    0.917886959
    0.349065850    2.094395102   37.835518468    2.068207422    1.098507962
    0.523598776    2.094395102   38.016653720    0.209043887    1.464481361
    0.698131701    2.094395102   37.983529244   -0.495168410    1.880586978
    0.872664626    2.094395102   37.901345246   -0.406031057    2.202636703
    1.047197551    2.094395102   37.873784602    0.099004627    2.312200381
    1.221730476    2.094395102   37.943310636    0.657126419    2.164629896
    1.396263402    2.094395102   38.093208556    1.016715043    1.802461037
    1.570796327    2.094395102   38.273911057    0.999755072    1.328057664
    1.745329252    2.094395102   38.413734673    0.532432331    0.842531032
    1.919862177    2.094395102   38.425269921   -0.506605423    0.392656621
    2.094395102    2.094395102   38.185783761   -2.405390243   -0.056357489
    2.268928028    2.094395102   37.508964595   -5.600775655   -0.617844387
    2.443460953    2.094395102   36.130603640  -10.482406418   -1.453534997
    2.617993878    2.094395102   33.752617307  -16.976609502   -2.716866960
    2.792526803    2.094395102   30.162919441  -24.129991982   -4.474084572
    2.967059728    2.094395102   25.396876483  -30.085609825   -6.622107622

   -3.141592654    2.443460953   17.222585916  -36.349696239   -5.070087000
   -2.967059728    2.443460953   11.082577158  -33.016440491   -6.027641009
   -2.792526803    2.443460953    6.006250168  -24.436154596   -6.387614925
   -2.617993878    2.443460953    2.705364060  -13.260524586   -5.909123800
   -2.443460953    2.443460953    1.311623465   -3.187400928   -4.498832483
   -2.268928028    2.443460953    1.355981400    2.895477670   -2.219225928
   -2.094395102    2.443460953    2.046372507    4.320199260    0.748979724
   -1.919862177    2.443460953    2.690710538    2.812526216    4.139725057
   -1.745329252    2.443460953    3.035495089    1.419314233    7.596609812
   -1.570796327    2.443460953    3.354690956    2.863431830   10.660325157
   -1.396263402    2.443460953    4.265391157    8.192233974   12.820036206
   -1.221730476    2.443460953    6.381394646   16.332651070   13.661598529
   -1.047197551    2.443460953    9.981781188   24.700362813   13.048171284
   -0.872664626    2.443460953   14.855408661   30.478005229   11.210580732
   -0.698131701    2.443460953   20.375206325   31.937947849    8.666531172
   -0.523598776    2.443460953   25.757375570   29.035882869    6.021137165
   -0.349065850    2.443460953   30.345165780   23.166913554    3.745088109
   -0.174532925    2.443460953   33.792181243   16.282628625    2.071849623
    0.000000000    2.443460953   36.073988378   10.061641785    1.010397721
    0.174532925    2.443460953   37.396660160    5.354013151    0.433643855
    0.349065850    2.443460953   38.046494711    2.307974845    0.175700096
    0.523598776    2.443460953   38.290226635    0.654571204    0.094573472
    0.698131701    2.443460953   38.337054745   -0.049459844    0.088600932
    0.872664626    2.443460953   38.318540881   -0.140675944    0.098231755
    1.047197551    2.443460953   38.312855023    0.079272973    0.092949661
    1.221730476    2.443460953   38.353300187    0.354584983    0.065294395
    1.396263402    2.443460953   38.431999350    0.525967411    0.024617164
    1.570796327    2.443460953   38.519681459    0.445362582   -0.017063276
    1.745329252    2.443460953   38.563347447   -0.006876688   -0.057695390
    1.919862177    2.443460953   38.481362261   -1.050324121   -0.114383576
    2.094395102    2.443460953   38.137692481   -3.087303707   -0.228032867
    2.268928028    2.443460953   37.313525703   -6.652224470   -0.463563846
    2.443460953    2.443460953   35.699490461  -12.175356145   -0.900912424
    2.617993878    2.443460953   32.953993892  -19.516929807   -1.610670652
    2.792526803    2.443460953   28.845020820  -27.515338498   -2.613696311
    2.967059728    2.443460953   23.436309208  -33.977027688   -3.833285158

   -3.141592654    2.792526803   16.355250303  -37.403572963    0.490750126
   -2.967059728    2.792526803   10.072738256  -33.532564945    0.867707566
   -2.792526803    2.792526803    4.980990898  -24.040633192    1.463455749
   -2.617993878    2.792526803    1.850054405  -11.673869138    2.370322793
   -2.443460953    2.792526803    0.847398370   -0.286388507    3.680623874
   -2.268928028    2.792526803    1.510448813    7.061811576    5.456566077
   -2.094395102    2.792526803    3.023524557    9.528302453    7.692417133
   -1.919862177    2.792526803    4.638102877    8.629759487   10.270251010
   -1.745329252    2.792526803    6.002735096    7.149725205   12.919016579
   -1.570796327    2.792526803    7.247652686    7.573364282   15.212423600
   -1.396263402    2.792526803    8.819767065   10.915634485   16.649208154
   -1.221730476    2.792526803   11.186907673   16.425716202   16.819422796
   -1.047197551    2.792526803   14.568146477   22.155347997   15.586470866
   -0.872664626    2.792526803   18.812977098   25.976202026   13.175659937
   -0.698131701    2.792526803   23.455720649   26.588930019   10.100966418
   -0.523598776    2.792526803   27.912430413   23.937374388    6.971134675
   -0.349065850    2.792526803   31.689948958   19.060879352    4.269326125
   -0.174532925    2.792526803   34.528646499   13.423674285    2.233086885
    0.000000000    2.792526803   36.412091092    8.311387719    0.854619867
    0.174532925    2.792526803   37.502776893    4.385513529   -0.032372066
    0.349065850    2.792526803   38.026947254    1.790877676   -0.630181328
    0.523598776    2.792526803   38.201348157    0.351351644   -1.085068948
    0.698131701    2.792526803   38.203973163   -0.252333309   -1.453457158
    0.872664626    2.792526803   38.155294635   -0.272008502   -1.711725514
    1.047197551    2.792526803   38.133319685    0.032022541   -1.809970808
    1.221730476    2.792526803   38.173800483    0.406832180   -1.723153668
    1.396263402    2.792526803   38.269419705    0.663946014   -1.474920271
    1.570796327    2.792526803   38.385908492    0.628807144   -1.134653408
    1.745329252    2.792526803   38.461241896    0.163085483   -0.784505025
    1.919862177    2.792526803   38.402973023   -0.958468146   -0.487705082
    2.094395102    2.792526803   38.063957576   -3.137330897   -0.271935410
    2.268928028    2.792526803   37.213893293   -6.910882619   -0.132527288
    2.443460953    2.792526803   35.531742520  -12.706583375   -0.043909341
    2.617993878    2.792526803   32.666979069  -20.354727545    0.027787612
    2.792526803    2.792526803   28.387092031  -28.622379234    0.116893308
    2.967059728    2.792526803   22.772215016  -35.198800185    0.258449283
