#! FIELDS phi psi file.free der_phi der_psi
#! SET min_phi -pi
#! SET max_phi pi
#! SET nbins_phi  36
#! SET periodic_phi true
#! SET min_psi -pi
#! SET max_psi pi
#! SET nbins_psi  18
#! SET periodic_psi true
   -3.141592654   -3.141592654   17.420061388  -52.989476963   17.179459466
   -2.967059728   -3.141592654    9.641072962  -35.545713216   19.340668728
   -2.792526803   -3.141592654    5.113855724  -16.525490552   20.709828191
   -2.617993878   -3.141592654    3.711738490   -0.369549665   21.368586479
   -2.443460953   -3.141592654    4.636001906    9.816122462   21.623098795
   -2.268928028   -3.141592654    6.758352579   13.498013289   21.921633143
   -2.094395102   -3.141592654    9.076508490   12.525918454   22.708028503
   -1.919862177   -3.141592654   11.046046946   10.056154149   24.266555984
   -1.745329252   -3.141592654   12.685270352    9.170781235   26.603455938
   -1.570796327   -3.141592654   14.465758739   11.877110283   29.396133641
   -1.396263402   -3.141592654   17.080960232   18.669581073   32.057598502
   -1.221730476   -3.141592654   21.173669956   28.477579119   33.893535259
   -1.047197551   -3.141592654   27.079112450   38.983765435   34.315239377
   -0.872664626   -3.141592654   34.664602806   47.230012576   32.997554162
   -0.698131701   -3.141592654   43.297519508   50.617078005   29.933082495
   -0.523598776   -3.141592654   51.975168993   47.603801087   25.372910832
   -0.349065850   -3.141592654   59.545012876   38.003525291   19.709597574
   -0.174532925   -3.141592654   64.921979019   22.686479890   13.390657134
    0.000000000   -3.141592654   67.251378433    3.463933671    6.864176974
    0.174532925   -3.141592654   66.075593408  -16.943151977    0.544221642
    0.349065850   -3.141592654   61.507036077  -34.694519412   -5.183305127
    0.523598776   -3.141592654   54.400205544  -45.242994114   -9.954157586
    0.698131701   -3.141592654   46.376362708  -44.730871567  -13.432853585
    0.872664626   -3.141592654   39.530219992  -31.838671481  -15.360756751
    1.047197551   -3.141592654   35.845910936   -9.290356430  -15.659814511
    1.221730476   -3.141592654   36.488727946   16.480830757  -14.517139622
    1.396263402   -3.141592654   41.329521371   37.579412633  -12.349897049
    1.570796327   -3.141592654   48.960214249   47.659966611   -9.660031899
    1.745329252   -3.141592654   57.169876878   44.161630541   -6.838643126
    1.919862177   -3.141592654   63.666358356   28.563939102   -4.064557687
    2.094395102   -3.141592654   66.688620233    5.218371303   -1.314973832
    2.268928028   -3.141592654   65.353789915  -20.458298956    1.526585709
    2.443460953   -3.141592654   59.708564915  -43.420696776    4.560412161
    2.617993878   -3.141592654   50.587334911  -59.768340276    7.796646235
    2.792526803   -3.141592654   39.382241071  -67.049603011   11.134736330
    2.967059728   -3.141592654   27.771510214  -64.451196768   14.357185891

   -3.141592654   -2.792526803   25.048087090  -48.511823898   25.268358022
   -2.967059728   -2.792526803   17.879256284  -33.056741033   27.233914254
   -2.792526803   -2.792526803   13.618145051  -15.909287346   28.123885123
   -2.617993878   -2.792526803   12.198720391   -1.058361773   28.185303253
   -2.443460953   -2.792526803   12.953223146    8.721546805   27.874659818
   -2.268928028   -2.792526803   14.921036608   12.973982867   27.722279406
   -2.094395102   -2.792526803   17.257663488   13.361822386   28.154502325
   -1.919862177   -2.792526803   19.522658156   12.628411838   29.348513879
   -1.745329252   -2.792526803   21.752123397   13.280101214   31.164336509
   -1.570796327   -2.792526803   24.328347073   16.708190122   33.152945469
   -1.396263402   -2.792526803   27.756305437   22.910564923   34.663775456
   -1.221730476   -2.792526803   32.427227317   30.633786334   35.010385031
   -1.047197551   -2.792526803   38.430610558   37.793875508   33.677645721
   -0.872664626   -2.792526803   45.462435919   42.037933309   30.467052572
   -0.698131701   -2.792526803   52.840533317   41.520691817   25.541872069
   -0.523598776   -2.792526803   59.640885579   35.369020179   19.351785540
   -0.349065850   -2.792526803   64.887889245   23.854693287   12.488125017
   -0.174532925   -2.792526803   67.731430013    8.058351338    5.557295045
    0.000000000   -2.792526803   67.568763536  -10.238614955   -0.896937331
    0.174532925   -2.792526803   64.171521384  -28.513829069   -6.441072637
    0.349065850   -2.792526803   57.834846982  -43.262997020  -10.750025473
    0.523598776   -2.792526803   49.531092824  -50.339300896  -13.614133359
    0.698131701   -2.792526803   40.926593008  -46.305853683  -14.953008958
    0.872664626   -2.792526803   34.086054587  -30.284562405  -14.837473754
    1.047197551   -2.792526803   30.889487896   -5.400611917  -13.517538445
    1.221730476   -2.792526803   32.340362505   21.690712488  -11.391897153
    1.396263402   -2.792526803   38.134592384   43.169621208   -8.886490760
    1.570796327   -2.792526803   46.730087165   53.084474058   -6.303431682
    1.745329252   -2.792526803   55.865111174   49.374263478   -3.713843971
    1.919862177   -2.792526803   63.275741142   33.900378928   -0.985100364
    2.094395102   -2.792526803   67.271902917   11.097170180    2.098535354
    2.268928028   -2.792526803   67.030064550  -13.807192901    5.683590786
    2.443460953   -2.792526803   62.609438348  -36.095201814    9.751031104
    2.617993878   -2.792526803   54.798150302  -52.177411794   14.099848919
    2.792526803   -2.792526803   44.896820138  -59.829132686   18.397587074
    2.967059728   -2.792526803   34.464221141  -58.303121507   22.244629295

   -3.141592654   -2.443460953   33.717346180  -43.907112037   23.415868476
   -2.967059728   -2.443460953   27.175056399  -30.483249194   25.017550341
   -2.792526803   -2.443460953   23.201977693  -15.101626694   25.714337511
   -2.617993878   -2.443460953   21.816268928   -1.341734071   25.734976262
   -2.443460953   -2.443460953   22.492126527    8.257629785   25.432537732
   -2.268928028   -2.443460953   24.426005836   13.165243358   25.185359822
   -2.094395102   -2.443460953   26.891163846   14.678707661   25.268472516
   -1.919862177   -2.443460953   29.483174224   15.002536515   25.747269085
   -1.745329252   -2.443460953   32.175754100   16.066491297   26.441047308
   -1.570796327   -2.443460953   35.196737950   18.819144302   26.948373650
   -1.396263402   -2.443460953   38.840621795   23.069617710   26.756697380
   -1.221730476   -2.443460953   43.284080565   27.731556087   25.383962425
   -1.047197551   -2.443460953   48.464115891   31.232136185   22.542494356
   -0.872664626   -2.443460953   54.035116622   31.955600749   18.233862553
   -0.698131701   -2.443460953   59.402406832   28.762352328   12.757926144
   -0.523598776   -2.443460953   63.835409230   21.250918632    6.624707671
   -0.349065850   -2.443460953   66.605291863    9.831735966    0.417948711
   -0.174532925   -2.443460953   67.106216713   -4.556736265   -5.321098798
    0.000000000   -2.443460953   64.937264992  -20.480398246  -10.159452893
    0.174532925   -2.443460953   60.002865775  -35.816458319  -13.814621977
    0.349065850   -2.443460953   52.662654260  -47.446580505  -16.147211173
    0.523598776   -2.443460953   43.892256932  -51.539130495  -17.154562858
    0.698131701   -2.443460953   35.311738951  -44.901774230  -16.954072965
    0.872664626   -2.443460953   28.899829739  -26.877931611  -15.762212086
    1.047197551   -2.443460953   26.416835374   -0.752714560  -13.877649639
    1.221730476   -2.443460953   28.730110644   26.817398667  -11.627365749
    1.396263402   -2.443460953   35.418858112   48.236234080   -9.268665069
    1.570796327   -2.443460953   44.880747434   57.963094511   -6.903057978
    1.745329252   -2.443460953   54.868783796   54.337852366   -4.447672813
    1.919862177   -2.443460953   63.188256834   39.426292312   -1.711344499
    2.094395102   -2.443460953   68.228903768   17.577177290    1.485168787
    2.268928028   -2.443460953   69.210499375   -6.296657961    5.192817909
    2.443460953   -2.443460953   66.172573971  -27.852202017    9.287422112
    2.617993878   -2.443460953   59.822769447  -43.795433541   13.494285473
    2.792526803   -2.443460953   51.343422658  -52.055493532   17.465784131
    2.967059728   -2.443460953   42.163096384  -51.855781688   20.860599866

   -3.141592654   -2.094395102   40.246776158  -40.312176267   14.258553270
   -2.967059728   -2.094395102   34.205472822  -28.331066883   15.241752842
   -2.792526803   -2.094395102   30.494883336  -14.197355090   15.750138553
   -2.617993878   -2.094395102   29.185897736   -1.289612902   15.908278074
   -2.443460953   -2.094395102   29.834039147    7.972540320   15.856227271
   -2.268928028   -2.094395102   31.722376228   12.987383010   15.722186412
   -2.094395102   -2.094395102   34.181232988   14.782539545   15.574067648
   -1.919862177   -2.094395102   36.803147620   15.175484160   15.368849930
   -1.745329252   -2.094395102   39.490625130   15.713910217   14.939131420
   -1.570796327   -2.094395102   42.345174421   17.130913658   14.017468891
   -1.396263402   -2.094395102   45.519271578   19.267861664   12.323197794
   -1.221730476   -2.094395102   49.076612459   21.352508374    9.661699728
   -1.047197551   -2.094395102   52.916699440   22.322752384    6.027438404
   -0.872664626   -2.094395102   56.753256948   21.142913293    1.638854208
   -0.698131701   -2.094395102   60.142000603   17.112440701   -3.099947219
   -0.523598776   -2.094395102   62.558610118   10.010574128   -7.703624544
   -0.349065850   -2.094395102   63.485484014    0.125263001  -11.731281510
   -0.174532925   -2.094395102   62.485978889  -11.938343801  -14.881722378
    0.000000000   -2.094395102   59.259007334  -25.200164531  -17.027230944
    0.174532925   -2.094395102   53.728729285  -37.961670179  -18.212422712
    0.349065850   -2.094395102   46.210538049  -47.413870849  -18.594581472
    0.523598776   -2.094395102   37.596842506  -49.862738074  -18.374482556
    0.698131701   -2.094395102   29.413227861  -42.103696154  -17.725801161
    0.872664626   -2.094395102   23.552847045  -23.415803711  -16.752843439
    1.047197551   -2.094395102   21.704521522    3.009671594  -15.499971365
    1.221730476   -2.094395102   24.682981441   30.654874453  -13.980432283
    1.396263402   -2.094395102   32.044486314   52.117577467  -12.185326131
    1.570796327   -2.094395102   42.200107267   62.072958088  -10.090501978
    1.745329252   -2.094395102   52.948204573   58.982492585   -7.660634141
    1.919862177   -2.094395102   62.146223380   44.870907132   -4.880579631
    2.094395102   -2.094395102   68.214476832   23.887311702   -1.787714818
    2.268928028   -2.094395102   70.361122992    0.679725845    1.503003418
    2.443460953   -2.094395102   68.570582065  -20.626777865    4.805224963
    2.617993878   -2.094395102   63.466403409  -36.841706924    7.898077242
    2.792526803   -2.094395102   56.140202893  -45.882160974   10.580320217
    2.967059728   -2.094395102   47.940920033  -46.861446961   12.718040717

   -3.141592654   -1.745329252   42.455211076  -38.927994872    5.443023265
   -2.967059728   -1.745329252   36.620495127  -27.327793079    5.908407294
   -2.792526803   -1.745329252   33.061272750  -13.460579632    6.234557952
   -2.617993878   -1.745329252   31.858316965   -0.821664668    6.409807437
   -2.443460953   -1.745329252   32.559733008    8.097905167    6.359199874
   -2.268928028   -1.745329252   34.430832812   12.640164974    5.978118785
   -2.094395102   -1.745329252   36.773168589   13.750757729    5.155483791
   -1.919862177   -1.745329252   39.132871418   13.142552333    3.787087236
   -1.745329252   -1.745329252   41.349619274   12.286994688    1.802049201
   -1.570796327   -1.745329252   43.458825409   11.981918069   -0.804696868
   -1.396263402   -1.745329252   45.575391178   12.318564710   -3.932361086
   -1.221730476   -1.745329252   47.783640083   12.943847852   -7.374554011
   -1.047197551   -1.745329252   50.082699257   13.239336362  -10.846602201
   -0.872664626   -1.745329252   52.354091944   12.485423797  -14.041842672
   -0.698131701   -1.745329252   54.351911228   10.007144137  -16.681267633
   -0.523598776   -1.745329252   55.728277393    5.304862930  -18.550550733
   -0.349065850   -1.745329252   56.071653120   -1.840581390  -19.530763242
   -0.174532925   -1.745329252   54.955854604  -11.377672244  -19.631793466
    0.000000000   -1.745329252   51.999924377  -22.797101207  -19.014669466
    0.174532925   -1.745329252   46.981796165  -34.655475072  -17.985586010
    0.349065850   -1.745329252   40.049952649  -44.136019656  -16.916046915
    0.523598776   -1.745329252   31.955554701  -47.262669193  -16.117155186
    0.698131701   -1.745329252   24.149069796  -40.372535022  -15.713861044
    0.872664626   -1.745329252   18.530364905  -22.304443121  -15.592112691
    1.047197551   -1.745329252   16.859242935    4.019603699  -15.461423082
    1.221730476   -1.745329252   20.047132503   32.119689730  -14.992945290
    1.396263402   -1.745329252   27.735533573   54.436356695  -13.942858961
    1.570796327   -1.745329252   38.384215510   65.398405059  -12.230436375
    1.745329252   -1.745329252   49.796482438   63.224708059   -9.936782520
    1.919862177   -1.745329252   59.796543654   49.752001334   -7.264310533
    2.094395102   -1.745329252   66.745608627   29.021258780   -4.469972377
    2.268928028   -1.745329252   69.780503759    5.649559175   -1.806190978
    2.443460953   -1.745329252   68.815723192  -16.193972709    0.526215471
    2.617993878   -1.745329252   64.418601924  -33.204985613    2.406751937
    2.792526803   -1.745329252   57.650221481  -43.129952969    3.805746063
    2.967059728   -1.745329252   49.861184173  -44.903817090    4.782709640

   -3.141592654   -1.396263402   41.717579991  -38.936916499    0.987341349
   -2.967059728   -1.396263402   35.896141262  -27.165764039    0.846692863
   -2.792526803   -1.396263402   32.376786050  -13.210189218    0.676718918
   -2.617993878   -1.396263402   31.202308149   -0.820747436    0.439177337
   -2.443460953   -1.396263402   31.848767310    7.386750246   -0.000039295
   -2.268928028   -1.396263402   33.499953629   10.766288609   -0.837857774
   -2.094395102   -1.396263402   35.388066263   10.378422534   -2.293131282
   -1.919862177   -1.396263402   37.016612822    8.134064979   -4.542174475
   -1.745329252   -1.396263402   38.223971668    5.777092824   -7.631098551
   -1.570796327   -1.396263402   39.098333759    4.453084584  -11.396982460
   -1.396263402   -1.396263402   39.868962450    4.581259347  -15.450808401
   -1.221730476   -1.396263402   40.780970141    5.997050287  -19.262045112
   -1.047197551   -1.396263402   42.006359420    8.018631585  -22.306805634
   -0.872664626   -1.396263402   43.567755940    9.644686133  -24.204923223
   -0.698131701   -1.396263402   45.297872230    9.785649384  -24.784575455
   -0.523598776   -1.396263402   46.855252047    7.545059370  -24.074480689
   -0.349065850   -1.396263402   47.770071829    2.364881042  -22.272742989
   -0.174532925   -1.396263402   47.505436956   -5.974215215  -19.723440131
    0.000000000   -1.396263402   45.527365391  -17.171710431  -16.891830813
    0.174532925   -1.396263402   41.433404604  -29.862337545  -14.300328022
    0.349065850   -1.396263402   35.198054244  -41.066328601  -12.401367144
    0.523598776   -1.396263402   27.453931807  -46.339897169  -11.431054580
    0.698131701   -1.396263402   19.635370813  -41.339800108  -11.316316737
    0.872664626   -1.396263402   13.744845269  -24.271034598  -11.700108105
    1.047197551   -1.396263402   11.731773990    2.258494580  -12.087755644
    1.221730476   -1.396263402   14.713234694   31.652182180  -12.041302926
    1.396263402   -1.396263402   22.481658750   55.856999805  -11.315248960
    1.570796327   -1.396263402   33.545180107   68.665114380   -9.900036324
    1.745329252   -1.396263402   45.650355830   67.761486580   -7.973910525
    1.919862177   -1.396263402   56.492834691   54.713546730   -5.814297641
    2.094395102   -1.396263402   64.284711314   33.590068519   -3.707945793
    2.268928028   -1.396263402   68.038972072    9.251007184   -1.886853098
    2.443460953   -1.396263402   67.598085359  -13.803365886   -0.493665558
    2.617993878   -1.396263402   63.515556929  -31.957126036    0.425535713
    2.792526803   -1.396263402   56.886682461  -42.715536845    0.905033290
    2.967059728   -1.396263402   49.129039565  -44.902100939    1.049356704

   -3.141592654   -1.047197551   39.084409942  -40.971910189    1.947150404
   -2.967059728   -1.047197551   32.945149977  -28.743279550    0.784106324
   -2.792526803   -1.047197551   29.198817085  -14.247230858   -0.536810963
   -2.617993878   -1.047197551   27.876699428   -1.540503462   -1.936576387
   -2.443460953   -1.047197551   28.391457456    6.499630802   -3.434931883
   -2.268928028   -1.047197551   29.827122130    9.076225201   -5.167764625
   -2.094395102   -1.047197551   31.304814994    7.281569650   -7.361240405
   -1.919862177   -1.047197551   32.242430557    3.290871406  -10.226740343
   -1.745329252   -1.047197551   32.459372780   -0.654355851  -13.803811505
   -1.570796327   -1.047197551   32.124857264   -2.791343007  -17.828438381
   -1.396263402   -1.047197551   31.649975169   -2.211936755  -21.735624435
   -1.221730476   -1.047197551   31.518303876    1.044728362  -24.820356368
   -1.047197551   -1.047197551   32.121368316    5.967378197  -26.488491955
   -0.872664626   -1.047197551   33.614835517   10.926364055  -26.447222681
   -0.698131701   -1.047197551   35.846517088   14.155542927  -24.757630425
   -0.523598776   -1.047197551   38.383740839   14.238293407  -21.763260955
   -0.349065850   -1.047197551   40.590871788   10.279171379  -17.974178197
   -0.174532925   -1.047197551   41.722232647    1.887850918  -13.966215706
    0.000000000   -1.047197551   41.018690801  -10.632452064  -10.298349822
    0.174532925   -1.047197551   37.872818542  -25.674719310   -7.408874004
    0.349065850   -1.047197551   32.122356274  -39.721121486   -5.513121533
    0.523598776   -1.047197551   24.378752507  -47.576551497   -4.547224797
    0.698131701   -1.047197551   16.187899574  -44.169079984   -4.211945244
    0.872664626   -1.047197551    9.766172487  -27.301580613   -4.110933884
    1.047197551   -1.047197551    7.305313029    0.326803365   -3.912726647
    1.221730476   -1.047197551   10.108739785   31.606372622   -3.447601099
    1.396263402   -1.047197551   18.045835835   57.785095943   -2.699640805
    1.570796327   -1.047197551   29.584530927   72.050609783   -1.739909353
    1.745329252   -1.047197551   42.347678340   71.756840714   -0.662338757
    1.919862177   -1.047197551   53.875772303   58.434416569    0.446483628
    2.094395102   -1.047197551   62.241415984   36.352873909    1.502408742
    2.268928028   -1.047197551   66.365089347   10.688983821    2.414607159
    2.443460953   -1.047197551   66.053943231  -13.731869501    3.084933907
    2.617993878   -1.047197551   61.878493360  -33.045161342    3.419941086
    2.792526803   -1.047197551   54.985902703  -44.578099025    3.343269209
    2.967059728   -1.047197551   46.869733482  -47.081548108    2.837367157

   -3.141592654   -0.698131701   38.524879106  -44.852346364    1.947151495
   -2.967059728   -0.698131701   31.676893269  -32.915982642   -0.200259331
   -2.792526803   -0.698131701   27.204686145  -18.338240408   -2.547587614
   -2.617993878   -0.698131701   25.191009779   -5.366995909   -4.902810572
   -2.443460953   -0.698131701   25.054493899    2.817905014   -7.189717920
   -2.268928028   -0.698131701   25.830926063    5.119518741   -9.494600644
   -2.094395102   -0.698131701   26.554898081    2.524236655  -12.029382585
   -1.919862177   -0.698131701   26.568139900   -2.550944746  -14.985823530
   -1.745329252   -0.698131701   25.687991936   -7.271340747  -18.342595097
   -1.570796327   -0.698131701   24.199837915   -9.176409266  -21.731473108
   -1.396263402   -0.698131701   22.733565264   -6.936547006  -24.491042391
   -1.221730476   -0.698131701   22.020392737   -0.718801061  -25.898419087
   -1.047197551   -0.698131701   22.627859889    7.819801434  -25.480386169
   -0.872664626   -0.698131701   24.751710682   16.193916077  -23.205288631
   -0.698131701   -0.698131701   28.138475163   21.922547385  -19.478263587
   -0.523598776   -0.698131701   32.156716925   23.205286238  -14.974293824
   -0.349065850   -0.698131701   35.933036110   19.070549548  -10.419871603
   -0.174532925   -0.698131701   38.493862404    9.293608750   -6.418735745
    0.000000000   -0.698131701   38.898151805   -5.443220195   -3.340435673
    0.174532925   -0.698131701   36.439811867  -22.977393263   -1.241362551
    0.349065850   -0.698131701   30.965807767  -39.139467641    0.123478546
    0.523598776   -0.698131701   23.203990534  -48.196029271    1.185580974
    0.698131701   -0.698131701   14.882594382  -44.883794568    2.350437641
    0.872664626   -0.698131701    8.395354181  -27.248616307    3.789460239
    1.047197551   -0.698131701    6.040198255    1.479363264    5.366256256
    1.221730476   -0.698131701    9.130631957   33.668435369    6.752597895
    1.396263402   -0.698131701   17.473894536   60.284834918    7.645521694
    1.570796327   -0.698131701   29.452401195   74.517914467    7.940747444
    1.745329252   -0.698131701   42.619931546   73.885969759    7.756491732
    1.919862177   -0.698131701   54.478507313   60.078768269    7.332993688
    2.094395102   -0.698131701   63.083317811   37.438049353    6.888450557
    2.268928028   -0.698131701   67.341637670   11.131563873    6.520891987
    2.443460953   -0.698131701   67.041866623  -14.062198730    6.185875661
    2.617993878   -0.698131701   62.730122262  -34.305585496    5.730169380
    2.792526803   -0.698131701   55.530152121  -46.845716604    4.951020942
    2.967059728   -0.698131701   46.934185572  -50.287865575    3.700721351

   -3.141592654   -0.349065850   38.992431890  -49.953937646    2.582897992
   -2.967059728   -0.349065850   31.191572434  -38.633679985   -0.252269215
   -2.792526803   -0.349065850   25.709192871  -24.097032739   -3.286862386
   -2.617993878   -0.349065850   22.719686638  -10.742730926   -6.247995653
   -2.443460953   -0.349065850   21.686241821   -2.102203390   -8.989634625
   -2.268928028   -0.349065850   21.623922227    0.360685342  -11.551247883
   -2.094395102   -0.349065850   21.499663383   -2.494794682  -14.098538366
   -1.919862177   -0.349065850   20.599328455   -7.980873260  -16.750214190
   -1.745329252   -0.349065850   18.764736138  -12.636152374  -19.384967882
   -1.570796327   -0.349065850   16.424188194  -13.350362260  -21.554140619
   -1.396263402   -0.349065850   14.434073428   -8.540212503  -22.610420758
   -1.221730476   -0.349065850   13.742957338    1.240418609  -21.989341377
   -1.047197551   -0.349065850   15.017964370   13.440463586  -19.516151037
   -0.872664626   -0.349065850   18.383859187   24.586579598  -15.524083433
   -0.698131701   -0.349065850   23.368467545   31.545666098  -10.742790621
   -0.523598776   -0.349065850   29.051417240   32.385980686   -6.029894341
   -0.349065850   -0.349065850   34.288732623   26.445661286   -2.084889184
   -0.174532925   -0.349065850   37.919305078   14.102245647    0.732279625
    0.000000000   -0.349065850   38.934369143   -3.186481071    2.468147899
    0.174532925   -0.349065850   36.699157348  -22.492129067    3.554307703
    0.349065850   -0.349065850   31.249607260  -39.109166074    4.643731045
    0.523598776   -0.349065850   23.555234696  -47.271094257    6.342381758
    0.698131701   -0.349065850   15.537605154  -42.289166485    8.907608032
    0.872664626   -0.349065850    9.645033079  -23.153280189   12.074454484
    1.047197551   -0.349065850    8.068052753    6.084493298   15.149462918
    1.221730476   -0.349065850   11.914783229   37.530582991   17.348503172
    1.396263402   -0.349065850   20.799105831   62.531194407   18.169521473
    1.570796327   -0.349065850   33.011943925   74.989293750   17.594637642
    1.745329252   -0.349065850   46.137400777   73.045303541   16.023333107
    1.919862177   -0.349065850   57.785842839   58.632139328   14.033225476
    2.094395102   -0.349065850   66.128101481   35.943961966   12.121173629
    2.268928028   -0.349065850   70.138354621    9.783508009   10.543897668
    2.443460953   -0.349065850   69.603576740  -15.460586693    9.290286842
    2.617993878   -0.349065850   65.011926560  -36.208536148    8.143415685
    2.792526803   -0.349065850   57.402530647  -49.701136638    6.787648378
    2.967059728   -0.349065850   48.205065872  -54.327832251    4.965080480

   -3.141592654    0.000000000   40.165561165  -55.038353291    2.260209037
   -2.967059728    0.000000000   31.411431541  -44.377374468   -0.462836180
   -2.792526803    0.000000000   24.908334394  -29.946906967   -3.259283303
   -2.617993878    0.000000000   20.922866874  -16.249092697   -5.887955578
   -2.443460953    0.000000000   18.969976192   -7.136774162   -8.238264415
   -2.268928028    0.000000000   18.057950738   -4.383321043  -10.367173418
   -2.094395102    0.000000000   17.113306154   -7.168067310  -12.412163078
   -1.919862177    0.000000000   15.408282897  -12.459939067  -14.414325221
   -1.745329252    0.000000000   12.856538675  -16.200830845  -16.162649210
   -1.570796327    0.000000000   10.058102437  -14.817070218  -17.174027576
   -1.396263402    0.000000000    8.080100256   -6.778417429  -16.882302729
   -1.221730476    0.000000000    8.016191913    6.650413719  -14.932228646
   -1.047197551    0.000000000   10.513411806   21.833444467  -11.436627259
   -0.872664626    0.000000000   15.491359620   34.343258824   -7.001687791
   -0.698131701    0.000000000   22.154557129   40.692787829   -2.514979161
   -0.523598776    0.000000000   29.259023774   39.313358763    1.192075504
   -0.349065850    0.000000000   35.449030430   30.390565368    3.645394580
   -0.174532925    0.000000000   39.520091905   15.321095326    4.853733389
    0.000000000    0.000000000   40.590410666   -3.517875676    5.276295485
    0.174532925    0.000000000   38.285472260  -22.656836129    5.677591538
    0.349065850    0.000000000   32.948286876  -37.423810746    6.859050366
    0.523598776    0.000000000   25.788240982  -42.780510171    9.342937268
    0.698131701    0.000000000   18.788797018  -35.290504525   13.098804930
    0.872664626    0.000000000   14.233326056  -15.175597236   17.468457044
    1.047197551    0.000000000   13.980318200   12.924032507   21.396582607
    1.221730476    0.000000000   18.787012816   41.476709276   23.882852698
    1.396263402    0.000000000   28.049056735   62.909824042   24.395885368
    1.570796327    0.000000000   40.046658081   72.315146577   23.042957637
    1.745329252    0.000000000   52.528275112   68.585066693   20.426266472
    1.919862177    0.000000000   63.343527894   53.756646335   17.324306718
    2.094395102    0.000000000   70.873168563   31.620750203   14.383224201
    2.268928028    0.000000000   74.207727212    6.373512721   11.940533322
    2.443460953    0.000000000   73.145164243  -18.168382115   10.009294873
    2.617993878    0.000000000   68.101991394  -38.798228010    8.364094078
    2.792526803    0.000000000   60.003637346  -52.813175003    6.674517257
    2.967059728    0.000000000   50.181200820  -58.399216205    4.671566130

   -3.141592654    0.349065850   41.367382942  -59.486194869    1.378193117
   -2.967059728    0.349065850   31.792104872  -49.251287843   -0.348966608
   -2.792526803    0.349065850   24.436025962  -34.750224981   -1.998942722
   -2.617993878    0.349065850   19.650118170  -20.562055960   -3.480392398
   -2.443460953    0.349065850   16.998929637  -10.827074038   -4.789587431
   -2.268928028    0.349065850   15.487738986   -7.592569845   -6.014302644
   -2.094395102    0.349065850   14.011026311  -10.064977901   -7.251069219
   -1.919862177    0.349065850   11.833547886  -14.913973364   -8.477759076
   -1.745329252    0.349065850    8.932408790  -17.610154786   -9.470305168
   -1.570796327    0.349065850    6.042805391  -14.303154304   -9.835076786
   -1.396263402    0.349065850    4.374514329   -3.672909074   -9.189772284
   -1.221730476    0.349065850    5.080995383   12.286219579   -7.384020487
   -1.047197551    0.349065850    8.718518189   29.036821134   -4.649966275
   -0.872664626    0.349065850   14.977312047   41.532118948   -1.548644356
   -0.698131701    0.349065850   22.778076711   46.304280531    1.256047020
   -0.523598776    0.349065850   30.650736313   42.420286231    3.282133937
   -0.349065850    0.349065850   37.158655004   31.007594573    4.433135485
   -0.174532925    0.349065850   41.183389515   14.387075180    5.013877749
    0.000000000    0.349065850   42.068243884   -4.411869143    5.613429494
    0.174532925    0.349065850   39.740350788  -21.749068489    6.907942926
    0.349065850    0.349065850   34.822801081  -33.378178578    9.409397539
    0.523598776    0.349065850   28.674851595  -35.299774634   13.233407951
    0.698131701    0.349065850   23.212770143  -25.457706975   17.961784685
    0.872664626    0.349065850   20.424092838   -5.196931988   22.695295940
    1.047197551    0.349065850   21.741012898   20.554937622   26.352410546
    1.221730476    0.349065850   27.536135045   44.986112152   28.090390629
    1.396263402    0.349065850   37.010897931   61.899056421   27.612544082
    1.570796327    0.349065850   48.497738220   67.716719357   25.228848084
    1.745329252    0.349065850   59.983562880   62.076431473   21.652509890
    1.919862177    0.349065850   69.620592315   47.013464488   17.690407487
    2.094395102    0.349065850   76.040729001   25.778332754   13.981552521
    2.268928028    0.349065850   78.469546274    1.846794448   10.868655834
    2.443460953    0.349065850   76.719276102  -21.598296524    8.405701630
    2.617993878    0.349065850   71.131436671  -41.732896156    6.441875046
    2.792526803    0.349065850   62.515169350  -55.912728921    4.735538401
    2.967059728    0.349065850   52.099144308  -62.121884556    3.079096804

   -3.141592654    0.698131701   42.873735867  -61.805221889   -0.563369905
   -2.967059728    0.698131701   32.868467143  -51.820520635   -1.039509538
   -2.792526803    0.698131701   25.054940471  -37.375644039   -1.261068647
   -2.617993878    0.698131701   19.819298169  -23.060979644   -1.317828237
   -2.443460953    0.698131701   16.747998554  -13.138211585   -1.334902630
   -2.268928028    0.698131701   14.847267815   -9.750453174   -1.446436705
   -2.094395102    0.698131701   13.006522333  -12.063585855   -1.738020741
   -1.919862177    0.698131701   10.506744019  -16.551879515   -2.188553790
   -1.745329252    0.698131701    7.380953895  -18.457189329   -2.657287691
   -1.570796327    0.698131701    4.448040647  -13.882388733   -2.927789035
   -1.396263402    0.698131701    2.982746509   -1.764514468   -2.816192945
   -1.221730476    0.698131701    4.135245698   15.394799132   -2.267879241
   -1.047197551    0.698131701    8.366401712   32.573336335   -1.396452992
   -0.872664626    0.698131701   15.209302002   44.537196856   -0.418581397
   -0.698131701    0.698131701   23.435081591   48.093884110    0.478469643
   -0.523598776    0.698131701   31.504455747   42.935309340    1.263460731
   -0.349065850    0.698131701   38.032969938   30.881675280    2.119417409
   -0.174532925    0.698131701   42.060854715   14.758807447    3.382843806
    0.000000000    0.698131701   43.147917878   -2.262144454    5.426963067
    0.174532925    0.698131701   41.425956378  -16.838696459    8.518381794
    0.349065850    0.698131701   37.633285573  -25.439197789   12.669815399
    0.523598776    0.698131701   33.090140702  -25.065048115   17.542660397
    0.698131701    0.698131701   29.495199586  -14.654898057   22.446301566
    0.872664626    0.698131701   28.478769796    3.922701862   26.477783413
    1.047197551    0.698131701   31.089509537   25.998301343   28.811028989
    1.221730476    0.698131701   37.430537572   45.740185505   29.001102083
    1.396263402    0.698131701   46.638874339   58.243599148   27.124031278
    1.570796327    0.698131701   57.193758506   60.970454478   23.705539519
    1.745329252    0.698131701   67.360947353   54.010285777   19.477693482
    1.919862177    0.698131701   75.595206120   39.233621407   15.128802860
    2.094395102    0.698131701   80.763718108   19.330679185   11.143386126
    2.268928028    0.698131701   82.215238517   -2.896004497    7.767715286
    2.443460953    0.698131701   79.774394706  -24.837804743    5.058714947
    2.617993878    0.698131701   73.714353003  -44.008936464    2.961207745
    2.792526803    0.698131701   64.739803147  -57.827272073    1.379102276
    2.967059728    0.698131701   53.983679468  -64.131936362    0.223699156

   -3.141592654    1.047197551   41.574228898  -61.766962527   -5.460373840
   -2.967059728    1.047197551   31.662496980  -50.830107107   -4.719788825
   -2.792526803    1.047197551   24.075948172  -35.835625473   -3.603198455
   -2.617993878    1.047197551   19.122056917  -21.445206717   -2.376775509
   -2.443460953    1.047197551   16.307544521  -11.864737453   -1.276540927
   -2.268928028    1.047197551   14.580526606   -9.052118788   -0.458123581
   -2.094395102    1.047197551   12.809166395  -11.947773780    0.029101229
   -1.919862177    1.047197551   10.289718878  -16.857370555    0.221032533
   -1.745329252    1.047197551    7.090165377  -18.960681642    0.180379192
   -1.570796327    1.047197551    4.064826129  -14.421022892   -0.049295755
   -1.396263402    1.047197551    2.507100356   -2.290096544   -0.455289342
   -1.221730476    1.047197551    3.566523770   14.837657120   -1.011041543
   -1.047197551    1.047197551    7.694674166   31.943888667   -1.619389007
   -0.872664626    1.047197551   14.425917469   43.913483728   -2.083274280
   -0.698131701    1.047197551   22.563730334   47.777938483   -2.125498166
   -0.523598776    1.047197551   30.642529044   43.468722399   -1.448574286
   -0.349065850    1.047197551   37.387459216   32.940803837    0.200270706
   -0.174532925    1.047197551   41.954195978   18.956254931    2.961368586
    0.000000000    1.047197551   43.985909207    4.380871210    6.816409162
    0.174532925    1.047197551   43.625563394   -7.968229808   11.549636145
    0.349065850    1.047197551   41.517902047  -15.204072201   16.715499130
    0.523598776    1.047197551   38.777365764  -14.925010964   21.656549593
    0.698131701    1.047197551   36.814691159   -6.388672368   25.601962074
    0.872664626    1.047197551   36.959355054    8.744843775   27.853180631
    1.047197551    1.047197551   40.044136107   26.557629318   28.017113501
    1.221730476    1.047197551   46.117654692   42.231315647   26.150888248
    1.396263402    1.047197551   54.431294568   51.725664788   22.712339433
    1.570796327    1.047197551   63.690142045   52.873882036   18.363977470
    1.745329252    1.047197551   72.403734171   45.631069328   13.728317787
    1.919862177    1.047197551   79.217282840   31.431525222    9.248789029
    2.094395102    1.047197551   83.106648640   12.510783583    5.172200556
    2.268928028    1.047197551   83.462363642   -8.628569868    1.626714062
    2.443460953    1.047197551   80.115333768  -29.488120562   -1.300528618
    2.617993878    1.047197551   73.338533112  -47.557713722   -3.524414622
    2.792526803    1.047197551   63.844654404  -60.202617624   -4.965952980
    2.967059728    1.047197551   52.779164297  -65.269375885   -5.595252587

   -3.141592654    1.396263402   36.717519400  -60.759589938  -11.106658375
   -2.967059728    1.396263402   27.142414531  -48.058034574   -9.638915338
   -2.792526803    1.396263402   20.149548614  -31.924590176   -7.713306866
   -2.617993878    1.396263402   15.922787382  -17.145359773   -5.712505586
   -2.443460953    1.396263402   13.841369851   -7.858787513   -3.915896863
   -2.268928028    1.396263402   12.753871480   -5.778183764   -2.435688741
   -2.094395102    1.396263402   11.476006907   -9.576186495   -1.237369641
   -1.919862177    1.396263402    9.289789637  -15.415792277   -0.244916922
   -1.745329252    1.396263402    6.258190655  -18.498293985    0.539274445
   -1.570796327    1.396263402    3.219452413  -15.065157663    0.999374476
   -1.396263402    1.396263402    1.447479353   -4.100838762    0.986849252
   -1.221730476    1.396263402    2.104790319   12.107700464    0.482516942
   -1.047197551    1.396263402    5.724907622   28.995500023   -0.287502515
   -0.872664626    1.396263402   11.997814225   41.795404946   -0.874765938
   -0.698131701    1.396263402   19.920528663   47.601058660   -0.760372977
   -0.523598776    1.396263402   28.201691207   46.067378586    0.454773776
   -0.349065850    1.396263402   35.670869270   38.643484784    2.929629163
   -0.174532925    1.396263402   41.488182332   27.485508622    6.562477340
    0.000000000    1.396263402   45.195706478   14.865516632   11.028989814
    0.174532925    1.396263402   46.738998643    3.093492828   15.827068649
    0.349065850    1.396263402   46.490575511   -5.258687520   20.310285594
    0.523598776    1.396263402   45.263398859   -7.782209630   23.762379536
    0.698131701    1.396263402   44.206991667   -3.285932035   25.542427809
    0.872664626    1.396263402   44.507358403    7.453871415   25.279824795
    1.047197551    1.396263402   47.025919972   21.548516886   23.033924940
    1.221730476    1.396263402   52.000107829   34.901044772   19.290757938
    1.396263402    1.396263402   58.944502307   43.589813578   14.763459082
    1.570796327    1.396263402   66.794426649   44.975700654   10.117393843
    1.745329252    1.396263402   74.181275724   38.330999791    5.760434984
    1.919862177    1.396263402   79.764941521   24.590844857    1.819909725
    2.094395102    1.396263402   82.481967511    5.893252741   -1.746208337
    2.268928028    1.396263402   81.698407441  -15.034723246   -4.976700226
    2.443460953    1.396263402   77.272473365  -35.362295807   -7.801445620
    2.617993878    1.396263402   69.555611711  -52.340592615  -10.026959372
    2.792526803    1.396263402   59.363273855  -63.322784646  -11.405659966
    2.967059728    1.396263402   47.926534332  -66.343989010  -11.766363617

   -3.141592654    1.745329252   30.448587626  -58.594671433  -17.251265705
   -2.967059728    1.745329252   21.419846749  -44.090414572  -15.988004634
   -2.792526803    1.745329252   15.211588582  -27.064970575  -14.067240058
   -2.617993878    1.745329252   11.843813659  -12.293096799  -11.820345891
   -2.443460953    1.745329252   10.561965261   -3.614789051   -9.502097278
   -2.268928028    1.745329252   10.146366029   -2.324458578   -7.222105502
   -2.094395102    1.745329252    9.408252884   -6.822918437   -4.956953612
   -1.919862177    1.745329252    7.648493423  -13.291876483   -2.659507238
   -1.745329252    1.745329252    4.923572992  -17.160523764   -0.394090798
   -1.570796327    1.745329252    2.026827292  -14.836498430    1.614491184
   -1.396263402    1.745329252    0.185714412   -5.119322534    3.078617792
   -1.221730476    1.745329252    0.582282478   10.248756018    3.848568415
   -1.047197551    1.745329252    3.876889952   27.323256454    4.073014548
   -0.872664626    1.745329252    9.970537838   41.624917320    4.185571960
   -0.698131701    1.745329252   18.076003156   49.999480482    4.719570787
   -0.523598776    1.745329252   27.034399330   51.428880082    6.069779467
   -0.349065850    1.745329252   35.676147221   46.592685014    8.337097892
   -0.174532925    1.745329252   43.036550522   37.007894515   11.319493123
    0.000000000    1.745329252   48.442300697   24.545695235   14.581770405
    0.174532925    1.745329252   51.574285758   11.345959787   17.546605286
    0.349065850    1.745329252   52.531045265    0.070639019   19.580917168
    0.523598776    1.745329252   51.895317174   -6.451628020   20.119846187
    0.698131701    1.745329252   50.693360353   -6.245465947   18.837017871
    0.872664626    1.745329252   50.147032653    0.908900122   15.808312125
    1.047197551    1.745329252   51.317446144   12.935428869   11.554119279
    1.221730476    1.745329252   54.737382157   25.972478590    6.875475224
    1.396263402    1.745329252   60.197208478   35.657012683    2.534671147
    1.570796327    1.745329252   66.789249092   38.490851410   -1.032888181
    1.745329252    1.745329252   73.149587583   32.949321997   -3.826384642
    1.919862177    1.745329252   77.837831715   19.588929289   -6.150882646
    2.094395102    1.745329252   79.668856353    0.686954899   -8.377667015
    2.268928028    1.745329252   77.946234832  -20.550091988  -10.715048080
    2.443460953    1.745329252   72.559585637  -40.734739257  -13.114169894
    2.617993878    1.745329252   63.975462379  -56.736746104  -15.300578528
    2.792526803    1.745329252   53.163298848  -65.887252608  -16.895560088
    2.967059728    1.745329252   41.480764969  -66.537633933  -17.589030460

   -3.141592654    2.094395102   23.423651616  -57.466568274  -18.644425825
   -2.967059728    2.094395102   14.741198816  -41.335914271  -17.424480133
   -2.792526803    2.094395102    9.113550176  -23.281144005  -15.473199510
   -2.617993878    2.094395102    6.452246960   -8.069284075  -13.083301393
   -2.443460953    2.094395102    5.916889678    0.675698789  -10.481482495
   -2.268928028    2.094395102    6.249636927    1.967145349   -7.749364316
   -2.094395102    2.094395102    6.269286504   -2.412504143   -4.830272279
   -1.919862177    2.094395102    5.295374365   -8.714312716   -1.646132087
   -1.745329252    2.094395102    3.370291832  -12.643353210    1.744640262
   -1.570796327    2.094395102    1.223664895  -10.852560423    5.072068741
   -1.396263402    2.094395102    0.000000000   -2.084159559    7.944245844
   -1.221730476    2.094395102    0.840789176   12.338989494   10.061036892
   -1.047197551    2.094395102    4.455478402   29.021844206   11.401359847
   -0.872664626    2.094395102   10.874422158   43.799271984   12.237563584
   -0.698131701    2.094395102   19.457300362   53.387303342   12.962496077
   -0.523598776    2.094395102   29.133790776   56.249606335   13.858791555
   -0.349065850    2.094395102   38.718128221   52.455187830   14.949142868
   -0.174532925    2.094395102   47.129801177   43.008089427   16.004005854
    0.000000000    2.094395102   53.509387756   29.489849658   16.628378467
    0.174532925    2.094395102   57.320940455   13.981704030   16.370733016
    0.349065850    2.094395102   58.457647459   -0.643806951   14.835823291
    0.523598776    2.094395102   57.362718959  -11.010540397   11.823340366
    0.698131701    2.094395102   55.049037207  -14.272055294    7.473487047
    0.872664626    2.094395102   52.889617060   -9.256001382    2.338376958
    1.047197551    2.094395102   52.238008445    2.556051716   -2.728979318
    1.221730476    2.094395102   53.963304297   17.180483557   -6.875976655
    1.396263402    2.094395102   58.106674806   29.438093125   -9.596972207
    1.570796327    2.094395102   63.836406157   34.724788956  -10.923388305
    1.745329252    2.094395102   69.686046425   30.665270935  -11.351807080
    1.919862177    2.094395102   74.013753349   17.552297288  -11.568029760
    2.094395102    2.094395102   75.439566719   -2.011238353  -12.139607397
    2.268928028    2.094395102   73.163519532  -24.168650782  -13.313513961
    2.443460953    2.094395102   67.090057185  -44.867417106  -14.984272447
    2.617993878    2.094395102   57.797756944  -60.548896477  -16.782822642
    2.792526803    2.094395102   46.412407836  -68.500063782  -18.230899281
    2.967059728    2.094395102   34.425240764  -67.345211332  -18.923006100

   -3.141592654    2.443460953   17.161637744  -56.869165352  -12.550598808
   -2.967059728    2.443460953    8.723707683  -39.174394543  -11.289040721
   -2.792526803    2.443460953    3.588349327  -19.875716107   -9.528360410
   -2.617993878    2.443460953    1.602807442   -3.791203627   -7.459638027
   -2.443460953    2.443460953    1.870949154    5.576214112   -5.196246369
   -2.268928028    2.443460953    3.109751797    7.453286859   -2.716053396
   -2.094395102    2.443460953    4.145166507    3.752641667    0.122913198
   -1.919862177    2.443460953    4.308423579   -1.875248040    3.469880609
   -1.745329252    2.443460953    3.615907013   -5.448207933    7.319425297
   -1.570796327    2.443460953    2.711983568   -3.936663836   11.408517506
   -1.396263402    2.443460953    2.620471233    3.864850157   15.266751492
   -1.221730476    2.443460953    4.385127599   16.944940124   18.402228187
   -1.047197551    2.443460953    8.692252906   32.401515020   20.511538377
   -0.872664626    2.443460953   15.626315295   46.404102150   21.567548958
   -0.698131701    2.443460953   24.628113110   55.630149633   21.737530928
   -0.523598776    2.443460953   34.670825006   58.166643571   21.216477887
   -0.349065850    2.443460953   44.535410723   53.646615544   20.086863958
   -0.174532925    2.443460953   53.041489922   42.765843376   18.295475035
    0.000000000    2.443460953   59.196885540   27.036682187   15.699368370
    0.174532925    2.443460953   62.341936021    8.720464277   12.146653462
    0.349065850    2.443460953   62.298692723   -8.881686858    7.578629099
    0.523598776    2.443460953   59.536456870  -21.722500510    2.147161958
    0.698131701    2.443460953   55.224919460  -26.168083605   -3.695021522
    0.872664626    2.443460953   51.019206204  -20.466122987   -9.206722359
    1.047197551    2.443460953   48.609983753   -6.097543361  -13.550337956
    1.221730476    2.443460953   49.139561610   12.237239209  -16.109310391
    1.396263402    2.443460953   52.751122812   28.188758969  -16.751337734
    1.570796327    2.443460953   58.509772895   36.062993386  -15.885514260
    1.745329252    2.443460953   64.698168213   32.932555466  -14.266936088
    1.919862177    2.443460953   69.387322539   19.220986957  -12.684810824
    2.094395102    2.443460953   70.979335562   -1.852536170  -11.689483753
    2.268928028    2.443460953   68.582694603  -25.665851549  -11.470239658
    2.443460953    2.443460953   62.136114055  -47.519314350  -11.884541728
    2.617993878    2.443460953   52.341546834  -63.485524193  -12.574897851
    2.792526803    2.443460953   40.485244447  -70.819988877  -13.116030521
    2.967059728    2.443460953   28.199946173  -68.362952757  -13.165975827

   -3.141592654    2.792526803   14.504423239  -55.657465066    0.993078503
   -2.967059728    2.792526803    6.333854236  -37.347718389    2.585243878
   -2.792526803    2.792526803    1.563468008  -17.545876542    4.116475735
   -2.617993878    2.792526803    0.024552959   -1.003767259    5.551073943
   -2.443460953    2.792526803    0.825764981    8.924603269    6.979010328
   -2.268928028    2.792526803    2.716993557   11.630403677    8.607430248
   -2.094395102    2.792526803    4.578958617    9.094307153   10.697067225
   -1.919862177    2.792526803    5.792118299    4.817299015   13.447367692
   -1.745329252    2.792526803    6.374784966    2.393869229   16.860979367
   -1.570796327    2.792526803    6.893994648    4.376136146   20.656163235
   -1.396263402    2.792526803    8.222934525   11.648765403   24.308312434
   -1.221730476    2.792526803   11.227175684   23.220481591   27.210071515
   -1.047197551    2.792526803   16.447633395   36.520936335   28.881392232
   -0.872664626    2.792526803   23.892901104   48.134175800   29.100193551
   -0.698131701    2.792526803   32.989322190   55.003188437   27.897615040
   -0.523598776    2.792526803   42.721961822   55.243623153   25.454019608
   -0.349065850    2.792526803   51.876206243   48.421246538   21.976622504
   -0.174532925    2.792526803   59.266145111   35.200824013   17.646518920
    0.000000000    2.792526803   63.900708807   17.202352364   12.615664388
    0.174532925    2.792526803   65.153778516   -3.042490729    7.034261817
    0.349065850    2.792526803   62.939390103  -21.833081310    1.114509385
    0.523598776    2.792526803   57.896203116  -34.667056145   -4.798838514
    0.698131701    2.792526803   51.437231785  -37.543865142  -10.190279979
    0.872664626    2.792526803   45.498695959  -28.696094575  -14.431864631
    1.047197551    2.792526803   42.010224385  -10.120152673  -16.975584674
    1.221730476    2.792526803   42.219474325   12.524195817  -17.593242620
    1.396263402    2.792526803   46.193996201   31.839656059  -16.498727122
    1.570796327    2.792526803   52.767330520   41.466611721  -14.274738206
    1.745329252    2.792526803   59.926844298   38.414134844  -11.626122798
    1.919862177    2.792526803   65.486377966   23.576849930   -9.131165331
    2.094395102    2.792526803   67.697743087    0.868858990   -7.091330805
    2.268928028    2.792526803   65.637959508  -24.464909796   -5.533691553
    2.443460953    2.792526803   59.303900368  -47.328784050   -4.301409660
    2.617993878    2.792526803   49.501405352  -63.660164845   -3.172478585
    2.792526803    2.792526803   37.624909377  -70.806036638   -1.952919993
    2.967059728    2.792526803   25.387088522  -67.810210505   -0.555014251
