#! FIELDS phi psi file.free der_phi der_psi
#! SET min_phi -pi
#! SET max_phi pi
#! SET nbins_phi  36
#! SET periodic_phi true
#! SET min_psi -pi
#! SET max_psi pi
#! SET nbins_psi  18
#! SET periodic_psi true
   -3.141592654   -3.141592654   17.404885426  -53.152795167   16.522906192
   -2.967059728   -3.141592654    9.586594357  -35.802497764   18.762955278
   -2.792526803   -3.141592654    5.019080947  -16.702236475   20.238130852
   -2.617993878   -3.141592654    3.601543434   -0.357244442   21.004943246
   -2.443460953   -3.141592654    4.546108116   10.034348355   21.353607733
   -2.268928028   -3.141592654    6.720243278   13.859959518   21.726787886
   -2.094395102   -3.141592654    9.107542554   12.941945612   22.567245555
   -1.919862177   -3.141592654   11.148895778   10.453726929   24.155713638
   -1.745329252   -3.141592654   12.852499744    9.508933012   26.490613118
   -1.570796327   -3.141592654   14.683691258   12.111483225   29.243376479
   -1.396263402   -3.141592654   17.324880487   18.717803386   31.831093400
   -1.221730476   -3.141592654   21.400305794   28.210806858   33.577264951
   -1.047197551   -3.141592654   27.222886838   38.290493668   33.920973911
   -0.872664626   -3.141592654   34.648547848   46.105134297   32.565081119
   -0.698131701   -3.141592654   43.057267100   49.212223853   29.521125513
   -0.523598776   -3.141592654   51.484399941   46.188944155   25.044891201
   -0.349065850   -3.141592654   58.827334150   36.862884758   19.518941781
   -0.174532925   -3.141592654   64.043733724   22.007320181   13.368135065
    0.000000000   -3.141592654   66.298222057    3.279734248    7.009826715
    0.174532925   -3.141592654   65.126045763  -16.741523813    0.826161826
    0.349065850   -3.141592654   60.613247425  -34.285187704   -4.823009170
    0.523598776   -3.141592654   53.583892793  -44.784674208   -9.586171754
    0.698131701   -3.141592654   45.637753356  -44.302975839  -13.124373899
    0.872664626   -3.141592654   38.863156038  -31.440251217  -15.160057335
    1.047197551   -3.141592654   35.247479364   -8.895918540  -15.587239048
    1.221730476   -3.141592654   35.958046967   16.857435583  -14.564163057
    1.396263402   -3.141592654   40.858567573   37.875679158  -12.486700724
    1.570796327   -3.141592654   48.529114313   47.816047091   -9.849641729
    1.745329252   -3.141592654   56.754218968   44.195152019   -7.053367781
    1.919862177   -3.141592654   63.254097313   28.596957701   -4.298436665
    2.094395102   -3.141592654   66.293934715    5.410476226   -1.587116405
    2.268928028   -3.141592654   65.013657583  -20.022772197    1.181532586
    2.443460953   -3.141592654   59.461859457  -42.807848576    4.111264463
    2.617993878   -3.141592654   50.449649136  -59.167146020    7.235227675
    2.792526803   -3.141592654   39.333459865  -66.658377608   10.485760590
    2.967059728   -3.141592654   27.764682415  -64.363496852   13.673190266

   -3.141592654   -2.792526803   24.810475867  -48.498990402   24.594773698
   -2.967059728   -2.792526803   17.640220413  -33.065379288   26.652528982
   -2.792526803   -2.792526803   13.384031294  -15.825528832   27.659900513
   -2.617993878   -2.792526803   11.992282541   -0.818222586   27.838669743
   -2.443460953   -2.792526803   12.802345359    9.114239550   27.628403193
   -2.268928028   -2.792526803   14.847456491   13.453765368   27.551438041
   -2.094395102   -2.792526803   17.268662186   13.836124420   28.029429723
   -1.919862177   -2.792526803   19.609603655   13.012371386   29.232320085
   -1.745329252   -2.792526803   21.893729362   13.518568450   31.010497881
   -1.570796327   -2.792526803   24.495765335   16.759370900   32.912062743
   -1.396263402   -2.792526803   27.912794717   22.726546805   34.300829132
   -1.221730476   -2.792526803   32.526193109   30.149925066   34.524136094
   -1.047197551   -2.792526803   38.415447251   36.970479100   33.110670959
   -0.872664626   -2.792526803   45.276430020   40.922977490   29.898159091
   -0.698131701   -2.792526803   52.445833356   40.282851955   25.064186032
   -0.523598776   -2.792526803   59.037188558   34.256773159   19.046801206
   -0.349065850   -2.792526803   64.118343422   23.100954805   12.406403766
   -0.174532925   -2.792526803   66.871362339    7.782868815    5.709254532
    0.000000000   -2.792526803   66.700588020  -10.072130969   -0.540382919
    0.174532925   -2.792526803   63.359069120  -28.074135921   -5.940953656
    0.349065850   -2.792526803   57.106956950  -42.764955802  -10.187423695
    0.523598776   -2.792526803   48.882411234  -49.948002280  -13.074118986
    0.698131701   -2.792526803   40.331953792  -46.075503002  -14.508296557
    0.872664626   -2.792526803   33.520483085  -30.166246993  -14.535194637
    1.047197551   -2.792526803   30.340700289   -5.310873383  -13.373573897
    1.221730476   -2.792526803   31.808024289   21.791811894  -11.393337791
    1.396263402   -2.792526803   37.619285622   43.255951806   -9.000755798
    1.570796327   -2.792526803   46.224576822   53.104361642   -6.491944257
    1.745329252   -2.792526803   55.356240390   49.322357019   -3.947115045
    1.919862177   -2.792526803   62.756501602   33.852626617   -1.254413376
    2.094395102   -2.792526803   66.753116987   11.168201631    1.777818181
    2.268928028   -2.792526803   66.539669654  -13.549107108    5.281466024
    2.443460953   -2.792526803   62.178244903  -35.688561358    9.242143732
    2.617993878   -2.792526803   54.441821706  -51.749764716   13.482722266
    2.792526803   -2.792526803   44.606808778  -59.513938955   17.703048123
    2.967059728   -2.792526803   34.214212993  -58.159512278   21.528962478

   -3.141592654   -2.443460953   33.309362730  -43.758420217   22.898042257
   -2.967059728   -2.443460953   26.793627525  -30.312897197   24.603732146
   -2.792526803   -2.443460953   22.857888929  -14.830815926   25.418157648
   -2.617993878   -2.443460953   21.531165160   -0.933394382   25.547914176
   -2.443460953   -2.443460953   22.289126359    8.784251554   25.332900440
   -2.268928028   -2.443460953   24.320019768   13.735258921   25.145783335
   -2.094395102   -2.443460953   26.880685619   15.185229741   25.257351468
   -1.919862177   -2.443460953   29.547609351   15.338578041   25.725745937
   -1.745329252   -2.443460953   32.278201053   16.160366349   26.361896586
   -1.570796327   -2.443460953   35.291945344   18.641278735   26.765110440
   -1.396263402   -2.443460953   38.881324995   22.627618003   26.443131325
   -1.221730476   -2.443460953   43.226181304   27.051060812   24.954057286
   -1.047197551   -2.443460953   48.269928463   30.364242209   22.057923500
   -0.872664626   -2.443460953   53.679788065   30.999890150   17.790860283
   -0.698131701   -2.443460953   58.883699221   27.877324191   12.458515843
   -0.523598776   -2.443460953   63.181669618   20.619350625    6.545315057
   -0.349065850   -2.443460953   65.873879066    9.591143222    0.589309001
   -0.174532925   -2.443460953   66.369756870   -4.380304196   -4.918474226
    0.000000000   -2.443460953   64.260841718  -19.994245485   -9.585460252
    0.174532925   -2.443460953   59.423317748  -35.228698032  -13.151870959
    0.349065850   -2.443460953   52.177866722  -46.977493798  -15.481642572
    0.523598776   -2.443460953   43.467774948  -51.328698608  -16.557547796
    0.698131701   -2.443460953   34.899897920  -44.955567268  -16.470762074
    0.872664626   -2.443460953   28.462735472  -27.088528551  -15.408459512
    1.047197551   -2.443460953   25.939286706   -0.982575782  -13.645588301
    1.221730476   -2.443460953   28.217026810   26.646968084  -11.495836386
    1.396263402   -2.443460953   34.881098279   48.117175921   -9.213681001
    1.570796327   -2.443460953   44.322581934   57.839742132   -6.906394993
    1.745329252   -2.443460953   54.286117454   54.182134254   -4.503261878
    1.919862177   -2.443460953   62.578108374   39.280933828   -1.828561484
    2.094395102   -2.443460953   67.600628956   17.530207545    1.283764352
    2.268928028   -2.443460953   68.587733005   -6.180418154    4.882455201
    2.443460953   -2.443460953   65.583710319  -27.587202089    8.857777871
    2.617993878   -2.443460953   59.286943409  -43.469259473   12.962577071
    2.792526803   -2.443460953   50.862381116  -51.766580784   16.877743468
    2.967059728   -2.443460953   41.725138796  -51.650616537   20.278240087

   -3.141592654   -2.094395102   39.732296165  -40.030909627   14.126401257
   -2.967059728   -2.094395102   33.744192567  -27.994200384   15.155639518
   -2.792526803   -2.094395102   30.100396962  -13.760130584   15.713898933
   -2.617993878   -2.094395102   28.877736914   -0.737042057   15.918510943
   -2.443460953   -2.094395102   29.630353109    8.609789874   15.906718691
   -2.268928028   -2.094395102   31.631444301   13.625228563   15.804882119
   -2.094395102   -2.094395102   34.192802425   15.298770026   15.675174253
   -1.919862177   -2.094395102   36.884721144   15.442404555   15.464211959
   -1.745329252   -2.094395102   39.590444709   15.650259460   14.993897779
   -1.570796327   -2.094395102   42.403946482   16.729983806   13.996508002
   -1.396263402   -2.094395102   45.483354412   18.601887256   12.210420692
   -1.221730476   -2.094395102   48.909535624   20.538505878    9.477911415
   -1.047197551   -2.094395102   52.604040387   21.492001688    5.834773293
   -0.872664626   -2.094395102   56.303545316   20.425641771    1.524915222
   -0.698131701   -2.094395102   59.585972417   16.631475853   -3.052112029
   -0.523598776   -2.094395102   61.946399695    9.861611335   -7.446149547
   -0.349065850   -2.094395102   62.878957648    0.340145822  -11.267544837
   -0.174532925   -2.094395102   61.944869224  -11.422170913  -14.263481716
    0.000000000   -2.094395102   58.823083283  -24.541186694  -16.335241573
    0.174532925   -2.094395102   53.404393771  -37.376132488  -17.530715424
    0.349065850   -2.094395102   45.967234333  -47.091842592  -17.988118872
    0.523598776   -2.094395102   37.379442912  -49.888431415  -17.875518964
    0.698131701   -2.094395102   29.164179635  -42.418590013  -17.332142381
    0.872664626   -2.094395102   23.234864128  -23.859145695  -16.437113631
    1.047197551   -2.094395102   21.310326486    2.604925288  -15.225213848
    1.221730476   -2.094395102   24.228209759   30.370884689  -13.715571952
    1.396263402   -2.094395102   31.549493618   51.930064017  -11.914750099
    1.570796327   -2.094395102   41.674701746   61.898202962   -9.816564779
    1.745329252   -2.094395102   52.388449069   58.760365818   -7.401156411
    1.919862177   -2.094395102   61.543920703   44.616011725   -4.663293112
    2.094395102   -2.094395102   67.570195343   23.677235939   -1.642451293
    2.268928028   -2.094395102   69.690266187    0.597455749    1.554941050
    2.443460953   -2.094395102   67.898927598  -20.551760760    4.761283355
    2.617993878   -2.094395102   62.819167139  -36.645798593    7.777936498
    2.792526803   -2.094395102   55.532950256  -45.629328391   10.419766588
    2.967059728   -2.094395102   47.379102098  -46.595440119   12.556370097

   -3.141592654   -1.745329252   41.983107699  -38.652716970    5.595749614
   -2.967059728   -1.745329252   36.201752958  -26.983755667    6.066877857
   -2.792526803   -1.745329252   32.711471838  -13.005408101    6.392947392
   -2.617993878   -1.745329252   31.598941577   -0.240101011    6.565769737
   -2.443460953   -1.745329252   32.410706765    8.772574736    6.515789213
   -2.268928028   -1.745329252   34.401080993   13.312599402    6.141264009
   -2.094395102   -1.745329252   36.850214620   14.278338198    5.327758244
   -1.919862177   -1.745329252   39.278087558   13.373724606    3.962969381
   -1.745329252   -1.745329252   41.501836416   12.130150982    1.967151114
   -1.570796327   -1.745329252   43.549909558   11.450171783   -0.666009137
   -1.396263402   -1.745329252   45.549452046   11.539135306   -3.823622595
   -1.221730476   -1.745329252   47.613580188   12.107156551   -7.275742952
   -1.047197551   -1.745329252   49.775453979   12.533588432  -10.713231741
   -0.872664626   -1.745329252   51.945427482   12.047129454  -13.818936175
   -0.698131701   -1.745329252   53.895339280    9.902078007  -16.326558968
   -0.523598776   -1.745329252   55.282415676    5.528441731  -18.056211949
   -0.349065850   -1.745329252   55.688450409   -1.360694338  -18.931171112
   -0.174532925   -1.745329252   54.669775838  -10.769566178  -18.994519733
    0.000000000   -1.745329252   51.819048222  -22.225686050  -18.417683477
    0.174532925   -1.745329252   46.884864859  -34.287192955  -17.491463149
    0.349065850   -1.745329252   39.990747201  -44.077654531  -16.552889908
    0.523598776   -1.745329252   31.878518164  -47.512526259  -15.871955238
    0.698131701   -1.745329252   24.009360019  -40.812077077  -15.539536573
    0.872664626   -1.745329252   18.310294872  -22.755355138  -15.425551552
    1.047197551   -1.745329252   16.570319134    3.699367961  -15.245165193
    1.221730476   -1.745329252   19.716773483   31.961007339  -14.692767154
    1.396263402   -1.745329252   27.386367952   54.361077816  -13.555421443
    1.570796327   -1.745329252   38.020056898   65.283830824  -11.780178615
    1.745329252   -1.745329252   49.402490721   62.993524144   -9.465748865
    1.919862177   -1.745329252   59.352336340   49.420416660   -6.818820283
    2.094395102   -1.745329252   66.241256141   28.683845272   -4.087848534
    2.268928028   -1.745329252   69.224913104    5.417682944   -1.506171828
    2.443460953   -1.745329252   68.233614148  -16.258935512    0.749001860
    2.617993878   -1.745329252   63.839215346  -33.115023053    2.575949227
    2.792526803   -1.745329252   57.096041633  -42.940733729    3.951275387
    2.967059728   -1.745329252   49.344591552  -44.666210914    4.927379786

   -3.141592654   -1.396263402   41.352607784  -38.675868169    1.314066709
   -2.967059728   -1.396263402   35.580068400  -26.858461404    1.135334459
   -2.792526803   -1.396263402   32.121638235  -12.807318917    0.917137668
   -2.617993878   -1.396263402   31.028192185   -0.291935084    0.630376494
   -2.443460953   -1.396263402   31.776728492    8.021179593    0.150500641
   -2.268928028   -1.396263402   33.541538214   11.413826859   -0.712653031
   -2.094395102   -1.396263402   35.532986588   10.890368263   -2.176412504
   -1.919862177   -1.396263402   37.227021866    8.348867567   -4.419378564
   -1.745329252   -1.396263402   38.438233799    5.601020200   -7.492502864
   -1.570796327   -1.396263402   39.248721882    3.912668050  -11.235773833
   -1.396263402   -1.396263402   39.903695096    3.831796819  -15.258167690
   -1.221730476   -1.396263402   40.682384300    5.258728868  -19.022258459
   -1.047197551   -1.396263402   41.794747612    7.490760023  -21.997800536
   -0.872664626   -1.396263402   43.291279921    9.440316788  -23.807024572
   -0.698131701   -1.396263402   45.015105766    9.911285276  -24.294736241
   -0.523598776   -1.396263402   46.617640130    7.920362595  -23.518688501
   -0.349065850   -1.396263402   47.609896034    2.854552796  -21.706714606
   -0.174532925   -1.396263402   47.429824630   -5.519093961  -19.219552139
    0.000000000   -1.396263402   45.517977521  -16.884318230  -16.515353848
    0.174532925   -1.396263402   41.452313131  -29.832295330  -14.086211995
    0.349065850   -1.396263402   35.197976290  -41.303230173  -12.340764689
    0.523598776   -1.396263402   27.394717401  -46.755551121  -11.473201161
    0.698131701   -1.396263402   19.499665032  -41.768296332  -11.384346792
    0.872664626   -1.396263402   13.546074234  -24.540871570  -11.715285287
    1.047197551   -1.396263402   11.506683690    2.231589402  -11.992369005
    1.221730476   -1.396263402   14.501430829   31.812064159  -11.812139260
    1.396263402   -1.396263402   22.302507205   56.040855880  -10.963675622
    1.570796327   -1.396263402   33.386646148   68.693673042   -9.461152246
    1.745329252   -1.396263402   45.475379211   67.541937012   -7.491526511
    1.919862177   -1.396263402   56.259549964   54.284178358   -5.327819023
    2.094395102   -1.396263402   63.968049238   33.093668035   -3.244288362
    2.268928028   -1.396263402   67.642102032    8.855361290   -1.457188348
    2.443460953   -1.396263402   67.149146519  -13.991930259   -0.095205943
    2.617993878   -1.396263402   63.052857148  -31.932363179    0.802834896
    2.792526803   -1.396263402   56.442221117  -42.545215355    1.269371048
    2.967059728   -1.396263402   48.720772047  -44.667237970    1.400051305

   -3.141592654   -1.047197551   38.885779233  -40.834019456    2.255270808
   -2.967059728   -1.047197551   32.771160958  -28.586840782    1.057887793
   -2.792526803   -1.047197551   29.058762635  -13.997984228   -0.316976326
   -2.617993878   -1.047197551   27.792549480   -1.142081039   -1.780316330
   -2.443460953   -1.047197551   28.390113616    7.046508275   -3.340418041
   -2.268928028   -1.047197551   29.928588493    9.688182790   -5.122568239
   -2.094395102   -1.047197551   31.508013214    7.810798443   -7.345715654
   -1.919862177   -1.047197551   32.518310568    3.569520887  -10.217599010
   -1.745329252   -1.047197551   32.753662589   -0.728988052  -13.779069680
   -1.570796327   -1.047197551   32.375529650   -3.202650139  -17.770734129
   -1.396263402   -1.047197551   31.809192151   -2.814302335  -21.633301893
   -1.221730476   -1.047197551   31.570559589    0.459344544  -24.666051374
   -1.047197551   -1.047197551   32.086525247    5.579968630  -26.278543091
   -0.872664626   -1.047197551   33.536571519   10.821953811  -26.184698471
   -0.698131701   -1.047197551   35.773292481   14.304746858  -24.458590118
   -0.523598776   -1.047197551   38.350664910   14.528530196  -21.461888983
   -0.349065850   -1.047197551   40.609737539   10.561802655  -17.719555313
   -0.174532925   -1.047197551   41.780078961    2.034121832  -13.809515385
    0.000000000   -1.047197551   41.083700557  -10.701542971  -10.274147515
    0.174532925   -1.047197551   37.905285666  -25.971827201   -7.520404564
    0.349065850   -1.047197551   32.087004702  -40.178979313   -5.727516325
    0.523598776   -1.047197551   24.259073448  -48.053783915   -4.804188805
    0.698131701   -1.047197551   15.996092002  -44.487721231   -4.441565937
    0.872664626   -1.047197551    9.543419314  -27.321866054   -4.254899201
    1.047197551   -1.047197551    7.107421253    0.624678993   -3.940475065
    1.221730476   -1.047197551    9.981910704   32.091904587   -3.361641443
    1.396263402   -1.047197551   18.003997180   58.235623537   -2.528280911
    1.570796327   -1.047197551   29.602215794   72.256399233   -1.521588230
    1.745329252   -1.047197551   42.371896094   71.625986861   -0.429563880
    1.919862177   -1.047197551   53.850985402   58.028012187    0.676601394
    2.094395102   -1.047197551   62.133820989   35.845180405    1.728954969
    2.268928028   -1.047197551   66.174326557   10.273981236    2.647465442
    2.443460953   -1.047197551   65.807990875  -13.936810203    3.336919897
    2.617993878   -1.047197551   61.615825008  -33.040527994    3.699344034
    2.792526803   -1.047197551   54.736331041  -44.450117791    3.648538949
    2.967059728   -1.047197551   46.645752449  -46.928033235    3.155210626

   -3.141592654   -0.698131701   38.430177502  -44.704617723    2.234698583
   -2.967059728   -0.698131701   31.604102493  -32.800004293    0.064646820
   -2.792526803   -0.698131701   27.154820133  -18.172233282   -2.332380962
   -2.617993878   -0.698131701   25.180093402   -5.076058219   -4.754940968
   -2.443460953   -0.698131701   25.107331602    3.258530205   -7.113617885
   -2.268928028   -0.698131701   25.970052570    5.652424972   -9.480171138
   -2.094395102   -0.698131701   26.785952006    3.023334097  -12.054298527
   -1.919862177   -0.698131701   26.871691366   -2.243858615  -15.020388403
   -1.745329252   -0.698131701   26.019677069   -7.265399043  -18.357501326
   -1.570796327   -0.698131701   24.504987725   -9.477222634  -21.705467014
   -1.396263402   -0.698131701   22.966933602   -7.428758004  -24.416401962
   -1.221730476   -0.698131701   22.163864531   -1.222581481  -25.781740395
   -1.047197551   -0.698131701   22.694470017    7.465621458  -25.340192929
   -0.872664626   -0.698131701   24.775538428   16.062233097  -23.068341828
   -0.698131701   -0.698131701   28.156702240   21.976098107  -19.376257076
   -0.523598776   -0.698131701   32.192237906   23.329865905  -14.940315427
   -0.349065850   -0.698131701   35.986166252   19.128778124  -10.482196728
   -0.174532925   -0.698131701   38.543774908    9.187877563   -6.592415997
    0.000000000   -0.698131701   38.912251828   -5.744014143   -3.619548053
    0.174532925   -0.698131701   36.386641328  -23.432425895   -1.597046678
    0.349065850   -0.698131701   30.826754137  -39.642076298   -0.261533602
    0.523598776   -0.698131701   22.983671363  -48.594429588    0.824975187
    0.698131701   -0.698131701   14.613076419  -45.025314063    2.060102863
    0.872664626   -0.698131701    8.130646531  -27.046473898    3.594262835
    1.047197551   -0.698131701    5.838550874    1.982687274    5.263761975
    1.221730476   -0.698131701    9.030724650   34.294360190    6.716436630
    1.396263402   -0.698131701   17.476294140   60.793788960    7.638198723
    1.570796327   -0.698131701   29.518353685   74.716805768    7.930667111
    1.745329252   -0.698131701   42.688167242   73.720195905    7.731329394
    1.919862177   -0.698131701   54.492073795   59.647744952    7.302881343
    2.094395102   -0.698131701   63.012598707   36.940423702    6.878875557
    2.268928028   -0.698131701   67.193067262   10.766718268    6.559986830
    2.443460953   -0.698131701   66.849797820  -14.186031490    6.292777115
    2.617993878   -0.698131701   62.536949323  -34.206735403    5.909145684
    2.792526803   -0.698131701   55.366089309  -46.632290262    5.191268372
    2.967059728   -0.698131701   46.808295024  -50.079015118    3.979529598

   -3.141592654   -0.349065850   38.994040140  -49.787322246    2.860236514
   -2.967059728   -0.349065850   31.212004440  -38.570185088    0.030299206
   -2.792526803   -0.349065850   25.738099076  -24.040719369   -3.038616508
   -2.617993878   -0.349065850   22.765257693  -10.592618590   -6.063017170
   -2.443460953   -0.349065850   21.770676170   -1.800354320   -8.880818549
   -2.268928028   -0.349065850   21.773004967    0.789122356  -11.513252584
   -2.094395102   -0.349065850   21.727281136   -2.041909406  -14.109687094
   -1.919862177   -0.349065850   20.897152406   -7.654194336  -16.778647397
   -1.745329252   -0.349065850   19.099053191  -12.557639200  -19.398442299
   -1.570796327   -0.349065850   16.747100230  -13.556388832  -21.531253752
   -1.396263402   -0.349065850   14.700825906   -8.954223189  -22.549205262
   -1.221730476   -0.349065850   13.929429355    0.764162428  -21.909131054
   -1.047197551   -0.349065850   15.126416062   13.043791874  -19.452331207
   -0.872664626   -0.349065850   18.435687088   24.339946363  -15.517769966
   -0.698131701   -0.349065850   23.389083620   31.423814001  -10.829685625
   -0.523598776   -0.349065850   29.055124498   32.298857777   -6.231400916
   -0.349065850   -0.349065850   34.272396395   26.290618716   -2.402614748
   -0.174532925   -0.349065850   37.865327585   13.822571016    0.318354683
    0.000000000   -0.349065850   38.820476594   -3.584421103    1.996910432
    0.174532925   -0.349065850   36.509583370  -22.944388379    3.075407421
    0.349065850   -0.349065850   30.983402318  -39.511416402    4.206728004
    0.523598776   -0.349065850   23.231861649  -47.500357933    5.983865631
    0.698131701   -0.349065850   15.197073942  -42.241558589    8.641190723
    0.872664626   -0.349065850    9.340099875  -22.795794228   11.886065427
    1.047197551   -0.349065850    7.847143176    6.667606887   15.001454201
    1.221730476   -0.349065850   11.801645562   38.146181422   17.191891614
    1.396263402   -0.349065850   20.779741968   62.958656973   17.961683165
    1.570796327   -0.349065850   33.038952060   75.082187938   17.315879057
    1.745329252   -0.349065850   46.150184003   72.805016821   15.685580585
    1.919862177   -0.349065850   57.737048680   58.201241600   13.676593266
    2.094395102   -0.349065850   66.002845686   35.535383492   11.800461189
    2.268928028   -0.349065850   69.957535326    9.579848990   10.310839187
    2.443460953   -0.349065850   69.411156747  -15.387168427    9.178935855
    2.617993878   -0.349065850   64.852987501  -35.916974751    8.163838150
    2.792526803   -0.349065850   57.303364872  -49.333934878    6.927126975
    2.967059728   -0.349065850   48.165760425  -54.027202344    5.193621959

   -3.141592654    0.000000000   40.262108555  -54.788078819    2.496322412
   -2.967059728    0.000000000   31.533448193  -44.320065567   -0.208529523
   -2.792526803    0.000000000   25.030836919  -29.972609255   -3.033013217
   -2.617993878    0.000000000   21.043142969  -16.227862208   -5.722016497
   -2.443460953    0.000000000   19.105298800   -6.972583276   -8.146754736
   -2.268928028    0.000000000   18.235950719   -4.063452360  -10.346000457
   -2.094395102    0.000000000   17.355557082   -6.767628048  -12.441516163
   -1.919862177    0.000000000   15.717192910  -12.122291364  -14.464308979
   -1.745329252    0.000000000   13.208265120  -16.065528702  -16.201521170
   -1.570796327    0.000000000   10.409622191  -14.959009818  -17.179866700
   -1.396263402    0.000000000    8.383785038   -7.168512238  -16.853629794
   -1.221730476    0.000000000    8.237261561    6.118683257  -14.892589900
   -1.047197551    0.000000000   10.638466340   21.285914986  -11.429376943
   -0.872664626    0.000000000   15.525869749   33.863640623   -7.075910412
   -0.698131701    0.000000000   22.112715634   40.295078711   -2.708307258
   -0.523598776    0.000000000   29.152294609   38.961722938    0.866995567
   -0.349065850    0.000000000   35.281179749   30.037870367    3.206030729
   -0.174532925    0.000000000   39.289044471   14.951552973    4.344020641
    0.000000000    0.000000000   40.294487655   -3.883112507    4.755216113
    0.174532925    0.000000000   37.929352756  -22.969478865    5.203288533
    0.349065850    0.000000000   32.546215770  -37.623322893    6.473716832
    0.523598776    0.000000000   25.365551562  -42.804142659    9.060840202
    0.698131701    0.000000000   18.380583530  -35.095198106   12.902244599
    0.872664626    0.000000000   13.878049127  -14.771877045   17.312202016
    1.047197551    0.000000000   13.707059543   13.438704611   21.221301053
    1.221730476    0.000000000   18.600983555   41.931918742   23.632871291
    1.396263402    0.000000000   27.924431121   63.137190153   24.036514446
    1.570796327    0.000000000   39.934861345   72.234758440   22.571504807
    1.745329252    0.000000000   52.378877520   68.258175132   19.873685309
    1.919862177    0.000000000   63.127848370   53.361167240   16.747296029
    2.094395102    0.000000000   70.598221648   31.371033321   13.849874886
    2.268928028    0.000000000   73.913726858    6.422060857   11.513811515
    2.443460953    0.000000000   72.888324169  -17.797099237    9.732786599
    2.617993878    0.000000000   67.930892316  -38.213441474    8.254212412
    2.792526803    0.000000000   59.939973347  -52.198915356    6.719588693
    2.967059728    0.000000000   50.214337905  -57.925862364    4.836685791

   -3.141592654    0.349065850   41.537813981  -59.141359043    1.613886650
   -2.967059728    0.349065850   31.995713124  -49.197458827   -0.112712879
   -2.792526803    0.349065850   24.632555557  -34.854972188   -1.804509773
   -2.617993878    0.349065850   19.826271290  -20.664523169   -3.351724389
   -2.443460953    0.349065850   17.167035264  -10.798988406   -4.732595432
   -2.268928028    0.349065850   15.675952031   -7.390614452   -6.021276218
   -2.094395102    0.349065850   14.246443404   -9.739151371   -7.304140784
   -1.919862177    0.349065850   12.127569719  -14.593071527   -8.552453614
   -1.745329252    0.349065850    9.271113993  -17.439714772   -9.539448884
   -1.570796327    0.349065850    6.389942388  -14.387736831   -9.877449831
   -1.396263402    0.349065850    4.682375242   -4.030140499   -9.200207371
   -1.221730476    0.349065850    5.306470514   11.718385102   -7.379998309
   -1.047197551    0.349065850    8.833902537   28.363499252   -4.668827593
   -0.872664626    0.349065850   14.973123706   40.851109110   -1.634827998
   -0.698131701    0.349065850   22.658912054   45.675028256    1.067879582
   -0.523598776    0.349065850   30.428041968   41.867452612    2.980553381
   -0.349065850    0.349065850   36.846589257   30.540421697    4.034268194
   -0.174532925    0.349065850   40.798286701   14.022556279    4.557001737
    0.000000000    0.349065850   41.629788026   -4.653445149    5.149752904
    0.174532925    0.349065850   39.271257908  -21.855247454    6.486155756
    0.349065850    0.349065850   34.346580160  -33.351549714    9.062073793
    0.523598776    0.349065850   28.213852411  -35.150689243   12.966206691
    0.698131701    0.349065850   22.787026534  -25.205293270   17.750079623
    0.872664626    0.349065850   20.048602127   -4.882472775   22.490013191
    1.047197551    0.349065850   21.419699201   20.845314757   26.095533556
    1.221730476    0.349065850   27.254653093   45.133670868   27.734084049
    1.396263402    0.349065850   36.735301376   61.811317487   27.135507162
    1.570796327    0.349065850   48.185127331   67.392124705   24.643629429
    1.745329252    0.349065850   59.601462578   61.635454064   21.002696906
    1.919862177    0.349065850   69.165946166   46.661513527   17.040111535
    2.094395102    0.349065850   75.547831300   25.721681890   13.401224695
    2.268928028    0.349065850   78.001732292    2.199437290   10.420131109
    2.443460953    0.349065850   76.347339425  -20.868405083    8.128892023
    2.617993878    0.349065850   70.908090266  -40.796007627    6.346623963
    2.792526803    0.349065850   62.456221645  -55.005191641    4.800552438
    2.967059728    0.349065850   52.180400513  -61.448265273    3.258401509

   -3.141592654    0.698131701   43.085035492  -61.377060382   -0.408630893
   -2.967059728    0.698131701   33.118564984  -51.781534347   -0.906336521
   -2.792526803    0.698131701   25.289070995  -37.561964921   -1.177817433
   -2.617993878    0.698131701   20.015548874  -23.277364847   -1.294588575
   -2.443460953    0.698131701   16.915535513  -13.230080065   -1.370178395
   -2.268928028    0.698131701   15.014787055   -9.657040037   -1.534876651
   -2.094395102    0.698131701   13.204242972  -11.823130507   -1.872140314
   -1.919862177    0.698131701   10.750956131  -16.283237630   -2.356322704
   -1.745329252    0.698131701    7.663886286  -18.303581848   -2.838730476
   -1.570796327    0.698131701    4.738899760  -13.958578420   -3.098974816
   -1.396263402    0.698131701    3.236268356   -2.112210496   -2.959091122
   -1.221730476    0.698131701    4.306114670   14.810621828   -2.381144515
   -1.047197551    0.698131701    8.420867652   31.843340355   -1.498897558
   -0.872664626    0.698131701   15.131146342   43.766444926   -0.542317723
   -0.698131701    0.698131701   23.225241112   47.368598466    0.300996594
   -0.523598776    0.698131701   31.176251946   42.313695257    1.012243744
   -0.349065850    0.698131701   37.607857437   30.400335630    1.793465279
   -0.174532925    0.698131701   41.565864379   14.445122096    3.000683980
    0.000000000    0.698131701   42.613615353   -2.396777212    5.020962004
    0.174532925    0.698131701   40.882762113  -16.808321984    8.124892905
    0.349065850    0.698131701   37.106548584  -25.286607836   12.317382111
    0.523598776    0.698131701   32.596332492  -24.846756765   17.240870837
    0.698131701    0.698131701   29.040749226  -14.430194677   22.180860946
    0.872664626    0.698131701   28.059623177    4.093011488   26.214495562
    1.047197551    0.698131701   30.689844179   26.039918097   28.508619893
    1.221730476    0.698131701   37.021181859   45.578417736   28.626590382
    1.396263402    0.698131701   46.180741615   57.850137432   26.664681076
    1.570796327    0.698131701   56.650505374   60.410577167   23.173207542
    1.745329252    0.698131701   66.717251561   53.456472762   18.906347142
    1.919862177    0.698131701   74.872138474   38.918265326   14.567756895
    2.094395102    0.698131701   80.021822150   19.457001041   10.648136626
    2.268928028    0.698131701   81.541035087   -2.245666847    7.388513143
    2.443460953    0.698131701   79.254290234  -23.748615902    4.827853069
    2.617993878    0.698131701   73.406297705  -42.714534156    2.883316699
    2.792526803    0.698131701   64.653981873  -56.623096738    1.428936385
    2.967059728    0.698131701   54.081441873  -63.262198406    0.353497972

   -3.141592654    1.047197551   41.851548003  -61.418157743   -5.375701322
   -2.967059728    1.047197551   31.961089206  -50.905538788   -4.699855243
   -2.792526803    1.047197551   24.338666605  -36.130035591   -3.657516930
   -2.617993878    1.047197551   19.330443518  -21.740360500   -2.498636219
   -2.443460953    1.047197551   16.475993553  -12.009073881   -1.454391453
   -2.268928028    1.047197551   14.740787047   -9.003162569   -0.684184456
   -2.094395102    1.047197551   12.991399028  -11.759037125   -0.240449058
   -1.919862177    1.047197551   10.508884000  -16.644450270   -0.083097800
   -1.745329252    1.047197551    7.339241783  -18.848662737   -0.136911496
   -1.570796327    1.047197551    4.317172737  -14.506557319   -0.346869213
   -1.396263402    1.047197551    2.723482744   -2.613876865   -0.699673204
   -1.221730476    1.047197551    3.706006060   14.291093078   -1.183532725
   -1.047197551    1.047197551    7.723398582   31.236264162   -1.726105102
   -0.872664626    1.047197551   14.322853568   43.127245522   -2.153301156
   -0.698131701    1.047197551   22.322425341   46.993840813   -2.199383484
   -0.523598776    1.047197551   30.269578932   42.756546316   -1.563174958
   -0.349065850    1.047197551   36.900686722   32.360617908    0.022287459
   -0.174532925    1.047197551   41.381426214   18.560835222    2.715755453
    0.000000000    1.047197551   43.362553941    4.201292686    6.514634762
    0.174532925    1.047197551   42.989237399   -7.939905884   11.212338375
    0.349065850    1.047197551   40.900792980  -15.021200795   16.364486561
    0.523598776    1.047197551   38.199665869  -14.667453343   21.307326928
    0.698131701    1.047197551   36.282118434   -6.140907713   25.259674145
    0.872664626    1.047197551   36.463548563    8.908164328   27.513643573
    1.047197551    1.047197551   39.564152152   26.566419511   27.672036952
    1.221730476    1.047197551   45.621298690   42.029565913   25.793872052
    1.396263402    1.047197551   53.880215616   51.307569028   22.342744483
    1.570796327    1.047197551   63.052364794   52.323055838   17.988424410
    1.745329252    1.047197551   71.670895254   45.131347808   13.361734815
    1.919862177    1.047197551   78.418950208   31.221616249    8.915127705
    2.094395102    1.047197551   82.312400530   12.793101211    4.902643173
    2.268928028    1.047197551   82.766580677   -7.785678237    1.451435229
    2.443460953    1.047197551   79.608317395  -28.200912118   -1.365463734
    2.617993878    1.047197551   73.075490484  -46.102586460   -3.487996202
    2.792526803    1.047197551   63.825727277  -58.913340500   -4.863397370
    2.967059728    1.047197551   52.950775941  -64.404957083   -5.477331211

   -3.141592654    1.396263402   37.067676240  -60.574311973  -11.120316745
   -2.967059728    1.396263402   27.482298215  -48.323297914   -9.736895253
   -2.792526803    1.396263402   20.421574701  -32.389834436   -7.873607677
   -2.617993878    1.396263402   16.113955902  -17.572723865   -5.907686358
   -2.443460953    1.396263402   13.972520406   -8.103768681   -4.126757586
   -2.268928028    1.396263402   12.860783006   -5.814798621   -2.658207307
   -2.094395102    1.396263402   11.590884809   -9.461797495   -1.478506909
   -1.919862177    1.396263402    9.430968156  -15.245229922   -0.510528198
   -1.745329252    1.396263402    6.427120981  -18.362909797    0.257590282
   -1.570796327    1.396263402    3.403245171  -15.039456201    0.727629641
   -1.396263402    1.396263402    1.621767174   -4.237504830    0.759091808
   -1.221730476    1.396263402    2.238078345   11.775130222    0.323518683
   -1.047197551    1.396263402    5.782319444   28.462811551   -0.376819143
   -0.872664626    1.396263402   11.946457537   41.091225498   -0.919404985
   -0.698131701    1.396263402   19.735356990   46.785522530   -0.801073910
   -0.523598776    1.396263402   27.870341316   45.224649179    0.378066466
   -0.349065850    1.396263402   35.196930837   37.871529316    2.790170030
   -0.174532925    1.396263402   40.892660726   26.881284760    6.351568722
    0.000000000    1.396263402   44.514566342   14.498912942   10.752684511
    0.174532925    1.396263402   46.016210348    2.983495068   15.500005309
    0.349065850    1.396263402   45.768213034   -5.152130195   19.950036228
    0.523598776    1.396263402   44.572700624   -7.538466111   23.386472659
    0.698131701    1.396263402   43.563913920   -2.997983849   25.167889630
    0.872664626    1.396263402   43.911833768    7.698359821   24.924714186
    1.047197551    1.396263402   46.462856011   21.664447436   22.718263810
    1.221730476    1.396263402   51.440393562   34.815276506   19.034884031
    1.396263402    1.396263402   58.349777183   43.279086608   14.583229790
    1.570796327    1.396263402   66.130127579   44.513336625   10.019354465
    1.745329252    1.396263402   73.435934084   37.905920760    5.741145550
    1.919862177    1.396263402   78.967445589   24.463634848    1.869820554
    2.094395102    1.396263402   81.705477652    6.289427830   -1.637732110
    2.268928028    1.396263402   81.043426686  -14.044118974   -4.821516087
    2.443460953    1.396263402   76.833083695  -33.922960457   -7.617742859
    2.617993878    1.396263402   69.383469125  -50.779754429   -9.843711013
    2.792526803    1.396263402   59.446227889  -62.018666359  -11.259668205
    2.967059728    1.396263402   48.193537263  -65.567420790  -11.691307579

   -3.141592654    1.745329252   30.811092830  -58.603183530  -17.361607527
   -2.967059728    1.745329252   21.741152944  -44.510973277  -16.176781171
   -2.792526803    1.745329252   15.443166652  -27.623786064  -14.296319734
   -2.617993878    1.745329252   11.983429452  -12.756878141  -12.056330227
   -2.443460953    1.745329252   10.638370639   -3.864934592   -9.727882888
   -2.268928028    1.745329252   10.198153828   -2.364001346   -7.439684616
   -2.094395102    1.745329252    9.466701221   -6.720706261   -5.179716309
   -1.919862177    1.745329252    7.731314745  -13.126560078   -2.897802453
   -1.745329252    1.745329252    5.036198411  -16.990273143   -0.641395512
   -1.570796327    1.745329252    2.165914771  -14.710162361    1.384800799
   -1.396263402    1.745329252    0.338494279   -5.094522763    2.901785881
   -1.221730476    1.745329252    0.724790789   10.097507183    3.748230218
   -1.047197551    1.745329252    3.972673273   26.933587339    4.044312662
   -0.872664626    1.745329252    9.975582955   40.978736612    4.193300043
   -0.698131701    1.745329252   17.948605088   49.142417851    4.712371257
   -0.523598776    1.745329252   26.746026612   50.462819096    6.002080440
   -0.349065850    1.745329252   35.219048365   45.650784822    8.184792911
   -0.174532925    1.745329252   42.426700100   36.221333060   11.083396472
    0.000000000    1.745329252   47.715816303   24.009462289   14.279692216
    0.174532925    1.745329252   50.778891121   11.095519912   17.202642067
    0.349065850    1.745329252   51.715130552    0.079544221   19.218105188
    0.523598776    1.745329252   51.098807873   -6.249043110   19.759150586
    0.698131701    1.745329252   49.943214800   -5.928967293   18.500026446
    0.872664626    1.745329252   49.456132103    1.259416597   15.520709869
    1.047197551    1.745329252   50.684061945   13.230759649   11.345489614
    1.221730476    1.745329252   54.143586013   26.117467423    6.774129897
    1.396263402    1.745329252   59.610428534   35.589740091    2.558292589
    1.570796327    1.745329252   66.173313359   38.241808228   -0.885217428
    1.745329252    1.745329252   72.484876802   32.677645791   -3.575486200
    1.919862177    1.745329252   77.141979058   19.550343095   -5.831384876
    2.094395102    1.745329252   79.004707353    1.119686674   -8.028566831
    2.268928028    1.745329252   77.406446822  -19.562457990  -10.374206889
    2.443460953    1.745329252   72.231428430  -39.339484808  -12.817460566
    2.617993878    1.745329252   63.902438716  -55.272578515  -15.081741154
    2.792526803    1.745329252   53.323477584  -64.736468074  -16.781627145
    2.967059728    1.745329252   41.794414235  -65.953334474  -17.591917475

   -3.141592654    2.094395102   23.763131019  -57.698239505  -18.840375015
   -2.967059728    2.094395102   15.009427774  -41.875927199  -17.658176341
   -2.792526803    2.094395102    9.280266284  -23.858622591  -15.706390746
   -2.617993878    2.094395102    6.530363154   -8.482490077  -13.287670235
   -2.443460953    2.094395102    5.943364082    0.500401609  -10.644420765
   -2.268928028    2.094395102    6.263630263    1.986898188   -7.873496281
   -2.094395102    2.094395102    6.297455756   -2.283820769   -4.926936469
   -1.919862177    2.094395102    5.350399741   -8.542543223   -1.725657020
   -1.745329252    2.094395102    3.456883456  -12.452263442    1.681913159
   -1.570796327    2.094395102    1.343986302  -10.660129708    5.037450092
   -1.396263402    2.094395102    0.149982821   -1.945555671    7.951955179
   -1.221730476    2.094395102    1.002137806   12.312712978   10.113577611
   -1.047197551    2.094395102    4.588616138   28.709199770   11.478765509
   -0.872664626    2.094395102   10.922348246   43.133799939   12.299874316
   -0.698131701    2.094395102   19.359934087   52.404537620   12.965593078
   -0.523598776    2.094395102   28.846272176   55.082577453   13.774349319
   -0.349065850    2.094395102   38.224055241   51.289797508   14.775492727
   -0.174532925    2.094395102   46.445614334   42.023145363   15.762951517
    0.000000000    2.094395102   52.678288426   28.808008070   16.351692004
    0.174532925    2.094395102   56.400799887   13.646462181   16.086984788
    0.349065850    2.094395102   57.507513186   -0.658939983   14.563920853
    0.523598776    2.094395102   56.433227932  -10.769743337   11.574863010
    0.698131701    2.094395102   54.178492416  -13.848302578    7.259105438
    0.872664626    2.094395102   52.103660215   -8.721247508    2.174264029
    1.047197551    2.094395102   51.548546845    3.113155808   -2.820049023
    1.221730476    2.094395102   53.364782611   17.647695331   -6.869717387
    1.396263402    2.094395102   57.574064033   29.715712517   -9.478128009
    1.570796327    2.094395102   63.333152828   34.792669562  -10.695651036
    1.745329252    2.094395102   69.183340952   30.634862454  -11.041024885
    1.919862177    2.094395102   73.513040265   17.648740975  -11.216702933
    2.094395102    2.094395102   74.983885119   -1.561633423  -11.795805764
    2.268928028    2.094395102   72.824900552  -23.280627418  -13.021179949
    2.443460953    2.094395102   66.936282520  -43.676911081  -14.777665661
    2.617993878    2.094395102   57.855950353  -59.368984578  -16.683989014
    2.792526803    2.094395102   46.650343653  -67.668783593  -18.246831628
    2.967059728    2.094395102   34.761941952  -67.058574399  -19.042856122

   -3.141592654    2.443460953   17.429934387  -57.152955889  -12.843586115
   -2.967059728    2.443460953    8.919699761  -39.677199492  -11.586714566
   -2.792526803    2.443460953    3.695310389  -20.353072878   -9.793762129
   -2.617993878    2.443460953    1.641329404   -4.079733782   -7.669846656
   -2.443460953    2.443460953    1.879043519    5.514681928   -5.342658330
   -2.268928028    2.443460953    3.122568367    7.554661176   -2.800979531
   -2.094395102    2.443460953    4.183306947    3.928622561    0.090899596
   -1.919862177    2.443460953    4.379717641   -1.675001378    3.480308036
   -1.745329252    2.443460953    3.723738210   -5.224660924    7.363344130
   -1.570796327    2.443460953    2.860663113   -3.694613326   11.479361419
   -1.396263402    2.443460953    2.808487353    4.060251084   15.356559993
   -1.221730476    2.443460953    4.592711068   16.948440266   18.495528419
   -1.047197551    2.443460953    8.871432687   32.050986984   20.582088360
   -0.872664626    2.443460953   15.706101688   45.613639174   21.583161592
   -0.698131701    2.443460953   24.534288045   54.454335351   21.672983286
   -0.523598776    2.443460953   34.350781949   56.789319222   21.067334584
   -0.349065850    2.443460953   43.974852839   52.310910069   19.874426570
   -0.174532925    2.443460953   52.267518300   41.687607108   18.059115679
    0.000000000    2.443460953   58.267095881   26.344817322   15.480336412
    0.174532925    2.443460953   61.327380330    8.440151590   11.973220953
    0.349065850    2.443460953   61.267554773   -8.801950596    7.458651500
    0.523598776    2.443460953   58.544705566  -21.363907987    2.071231439
    0.698131701    2.443460953   54.314362335  -25.606654472   -3.743677656
    0.872664626    2.443460953   50.219384920  -19.768205790   -9.239640744
    1.047197551    2.443460953   47.937625429   -5.348649643  -13.565426327
    1.221730476    2.443460953   48.593405814   12.913468276  -16.090130050
    1.396263402    2.443460953   52.306889708   28.663855780  -16.675986174
    1.570796327    2.443460953   58.125608956   36.278767114  -15.740296079
    1.745329252    2.443460953   64.333589402   32.968024836  -14.057709444
    1.919862177    2.443460953   69.027873459   19.286721338  -12.439814864
    2.094395102    2.443460953   70.651392834   -1.525114858  -11.452992049
    2.268928028    2.443460953   68.343860697  -24.971948357  -11.290715191
    2.443460953    2.443460953   62.043957997  -46.566876241  -11.802015245
    2.617993878    2.443460953   52.418497970  -62.552349231  -12.611061444
    2.792526803    2.443460953   40.701073929  -70.203216386  -13.268641620
    2.967059728    2.443460953   28.482749973  -68.220662699  -13.409413563

   -3.141592654    2.792526803   14.663890652  -55.909902471    0.524308382
   -2.967059728    2.792526803    6.431691513  -37.765255788    2.154627230
   -2.792526803    2.792526803    1.589377620  -17.918248223    3.753717185
   -2.617993878    2.792526803    0.000000000   -1.194161048    5.268353394
   -2.443460953    2.792526803    0.786516591    8.945457419    6.775793046
   -2.268928028    2.792526803    2.695858130   11.804727605    8.477260415
   -2.094395102    2.792526803    4.595833133    9.344133178   10.631403029
   -1.919862177    2.792526803    5.855506571    5.096648109   13.434763741
   -1.745329252    2.792526803    6.488580202    2.695515675   16.884271550
   -1.570796327    2.792526803    7.061058105    4.678772102   20.691722924
   -1.396263402    2.792526803    8.436879952   11.865568237   24.328550839
   -1.221730476    2.792526803   11.459565618   23.186734234   27.188626746
   -1.047197551    2.792526803   16.639364747   36.067891775   28.799433946
   -0.872664626    2.792526803   23.962715937   47.193374021   28.952195286
   -0.698131701    2.792526803   32.858106396   53.672360427   27.695865523
   -0.523598776    2.792526803   42.341064087   53.761388761   25.229336043
   -0.349065850    2.792526803   51.244110778   47.072728681   21.772681517
   -0.174532925    2.792526803   58.427368685   34.210388443   17.507583951
    0.000000000    2.792526803   62.928369519   16.670262805   12.571908166
    0.174532925    2.792526803   64.127037621   -3.144369818    7.091335389
    0.349065850    2.792526803   61.924748008  -21.610993341    1.251110857
    0.523598776    2.792526803   56.939826330  -34.238371527   -4.623570930
    0.698131701    2.792526803   50.567316213  -36.990376037  -10.023277055
    0.872664626    2.792526803   44.732825795  -28.061053701  -14.310522099
    1.047197551    2.792526803   41.358918482   -9.448651639  -16.916835639
    1.221730476    2.792526803   41.682474756   13.146734169  -17.590668988
    1.396263402    2.792526803   45.753195657   32.303432737  -16.529652559
    1.570796327    2.792526803   52.387894222   41.704475332  -14.313876617
    1.745329252    2.792526803   59.571668566   38.474786700  -11.659846967
    1.919862177    2.792526803   65.138336615   23.634739662   -9.165747575
    2.094395102    2.792526803   67.374993213    1.130338839   -7.152259193
    2.268928028    2.792526803   65.387341145  -23.897827275   -5.656080619
    2.443460953    2.792526803   59.173907717  -46.542468990   -4.515592972
    2.617993878    2.792526803   49.510936014  -62.892409439   -3.490514804
    2.792526803    2.792526803   37.747768785  -70.309712591   -2.361433644
    2.967059728    2.792526803   25.562145214  -67.713735455   -1.017613091
