#! FIELDS phi psi file.free der_phi der_psi
#! SET min_phi -pi
#! SET max_phi pi
#! SET nbins_phi  36
#! SET periodic_phi true
#! SET min_psi -pi
#! SET max_psi pi
#! SET nbins_psi  18
#! SET periodic_psi true
   -3.141592654   -3.141592654   17.224802604  -52.070326915   17.801700850
   -2.967059728   -3.141592654    9.576067789  -35.012907166   19.853688958
   -2.792526803   -3.141592654    5.098218467  -16.511006743   21.054144711
   -2.617993878   -3.141592654    3.656868773   -0.817174012   21.528481742
   -2.443460953   -3.141592654    4.479419546    9.141523798   21.620740217
   -2.268928028   -3.141592654    6.487102473   12.903950085   21.804833942
   -2.094395102   -3.141592654    8.727557916   12.250114146   22.540133195
   -1.919862177   -3.141592654   10.684387929   10.179756178   24.121064599
   -1.745329252   -3.141592654   12.376197436    9.621114016   26.561783932
   -1.570796327   -3.141592654   14.255251781   12.531403420   29.543193775
   -1.396263402   -3.141592654   16.996565274   19.449346302   32.469444368
   -1.221730476   -3.141592654   21.238174527   29.411563617   34.620574528
   -1.047197551   -3.141592654   27.327927066   40.173741878   35.361451231
   -0.872664626   -3.141592654   35.149564234   48.742981124   34.305222460
   -0.698131701   -3.141592654   44.069886535   52.359098937   31.380217726
   -0.523598776   -3.141592654   53.050277582   49.253662299   26.788615032
   -0.349065850   -3.141592654   60.865652714   39.073604357   20.907465858
   -0.174532925   -3.141592654   66.343791278   22.701422219   14.213491677
    0.000000000   -3.141592654   68.564610623    2.186920524    7.228322650
    0.174532925   -3.141592654   67.060902480  -19.374526143    0.468672677
    0.349065850   -3.141592654   62.001161263  -37.796343845   -5.574774380
    0.523598776   -3.141592654   54.340744193  -48.386393553  -10.464026995
    0.698131701   -3.141592654   45.805077539  -47.392027370  -13.847378725
    0.872664626   -3.141592654   38.557267156  -33.768734990  -15.513925260
    1.047197551   -3.141592654   34.600914517  -10.499434498  -15.481449735
    1.221730476   -3.141592654   35.087220391   15.867027166  -14.046247470
    1.396263402   -3.141592654   39.865082236   37.452543408  -11.708458080
    1.570796327   -3.141592654   47.511053755   47.944710407   -8.999584377
    1.745329252   -3.141592654   55.799760658   44.757179661   -6.280650150
    1.919862177   -3.141592654   62.416524716   29.316044334   -3.659272133
    2.094395102   -3.141592654   65.572599920    5.979745731   -1.032193431
    2.268928028   -3.141592654   64.367062263  -19.742542712    1.773393697
    2.443460953   -3.141592654   58.847335137  -42.684844689    4.869564736
    2.617993878   -3.141592654   49.864650385  -58.911447406    8.233021750
    2.792526803   -3.141592654   38.824013719  -66.036237447   11.701805992
    2.967059728   -3.141592654   27.398292801  -63.378067290   14.997882732

   -3.141592654   -2.792526803   24.976077644  -47.853840195   25.842929394
   -2.967059728   -2.792526803   17.885490644  -32.849232054   27.623068384
   -2.792526803   -2.792526803   13.615365870  -16.228368451   28.329527035
   -2.617993878   -2.792526803   12.101158734   -1.803140886   28.243671195
   -2.443460953   -2.792526803   12.707597288    7.816539001   27.838883531
   -2.268928028   -2.792526803   14.528186553   12.242045835   27.649582760
   -2.094395102   -2.792526803   16.773470548   13.073738250   28.104025118
   -1.919862177   -2.792526803   19.037745551   12.908628564   29.385541569
   -1.745329252   -2.792526803   21.364537296   14.091607457   31.362160093
   -1.570796327   -2.792526803   24.120664989   17.929397980   33.585054226
   -1.396263402   -2.792526803   27.788057466   24.408593137   35.382466679
   -1.221730476   -2.792526803   32.738112196   32.317994012   36.022916109
   -1.047197551   -2.792526803   39.047705129   39.601229718   34.926111450
   -0.872664626   -2.792526803   46.399210899   43.864177803   31.825546684
   -0.698131701   -2.792526803   54.083082088   43.144623251   26.834734536
   -0.523598776   -2.792526803   61.124464483   36.432537468   20.390544202
   -0.349065850   -2.792526803   66.478650810   23.948645058   13.118471507
   -0.174532925   -2.792526803   69.232100247    6.896603291    5.703089238
    0.000000000   -2.792526803   68.756593835  -12.635232285   -1.205299864
    0.174532925   -2.792526803   64.860064429  -31.751428880   -7.066537335
    0.349065850   -2.792526803   57.932562979  -46.681084799  -11.479359886
    0.523598776   -2.792526803   49.066972110  -53.266872112  -14.214406556
    0.698131701   -2.792526803   40.028373457  -48.319370937  -15.236494307
    0.872664626   -2.792526803   32.922650607  -31.336829113  -14.710286231
    1.047197551   -2.792526803   29.610094985   -5.736056201  -12.996173612
    1.221730476   -2.792526803   31.041888369   21.753988212  -10.582683521
    1.396263402   -2.792526803   36.866073741   43.423579703   -7.938192468
    1.570796327   -2.792526803   45.517311151   53.462749456   -5.353309682
    1.745329252   -2.792526803   54.728983826   49.869817724   -2.845972269
    1.919862177   -2.792526803   62.234880021   34.487320740   -0.215326159
    2.094395102   -2.792526803   66.338540063   11.735491816    2.809095230
    2.268928028   -2.792526803   66.212180872  -13.126052730    6.394816033
    2.443460953   -2.792526803   61.917676083  -35.326944420   10.505814305
    2.617993878   -2.792526803   54.251797971  -51.288411293   14.898461093
    2.792526803   -2.792526803   44.515155339  -58.856036674   19.193874871
    2.967059728   -2.792526803   34.250893773  -57.383733232   22.965098137

   -3.141592654   -2.443460953   33.778481232  -43.680187560   23.631981977
   -2.967059728   -2.443460953   27.240794074  -30.675340136   25.029036014
   -2.792526803   -2.443460953   23.196390955  -15.726944696   25.570727238
   -2.617993878   -2.443460953   21.672572876   -2.276101190   25.504607775
   -2.443460953   -2.443460953   22.177159257    7.273603147   25.178353292
   -2.268928028   -2.443460953   23.958825666   12.454706730   24.953907226
   -2.094395102   -2.443460953   26.345325205   14.517353508   25.094861566
   -1.919862177   -2.443460953   28.969365689   15.534715587   25.667112110
   -1.745329252   -2.443460953   31.815040078   17.265663016   26.495877952
   -1.570796327   -2.443460953   35.093632340   20.533643443   27.177396757
   -1.396263402   -2.443460953   39.066410517   25.081873158   27.173754054
   -1.221730476   -2.443460953   43.871065269   29.817933283   25.955958352
   -1.047197551   -2.443460953   49.407121964   33.185482359   23.178378826
   -0.872664626   -2.443460953   55.292689361   33.564494380   18.796521090
   -0.698131701   -2.443460953   60.893488473   29.778966844   13.095975241
   -0.523598776   -2.443460953   65.432375712   21.394585615    6.614804709
   -0.349065850   -2.443460953   68.133792107    8.868389027    0.004504396
   -0.174532925   -2.443460953   68.365164843   -6.675754443   -6.101329614
    0.000000000   -2.443460953   65.742627657  -23.498016276  -11.175891130
    0.174532925   -2.443460953   60.242720500  -39.174616299  -14.870935999
    0.349065850   -2.443460953   52.337804331  -50.451709501  -17.031166611
    0.523598776   -2.443460953   43.117025158  -53.632217676  -17.697335955
    0.698131701   -2.443460953   34.269484012  -45.876014247  -17.076649649
    0.872664626   -2.443460953   27.773868666  -26.927484147  -15.489017103
    1.047197551   -2.443460953   25.332318456   -0.309514088  -13.314346412
    1.221730476   -2.443460953   27.735739698   27.350044253  -10.914127294
    1.396263402   -2.443460953   34.510055138   48.669176604   -8.529718539
    1.570796327   -2.443460953   44.039889390   58.320925751   -6.212144375
    1.745329252   -2.443460953   54.091936613   54.727472473   -3.817967210
    1.919862177   -2.443460953   62.487720314   39.913131068   -1.110035506
    2.094395102   -2.443460953   67.622372278   18.161973803    2.106513924
    2.268928028   -2.443460953   68.713421145   -5.639733260    5.864638547
    2.443460953   -2.443460953   65.796056179  -27.135648460    9.999032310
    2.617993878   -2.443460953   59.575459335  -43.050259567   14.190864018
    2.792526803   -2.443460953   51.224747542  -51.353386564   18.066374141
    2.967059728   -2.443460953   42.155079007  -51.318830028   21.289429358

   -3.141592654   -2.094395102   40.246604669  -40.501043519   14.106183213
   -2.967059728   -2.094395102   34.147483281  -28.810373164   14.919633422
   -2.792526803   -2.094395102   30.330083355  -14.940501235   15.335269709
   -2.617993878   -2.094395102   28.875961747   -2.194581461   15.481353997
   -2.443460953   -2.094395102   29.366591394    7.105479020   15.470785738
   -2.268928028   -2.094395102   31.126491354   12.424945135   15.393925848
   -2.094395102   -2.094395102   33.533111608   14.775236771   15.292026627
   -1.919862177   -2.094395102   36.214728641   15.873400825   15.116429922
   -1.745329252   -2.094395102   39.086000737   17.100228590   14.707126522
   -1.570796327   -2.094395102   42.231490093   19.032774504   13.801426808
   -1.396263402   -2.094395102   45.762764269   21.403831856   12.105672400
   -1.221730476   -2.094395102   49.690624481   23.406128070    9.396898364
   -1.047197551   -2.094395102   53.861441638   24.009119722    5.638929854
   -0.872664626   -2.094395102   57.943580310   22.230864866    1.038904345
   -0.698131701   -2.094395102   61.456704299   17.416502233   -3.977740513
   -0.523598776   -2.094395102   63.847861119    9.389948593   -8.872383928
   -0.349065850   -2.094395102   64.581722786   -1.469102358  -13.131974029
   -0.174532925   -2.094395102   63.227575589  -14.374010469  -16.384542127
    0.000000000   -2.094395102   59.528515008  -28.102085011  -18.453551250
    0.174532925   -2.094395102   53.492393658  -40.760968529  -19.376753859
    0.349065850   -2.094395102   45.538197500  -49.531950303  -19.354162717
    0.523598776   -2.094395102   36.642771971  -50.950213146  -18.673565295
    0.698131701   -2.094395102   28.360790989  -42.187065287  -17.614999948
    0.872664626   -2.094395102   22.548857770  -22.862030808  -16.371441489
    1.047197551   -2.094395102   20.816912112    3.709443797  -15.026610188
    1.221730476   -2.094395102   23.903525943   31.155810662  -13.572542334
    1.396263402   -2.094395102   31.329328200   52.363588456  -11.931826130
    1.570796327   -2.094395102   41.517598312   62.234954956   -9.995112251
    1.745329252   -2.094395102   52.302813232   59.270964840   -7.656739175
    1.919862177   -2.094395102   61.570539548   45.380647982   -4.869226793
    2.094395102   -2.094395102   67.744843436   24.573254981   -1.683294018
    2.268928028   -2.094395102   70.018729959    1.420372018    1.735039135
    2.443460953   -2.094395102   68.354452821  -19.943478145    5.132280836
    2.617993878   -2.094395102   63.358800081  -36.304085108    8.232663056
    2.792526803   -2.094395102   56.110180862  -45.548264257   10.815767383
    2.967059728   -2.094395102   47.948705282  -46.773054492   12.772311174

   -3.141592654   -1.745329252   42.314087734  -39.405376409    5.195223398
   -2.967059728   -1.745329252   36.380601907  -27.976984332    5.563686436
   -2.792526803   -1.745329252   32.697952287  -14.225624785    5.874916095
   -2.617993878   -1.745329252   31.356563830   -1.638699061    6.105342108
   -2.443460953   -1.745329252   31.920065100    7.353830265    6.135810501
   -2.268928028   -1.745329252   33.682113604   12.167513370    5.808942089
   -2.094395102   -1.745329252   35.982264131   13.767190774    4.977048141
   -1.919862177   -1.745329252   38.399932367   13.798703478    3.528040467
   -1.745329252   -1.745329252   40.788217102   13.575759209    1.404418534
   -1.570796327   -1.745329252   43.165844835   13.718890019   -1.379270340
   -1.396263402   -1.745329252   45.602253739   14.184591052   -4.711781081
   -1.221730476   -1.745329252   48.121612099   14.581155385   -8.384895587
   -1.047197551   -1.745329252   50.665457400   14.361178228  -12.110964863
   -0.872664626   -1.745329252   53.075370448   12.928016457  -15.563974362
   -0.698131701   -1.745329252   55.087232897    9.718279866  -18.424058384
   -0.523598776   -1.745329252   56.351211361    4.307845154  -20.422333237
   -0.349065850   -1.745329252   56.465536089   -3.452508422  -21.388021573
   -0.174532925   -1.745329252   55.029235361  -13.399269522  -21.300218616
    0.000000000   -1.745329252   51.709908347  -24.881526106  -20.323905317
    0.174532925   -1.745329252   46.355008039  -36.364980127  -18.812372245
    0.349065850   -1.745329252   39.186066342  -45.104690661  -17.221488809
    0.523598776   -1.745329252   30.998199911  -47.381312216  -15.966190277
    0.698131701   -1.745329252   23.231739861  -39.864418047  -15.264136438
    0.872664626   -1.745329252   17.724452951  -21.624002329  -15.051233415
    1.047197551   -1.745329252   16.153819820    4.429638184  -15.026177237
    1.221730476   -1.745329252   19.374171352   32.076560201  -14.794307048
    1.396263402   -1.745329252   27.025225778   54.096561485  -14.016551344
    1.570796327   -1.745329252   37.615086174   65.123297167  -12.521332680
    1.745329252   -1.745329252   49.009979940   63.334608687  -10.329485765
    1.919862177   -1.745329252   59.072276746   50.345678501   -7.627985813
    2.094395102   -1.745329252   66.158881538   29.961759220   -4.703751815
    2.268928028   -1.745329252   69.369888858    6.669174527   -1.872503107
    2.443460953   -1.745329252   68.571665095  -15.347757189    0.591195023
    2.617993878   -1.745329252   64.294902880  -32.699683636    2.511357047
    2.792526803   -1.745329252   57.581445682  -43.012975629    3.844576086
    2.967059728   -1.745329252   49.782247850  -45.128459846    4.683231214

   -3.141592654   -1.396263402   41.486319824  -39.539085160    1.119143516
   -2.967059728   -1.396263402   35.550780933  -27.856815487    0.923709095
   -2.792526803   -1.396263402   31.909982260  -13.913252597    0.778676681
   -2.617993878   -1.396263402   30.614237886   -1.514145538    0.622333053
   -2.443460953   -1.396263402   31.144033782    6.748005841    0.266613384
   -2.268928028   -1.396263402   32.697153093   10.302239767   -0.544121496
   -2.094395102   -1.396263402   34.532540473   10.261777565   -2.067836565
   -1.919862177   -1.396263402   36.182715945    8.508126613   -4.487039980
   -1.745329252   -1.396263402   37.500540319    6.652092757   -7.827738844
   -1.570796327   -1.396263402   38.560952741    5.662588162  -11.893936823
   -1.396263402   -1.396263402   39.550582535    5.822697712  -16.266096747
   -1.221730476   -1.396263402   40.658383444    6.944985313  -20.389078368
   -1.047197551   -1.396263402   42.007607195    8.459567072  -23.716106688
   -0.872664626   -1.396263402   43.597850476    9.533960183  -25.836849152
   -0.698131701   -1.396263402   45.266766557    9.210545478  -26.540575458
   -0.523598776   -1.396263402   46.693892179    6.644185632  -25.816066961
   -0.349065850   -1.396263402   47.433962949    1.280086040  -23.835369329
   -0.174532925   -1.396263402   46.976006886   -7.079219939  -20.945268196
    0.000000000   -1.396263402   44.819332279  -18.083867071  -17.651031808
    0.174532925   -1.396263402   40.601180165  -30.345962644  -14.550555110
    0.349065850   -1.396263402   34.330524715  -40.987036090  -12.191074370
    0.523598776   -1.396263402   26.645130844  -45.790869847  -10.898059567
    0.698131701   -1.396263402   18.940741465  -40.659330817  -10.654961448
    0.872664626   -1.396263402   13.148424004  -23.901583157  -11.110066427
    1.047197551   -1.396263402   11.148440089    2.008082863  -11.720441829
    1.221730476   -1.396263402   14.031730819   30.809732573  -11.963065379
    1.396263402   -1.396263402   21.627499373   54.798506473  -11.498118408
    1.570796327   -1.396263402   32.526757696   67.920953716  -10.241161020
    1.745329252   -1.396263402   44.561089027   67.732046638   -8.332811940
    1.919862177   -1.396263402   55.469641920   55.478632035   -6.056898026
    2.094395102   -1.396263402   63.449051513   34.908395026   -3.746206081
    2.268928028   -1.396263402   67.452397761   10.701932523   -1.703931393
    2.443460953   -1.396263402   67.246993762  -12.619174098   -0.146019232
    2.617993878   -1.396263402   63.328600223  -31.294278758    0.832992495
    2.792526803   -1.396263402   56.765698513  -42.620904789    1.264239987
    2.967059728   -1.396263402   48.983401705  -45.253326620    1.294500179

   -3.141592654   -1.047197551   38.846485969  -41.638773287    2.529302123
   -2.967059728   -1.047197551   32.591342827  -29.383774490    1.322705319
   -2.792526803   -1.047197551   28.742999221  -14.785568125    0.045610195
   -2.617993878   -1.047197551   27.333471782   -2.027092722   -1.257616600
   -2.443460953   -1.047197551   27.763451338    6.000679811   -2.667859727
   -2.268928028   -1.047197551   29.112127284    8.584696322   -4.381144400
   -2.094395102   -1.047197551   30.513372708    6.916683522   -6.659938166
   -1.919862177   -1.047197551   31.409782234    3.197738855   -9.716994703
   -1.745329252   -1.047197551   31.639930195   -0.415576253  -13.565903324
   -1.570796327   -1.047197551   31.371019668   -2.311726283  -17.901890192
   -1.396263402   -1.047197551   30.985839140   -1.706912854  -22.120068264
   -1.221730476   -1.047197551   30.927660516    1.342990610  -25.482546035
   -1.047197551   -1.047197551   31.555881488    5.942799850  -27.368677387
   -0.872664626   -1.047197551   33.019845026   10.626215508  -27.460034800
   -0.698131701   -1.047197551   35.186486900   13.733913204  -25.792151185
   -0.523598776   -1.047197551   37.651873314   13.851350038  -22.688806486
   -0.349065850   -1.047197551   39.802256663   10.018659815  -18.658074368
   -0.174532925   -1.047197551   40.902734472    1.795115446  -14.302736420
    0.000000000   -1.047197551   40.200898767  -10.522391254  -10.240370798
    0.174532925   -1.047197551   37.095922924  -25.319702237   -6.988966202
    0.349065850   -1.047197551   31.428487487  -39.146132448   -4.842721271
    0.523598776   -1.047197551   23.793713519  -46.954532160   -3.790515785
    0.698131701   -1.047197551   15.693670736  -43.817994519   -3.542195365
    0.872664626   -1.047197551    9.285310592  -27.550560778   -3.664021313
    1.047197551   -1.047197551    6.716722866   -0.659619871   -3.751602136
    1.221730476   -1.047197551    9.296725820   30.092593795   -3.548397384
    1.396263402   -1.047197551   16.960815857   56.266435220   -2.961426495
    1.570796327   -1.047197551   28.279899432   71.138841647   -2.014918202
    1.745329252   -1.047197551   40.969364952   71.856395105   -0.796764509
    1.919862177   -1.047197551   52.607604496   59.559016141    0.570677385
    2.094395102   -1.047197551   61.235393127   38.144162464    1.935023734
    2.268928028   -1.047197551   65.690616499   12.590138211    3.123403286
    2.443460953   -1.047197551   65.682796714  -12.234955415    3.967422931
    2.617993878   -1.047197551   61.709559966  -32.259665083    4.339975566
    2.792526803   -1.047197551   54.889193425  -44.522591039    4.182559084
    2.967059728   -1.047197551   46.733925319  -47.540278635    3.538574488

   -3.141592654   -0.698131701   38.419534495  -45.657080487    2.599652404
   -2.967059728   -0.698131701   31.448253678  -33.503336534    0.420111971
   -2.792526803   -0.698131701   26.897440798  -18.677722239   -1.862044995
   -2.617993878   -0.698131701   24.835591813   -5.625660957   -4.104475118
   -2.443460953   -0.698131701   24.646746058    2.442578504   -6.296862160
   -2.268928028   -0.698131701   25.341180500    4.549980745   -8.579841009
   -2.094395102   -0.698131701   25.954800208    1.850365464  -11.191098162
   -1.919862177   -0.698131701   25.855076383   -3.146138111  -14.314625953
   -1.745329252   -0.698131701   24.889878857   -7.638630220  -17.897865589
   -1.570796327   -0.698131701   23.360221395   -9.299361881  -21.529421042
   -1.396263402   -0.698131701   21.886145054   -6.931246921  -24.506245634
   -1.221730476   -0.698131701   21.173866576   -0.743766355  -26.073552799
   -1.047197551   -0.698131701   21.768875782    7.691726078  -25.738484957
   -0.872664626   -0.698131701   23.865652556   16.025552839  -23.460276970
   -0.698131701   -0.698131701   27.230399509   21.859171801  -19.643941706
   -0.523598776   -0.698131701   31.256546447   23.365584249  -14.973645370
   -0.349065850   -0.698131701   35.082861105   19.470425152  -10.198635803
   -0.174532925   -0.698131701   37.729484688    9.855276352   -5.962511213
    0.000000000   -0.698131701   38.238451752   -4.831541927   -2.689462794
    0.174532925   -0.698131701   35.885111945  -22.407998234   -0.491993049
    0.349065850   -0.698131701   30.500594426  -38.710187744    0.836287838
    0.523598776   -0.698131701   22.791674806  -48.057868362    1.724034992
    0.698131701   -0.698131701   14.454944073  -45.240517235    2.615134854
    0.872664626   -0.698131701    7.850471712  -28.255208820    3.750537662
    1.047197551   -0.698131701    5.264663377   -0.129326533    5.074614368
    1.221730476   -0.698131701    8.046252822   31.817710894    6.329066182
    1.396263402   -0.698131701   16.089031941   58.793965997    7.252914487
    1.570796327   -0.698131701   27.884738885   73.991253304    7.745560798
    1.745329252   -0.698131701   41.070857413   74.636065957    7.888684164
    1.919862177   -0.698131701   53.165447246   61.966128979    7.852505384
    2.094395102   -0.698131701   62.162399641   39.927409810    7.767729001
    2.268928028   -0.698131701   66.856882235   13.513415468    7.650930190
    2.443460953   -0.698131701   66.918627661  -12.384612363    7.408141551
    2.617993878   -0.698131701   62.814986965  -33.620560067    6.886086302
    2.792526803   -0.698131701   55.652904105  -47.058038004    5.934425758
    2.967059728   -0.698131701   46.968300549  -51.019320004    4.489266274

   -3.141592654   -0.349065850   39.064409822  -50.962524638    3.016147548
   -2.967059728   -0.349065850   31.124171680  -39.206434190    0.163181893
   -2.792526803   -0.349065850   25.580191703  -24.275726143   -2.776210356
   -2.617993878   -0.349065850   22.574200487  -10.822202031   -5.596063683
   -2.443460953   -0.349065850   21.512081676   -2.402158848   -8.222193674
   -2.268928028   -0.349065850   21.366291581   -0.306701603  -10.743437752
   -2.094395102   -0.349065850   21.099141339   -3.436423863  -13.340642397
   -1.919862177   -0.349065850   20.028472318   -8.951462371  -16.115152524
   -1.745329252   -0.349065850   18.040899784  -13.388840593  -18.907470829
   -1.570796327   -0.349065850   15.597892364  -13.770528419  -21.222324756
   -1.396263402   -0.349065850   13.561285228   -8.672014515  -22.370008418
   -1.221730476   -0.349065850   12.863691292    1.269079072  -21.760334333
   -1.047197551   -0.349065850   14.151625630   13.543875326  -19.215607745
   -0.872664626   -0.349065850   17.543152820   24.780560881  -15.088683805
   -0.698131701   -0.349065850   22.575453834   31.906827997  -10.144287526
   -0.523598776   -0.349065850   28.339865213   32.951209876   -5.279601100
   -0.349065850   -0.349065850   33.689533601   27.140544295   -1.230172641
   -0.174532925   -0.349065850   37.441100817   14.758140892    1.615585739
    0.000000000   -0.349065850   38.554284758   -2.751815307    3.284553785
    0.174532925   -0.349065850   36.367522753  -22.391231545    4.201024479
    0.349065850   -0.349065850   30.903729590  -39.384477850    5.026917110
    0.523598776   -0.349065850   23.127757356  -47.943852982    6.399086618
    0.698131701   -0.349065850   14.956350624  -43.392597859    8.628135401
    0.872664626   -0.349065850    8.833907598  -24.679959729   11.517060513
    1.047197551   -0.349065850    6.964027650    4.295870599   14.440649623
    1.221730476   -0.349065850   10.503952197   35.884326079   16.665227317
    1.396263402   -0.349065850   19.155446014   61.600707795   17.704911657
    1.570796327   -0.349065850   31.307848108   75.283845444   17.513897359
    1.745329252   -0.349065850   44.607504020   74.729352252   16.420215778
    1.919862177   -0.349065850   56.652033423   61.390079661   14.901048366
    2.094395102   -0.349065850   65.520427215   39.073983428   13.349333821
    2.268928028   -0.349065850   70.049844394   12.464686659   11.945161715
    2.443460953   -0.349065850   69.896804547  -13.845213677   10.653609112
    2.617993878   -0.349065850   65.476242139  -35.863431234    9.296344793
    2.792526803   -0.349065850   57.832575197  -50.370312070    7.647614003
    2.967059728   -0.349065850   48.469850635  -55.453499192    5.556936166

   -3.141592654    0.000000000   40.299822385  -56.243524352    2.372077046
   -2.967059728    0.000000000   31.398439598  -44.857454576   -0.347943133
   -2.792526803    0.000000000   24.866991883  -29.863297734   -3.028934368
   -2.617993878    0.000000000   20.914373254  -16.050400084   -5.503837804
   -2.443460953    0.000000000   18.973302349   -7.265506722   -7.731410922
   -2.268928028    0.000000000   17.993802421   -5.040930831   -9.809129884
   -2.094395102    0.000000000   16.894536449   -8.245118247  -11.879531648
   -1.919862177    0.000000000   14.987361913  -13.644813829  -13.959413693
   -1.745329252    0.000000000   12.245009942  -17.153770703  -15.796589218
   -1.570796327    0.000000000    9.317191585  -15.330722563  -16.863531550
   -1.396263402    0.000000000    7.290678470   -6.833200208  -16.558382327
   -1.221730476    0.000000000    7.249967438    6.938242992  -14.513137427
   -1.047197551    0.000000000    9.817924688   22.326005747  -10.856450034
   -0.872664626    0.000000000   14.893499641   34.952731524   -6.237102601
   -0.698131701    0.000000000   21.670101464   41.372034745   -1.599032824
   -0.523598776    0.000000000   28.894936733   39.992969502    2.175280193
   -0.349065850    0.000000000   35.194677160   30.936340359    4.581455836
   -0.174532925    0.000000000   39.337131586   15.561517431    5.625114268
    0.000000000    0.000000000   40.412982763   -3.716476767    5.785585143
    0.174532925    0.000000000   38.032840294  -23.323151863    5.862131529
    0.349065850    0.000000000   32.543464454  -38.494068896    6.696174787
    0.523598776    0.000000000   25.169227242  -44.158434666    8.852883844
    0.698131701    0.000000000   17.909400910  -36.891850360   12.348566289
    0.872664626    0.000000000   13.062825242  -16.891114807   16.574540674
    1.047197551    0.000000000   12.516141294   11.322511275   20.520092365
    1.221730476    0.000000000   17.082664311   40.402757962   23.209902311
    1.396263402    0.000000000   26.241153976   62.871590122   24.101797191
    1.570796327    0.000000000   38.352057629   73.679393053   23.248225087
    1.745329252    0.000000000   51.195850780   71.318161741   21.157354692
    1.919862177    0.000000000   62.572993883   57.332222988   18.496910124
    2.094395102    0.000000000   70.738599841   35.170814845   15.816643849
    2.268928028    0.000000000   74.625061973    9.008339329   13.403301090
    2.443460953    0.000000000   73.898705956  -17.008755452   11.282175736
    2.617993878    0.000000000   68.923191282  -39.146791161    9.300727633
    2.792526803    0.000000000   60.665382104  -54.184534600    7.238892420
    2.967059728    0.000000000   50.570022836  -60.029021240    4.937182157

   -3.141592654    0.349065850   41.499089870  -60.874794150    1.272075193
   -2.967059728    0.349065850   31.771194084  -49.628178778   -0.420475434
   -2.792526803    0.349065850   24.419936740  -34.417131477   -1.938645360
   -2.617993878    0.349065850   19.711830172  -20.120742728   -3.261638655
   -2.443460953    0.349065850   17.106002967  -10.824187093   -4.441552216
   -2.268928028    0.349065850   15.537995184   -8.256640253   -5.592467129
   -2.094395102    0.349065850   13.896017860  -11.245292743   -6.809068304
   -1.919862177    0.349065850   11.495605753  -16.217068978   -8.049336409
   -1.745329252    0.349065850    8.388586244  -18.605073687   -9.060479317
   -1.570796327    0.349065850    5.374491656  -14.708707390   -9.420437038
   -1.396263402    0.349065850    3.692106860   -3.442488138   -8.724946481
   -1.221730476    0.349065850    4.484856414   12.998844935   -6.820216457
   -1.047197551    0.349065850    8.272233468   29.988768016   -3.958361052
   -0.872664626    0.349065850   14.701382924   42.490042687   -0.742336943
   -0.698131701    0.349065850   22.656301330   47.083344416    2.114206307
   -0.523598776    0.349065850   30.638605423   42.871961707    4.092020219
   -0.349065850    0.349065850   37.187892636   31.007526495    5.085251568
   -0.174532925    0.349065850   41.167436672   13.857927263    5.420626031
    0.000000000    0.349065850   41.914242973   -5.460797758    5.729965416
    0.174532925    0.349065850   39.366208911  -23.204185858    6.736745771
    0.349065850    0.349065850   34.172453400  -35.066434621    8.990639590
    0.523598776    0.349065850   27.722675547  -37.055824236   12.633447583
    0.698131701    0.349065850   21.958438887  -27.153757467   17.268581505
    0.872664626    0.349065850   18.889127931   -6.693097981   22.020270189
    1.047197551    0.349065850   19.979369623   19.502479064   25.830287046
    1.221730476    0.349065850   25.657611673   44.767573954   27.865711812
    1.396263402    0.349065850   35.198866527   62.933924481   27.808622941
    1.570796327    0.349065850   46.993909061   70.209316418   25.907900019
    1.745329252    0.349065850   59.028581804   65.784511857   22.782029522
    1.919862177    0.349065850   69.369323378   51.209391987   19.135899852
    2.094395102    0.349065850   76.492662749   29.465865714   15.532020632
    2.268928028    0.349065850   79.453680689    4.127080132   12.291261440
    2.443460953    0.349065850   77.942808819  -21.164396626    9.509866779
    2.617993878    0.349065850   72.278850703  -42.962580894    7.131320977
    2.792526803    0.349065850   63.353477558  -58.080231588    5.028719078
    2.967059728    0.349065850   52.547289101  -64.277021540    3.091038445

   -3.141592654    0.698131701   42.897130614  -63.277242051   -0.487059489
   -2.967059728    0.698131701   32.745713896  -52.059551458   -0.874975462
   -2.792526803    0.698131701   24.971350474  -36.808249240   -0.971509142
   -2.617993878    0.698131701   19.854814312  -22.393699911   -0.913900120
   -2.443460953    0.698131701   16.863434697  -12.967112110   -0.850369795
   -2.268928028    0.698131701   14.930326442  -10.296546744   -0.914506569
   -2.094395102    0.698131701   12.943161958  -13.137555230   -1.178508081
   -1.919862177    0.698131701   10.241054347  -17.717489249   -1.607784228
   -1.745329252    0.698131701    6.938285613  -19.255491430   -2.052668357
   -1.570796327    0.698131701    3.920976902  -14.026172679   -2.294275051
   -1.396263402    0.698131701    2.491381098   -1.233587618   -2.150016297
   -1.221730476    0.698131701    3.781837177   16.385855953   -1.573739249
   -1.047197551    0.698131701    8.203148210   33.692384889   -0.693717748
   -0.872664626    0.698131701   15.229183707   45.461202023    0.254183375
   -0.698131701    0.698131701   23.581341731   48.585420590    1.067267247
   -0.523598776    0.698131701   31.688551228   42.861246407    1.712646581
   -0.349065850    0.698131701   38.151937488   30.206716912    2.390516608
   -0.174532925    0.698131701   42.013639790   13.541603862    3.469934213
    0.000000000    0.698131701   42.851464775   -3.877587998    5.360214086
    0.174532925    0.698131701   40.827907698  -18.651278229    8.354754084
    0.349065850    0.698131701   36.717054510  -27.251917768   12.474999320
    0.523598776    0.698131701   31.869259480  -26.734656684   17.377024792
    0.698131701    0.698131701   28.003292634  -16.084778691   22.362513727
    0.872664626    0.698131701   26.767088428    2.857789313   26.528667463
    1.047197551    0.698131701   29.240826211   25.542814169   29.057471374
    1.221730476    0.698131701   35.582762817   46.268890517   29.507446464
    1.396263402    0.698131701   44.996767498   60.110729371   27.936444637
    1.570796327    0.698131701   56.003568381   64.251601553   24.822949933
    1.745329252    0.698131701   66.841462905   58.298247924   20.829905129
    1.919862177    0.698131701   75.851267547   43.652324185   16.579610954
    2.094395102    0.698131701   81.724856626   22.813241365   12.520477995
    2.268928028    0.698131701   83.637797129   -1.206027105    8.912409084
    2.443460953    0.698131701   81.310022657  -25.229553658    5.873569803
    2.617993878    0.698131701   75.024296073  -46.090479675    3.438004795
    2.792526803    0.698131701   65.604472117  -60.675200721    1.594254156
    2.967059728    0.698131701   54.364003456  -66.674859472    0.304323116

   -3.141592654    1.047197551   41.543036285  -63.074977364   -5.263046435
   -2.967059728    1.047197551   31.519708366  -50.853346208   -4.378373580
   -2.792526803    1.047197551   24.008651526  -35.076396837   -3.169846378
   -2.617993878    1.047197551   19.203119960  -20.633460990   -1.910862882
   -2.443460953    1.047197551   16.490799217  -11.576351424   -0.809650971
   -2.268928028    1.047197551   14.752012452   -9.473143192    0.019206341
   -2.094395102    1.047197551   12.858185676  -12.871139724    0.555315608
   -1.919862177    1.047197551   10.164195751  -17.858471416    0.835158374
   -1.745329252    1.047197551    6.815107641  -19.616584014    0.895549827
   -1.570796327    1.047197551    3.725256873  -14.486166243    0.740161335
   -1.396263402    1.047197551    2.208761474   -1.780596513    0.347646025
   -1.221730476    1.047197551    3.392098311   15.687173518   -0.271711097
   -1.047197551    1.047197551    7.674959351   32.800183879   -1.013058530
   -0.872664626    1.047197551   14.534369662   44.476473974   -1.653224580
   -0.698131701    1.047197551   22.730273160   47.858219725   -1.879015088
   -0.523598776    1.047197551   30.775599487   43.001264380   -1.356183212
   -0.349065850    1.047197551   37.393845416   31.965841585    0.198172225
   -0.174532925    1.047197551   41.754997366   17.595157623    2.942547857
    0.000000000    1.047197551   43.528494773    2.807930429    6.860933570
    0.174532925    1.047197551   42.889388396   -9.567889525   11.723856252
    0.349065850    1.047197551   40.511725396  -16.688604257   17.059234402
    0.523598776    1.047197551   37.528726032  -16.220735816   22.180285032
    0.698131701    1.047197551   35.360317810   -7.449527792   26.294956056
    0.872664626    1.047197551   35.347777309    8.029185801   28.696724793
    1.047197551    1.047197551   38.355654441   26.444946456   28.993131627
    1.221730476    1.047197551   44.490246670   43.105734328   27.239202139
    1.396263402    1.047197551   53.068649615   53.916351106   23.877628697
    1.570796327    1.047197551   62.829173370   56.386692083   19.543827972
    1.745329252    1.047197551   72.239394373   49.970140674   14.832195176
    1.919862177    1.047197551   79.816699668   35.657359332   10.175589694
    2.094395102    1.047197551   84.356066285   15.562911882    5.840229349
    2.268928028    1.047197551   85.083332167   -7.517910997    2.005557092
    2.443460953    1.047197551   81.745689618  -30.462391996   -1.172631999
    2.617993878    1.047197551   74.652020383  -50.080559275   -3.547417344
    2.792526803    1.047197551   64.655010047  -63.264789075   -5.010538486
    2.967059728    1.047197551   53.088145520  -67.800361245   -5.548405631

   -3.141592654    1.396263402   36.612621272  -61.618567543  -10.822369810
   -2.967059728    1.396263402   26.991816192  -47.787537353   -9.167649379
   -2.792526803    1.396263402   20.109634204  -31.051002399   -7.185206675
   -2.617993878    1.396263402   16.039894526  -16.331237196   -5.223534513
   -2.443460953    1.396263402   14.059246105   -7.570435798   -3.489701241
   -2.268928028    1.396263402   12.966474070   -6.114746746   -2.025078732
   -2.094395102    1.396263402   11.590057054  -10.314587045   -0.760370818
   -1.919862177    1.396263402    9.266359456  -16.192264514    0.364683943
   -1.745329252    1.396263402    6.120108621  -18.999361221    1.293180093
   -1.570796327    1.396263402    3.029988198  -15.149731530    1.842548942
   -1.396263402    1.396263402    1.276412824   -3.837414396    1.818106043
   -1.221730476    1.396263402    1.996292354   12.511471359    1.193566269
   -1.047197551    1.396263402    5.682608793   29.304852269    0.230564711
   -0.872664626    1.396263402   11.989262946   41.847709774   -0.560804920
   -0.698131701    1.396263402   19.893983380   47.339760433   -0.596965458
   -0.523598776    1.396263402   28.103867272   45.518345012    0.567645519
   -0.349065850    1.396263402   35.457499584   37.876900312    3.108522072
   -0.174532925    1.396263402   41.128927260   26.589147408    6.909818562
    0.000000000    1.396263402   44.675843023   13.928755078   11.609914505
    0.174532925    1.396263402   46.057914831    2.184004765   16.659521725
    0.349065850    1.396263402   45.655699968   -6.119973830   21.367687756
    0.523598776    1.396263402   44.281761336   -8.615539782   24.987245309
    0.698131701    1.396263402   43.082596489   -4.089539595   26.864485970
    0.872664626    1.396263402   43.252797383    6.795345246   26.629771394
    1.047197551    1.396263402   45.689434675   21.327493491   24.347030274
    1.221730476    1.396263402   50.693926873   35.534494748   20.501166663
    1.396263402    1.396263402   57.850648762   45.420687310   15.796501729
    1.570796327    1.396263402   66.129128242   48.009790555   10.891564257
    1.745329252    1.396263402   74.119327617   42.083922468    6.202567801
    1.919862177    1.396263402   80.358276062   28.171355179    1.891342604
    2.094395102    1.396263402   83.614056913    8.334830715   -2.024335124
    2.268928028    1.396263402   83.107261073  -14.379124472   -5.510880044
    2.443460953    1.396263402   78.632866370  -36.529994266   -8.436200500
    2.617993878    1.396263402   70.591901873  -54.752504298  -10.580721522
    2.792526803    1.396263402   59.939360386  -66.019853720  -11.724058432
    2.967059728    1.396263402   48.077922876  -68.387574981  -11.772188254

   -3.141592654    1.745329252   30.355949077  -58.839648595  -17.187816527
   -2.967059728    1.745329252   21.359452927  -43.546416493  -15.715551237
   -2.792526803    1.745329252   15.281521593  -26.221752737  -13.764845132
   -2.617993878    1.745329252   12.049180491  -11.665592786  -11.600198880
   -2.443460953    1.745329252   10.834973082   -3.492309562   -9.376045975
   -2.268928028    1.745329252   10.396484578   -2.685371116   -7.117777936
   -2.094395102    1.745329252    9.569949680   -7.428369557   -4.769621551
   -1.919862177    1.745329252    7.704040090  -13.863331162   -2.312692493
   -1.745329252    1.745329252    4.896667121  -17.522684807    0.120751574
   -1.570796327    1.745329252    1.957928857  -14.968169609    2.231975857
   -1.396263402    1.745329252    0.106994365   -5.131979827    3.690423924
   -1.221730476    1.745329252    0.501648162   10.208425483    4.353087351
   -1.047197551    1.745329252    3.780244030   27.163941679    4.423193041
   -0.872664626    1.745329252    9.836208387   41.355576524    4.411834874
   -0.698131701    1.745329252   17.890797547   49.699513602    4.920632787
   -0.523598776    1.745329252   26.800443797   51.176653810    6.376648487
   -0.349065850    1.745329252   35.405148626   46.413402270    8.866701495
   -0.174532925    1.745329252   42.738999355   36.866295728   12.135799076
    0.000000000    1.745329252   48.119064024   24.373808242   15.677427005
    0.174532925    1.745329252   51.213431728   11.067775355   18.850688891
    0.349065850    1.745329252   52.107709894   -0.384837059   20.986408792
    0.523598776    1.745329252   51.373848240   -7.131727856   21.517855920
    0.698131701    1.745329252   50.035298528   -7.124182426   20.141535638
    0.872664626    1.745329252   49.328832200   -0.011163617   16.959979934
    1.047197551    1.745329252   50.357773092   12.295873792   12.504823714
    1.221730476    1.745329252   53.721822043   26.034960496    7.567607569
    1.396263402    1.745329252   59.280767330   36.761431883    2.891771226
    1.570796327    1.745329252   66.162261580   40.664333355   -1.092733988
    1.745329252    1.745329252   72.969049656   35.782257165   -4.358559459
    1.919862177    1.745329252   78.156109610   22.322700939   -7.147718944
    2.094395102    1.745329252   80.396375318    2.519418639   -9.743928693
    2.268928028    1.745329252   78.875895222  -20.119750866  -12.269569554
    2.443460953    1.745329252   73.440697661  -41.674985522  -14.621637061
    2.617993878    1.745329252   64.608885412  -58.519661010  -16.530067418
    2.792526803    1.745329252   53.469485887  -67.726331349  -17.688438791
    2.967059728    1.745329252   41.514494049  -67.735621748  -17.908321497

   -3.141592654    2.094395102   23.284823685  -57.101520163  -18.752148268
   -2.967059728    2.094395102   14.705304522  -40.588633803  -17.357260845
   -2.792526803    2.094395102    9.213686994  -22.548423088  -15.414319983
   -2.617993878    2.094395102    6.655037518   -7.670906152  -13.137748823
   -2.443460953    2.094395102    6.151833593    0.647819768  -10.651372108
   -2.268928028    2.094395102    6.451362594    1.646078471   -7.957426721
   -2.094395102    2.094395102    6.406309168   -2.798967322   -4.973566973
   -1.919862177    2.094395102    5.372670442   -8.996988704   -1.652234331
   -1.745329252    2.094395102    3.411089322  -12.792289381    1.885942792
   -1.570796327    2.094395102    1.245001581  -10.951057627    5.310766349
   -1.396263402    2.094395102    0.000000000   -2.255643992    8.204313833
   -1.221730476    2.094395102    0.800383359   12.039606371   10.286949227
   -1.047197551    2.094395102    4.356231738   28.660073557   11.595619254
   -0.872664626    2.094395102   10.718597155   43.538378640   12.469421195
   -0.698131701    2.094395102   19.277472319   53.392138273   13.344808151
   -0.523598776    2.094395102   28.983575845   56.576681960   14.502489269
   -0.349065850    2.094395102   38.647521200   53.005550572   15.915239651
   -0.174532925    2.094395102   47.159953649   43.563512681   17.272404349
    0.000000000    2.094395102   53.619613110   29.808379079   18.096067766
    0.174532925    2.094395102   57.452828898   13.883677469   17.881896053
    0.349065850    2.094395102   58.530474647   -1.231722977   16.231541063
    0.523598776    2.094395102   57.292379573  -12.055177678   12.988947673
    0.698131701    2.094395102   54.766062146  -15.640668450    8.361230571
    0.872664626    2.094395102   52.355526363  -10.722988316    2.954107590
    1.047197551    2.094395102   51.462498294    1.311984649   -2.364757510
    1.221730476    2.094395102   53.017938215   16.531098178   -6.768054178
    1.396263402    2.094395102   57.123550767   29.682720197   -9.792423909
    1.570796327    2.094395102   62.980940108   35.915772870  -11.494875348
    1.745329252    2.094395102   69.102461786   32.506070405  -12.355750202
    1.919862177    2.094395102   73.767649119   19.463082913  -12.998422297
    2.094395102    2.094395102   75.487607832   -0.645115335  -13.896890372
    2.268928028    2.094395102   73.373572404  -23.716217670  -15.206600324
    2.443460953    2.094395102   67.300308611  -45.278336622  -16.768639962
    2.617993878    2.094395102   57.889318911  -61.414427310  -18.228462000
    2.792526803    2.094395102   46.354243140  -69.268285443  -19.195809471
    2.967059728    2.094395102   34.274619903  -67.595288808  -19.398941932

   -3.141592654    2.443460953   17.019125939  -56.071004441  -12.658212697
   -2.967059728    2.443460953    8.724864783  -38.384230033  -11.288392878
   -2.792526803    2.443460953    3.706700815  -19.372464954   -9.567694180
   -2.617993878    2.443460953    1.773943258   -3.701763725   -7.617597636
   -2.443460953    2.443460953    2.026820195    5.336865998   -5.471351426
   -2.268928028    2.443460953    3.211410178    7.108802483   -3.050579307
   -2.094395102    2.443460953    4.194142950    3.515345706   -0.197024907
   -1.919862177    2.443460953    4.332617305   -1.926486669    3.218876605
   -1.745329252    2.443460953    3.643199296   -5.392262010    7.157247415
   -1.570796327    2.443460953    2.748056405   -3.921879855   11.328101777
   -1.396263402    2.443460953    2.647351187    3.728253221   15.258440150
   -1.221730476    2.443460953    4.376717380   16.688811789   18.479909588
   -1.047197551    2.443460953    8.641667591   32.207025914   20.725517076
   -0.872664626    2.443460953   15.565653742   46.517588249   21.994515761
   -0.698131701    2.443460953   24.627796862   56.218621858   22.450413445
   -0.523598776    2.443460953   34.814049633   59.191417281   22.245514688
   -0.349065850    2.443460953   44.878047843   54.840326950   21.389991363
   -0.174532925    2.443460953   53.578753728   43.724634592   19.752156692
    0.000000000    2.443460953   59.853506735   27.388062843   17.134034286
    0.174532925    2.443460953   62.991153091    8.263913292   13.377698906
    0.349065850    2.443460953   62.798697518  -10.117998971    8.474765040
    0.523598776    2.443460953   59.767439064  -23.528144590    2.666140272
    0.698131701    2.443460953   55.113367613  -28.241087695   -3.505602854
    0.872664626    2.443460953   50.545418404  -22.498350337   -9.249196852
    1.047197551    2.443460953   47.806794801   -7.798440086  -13.737275276
    1.221730476    2.443460953   48.088814520   11.133976847  -16.412299821
    1.396263402    2.443460953   51.575912567   27.881355271  -17.213283244
    1.570796327    2.443460953   57.354642653   36.578541487  -16.591918849
    1.745329252    2.443460953   63.691267050   34.053827016  -15.291548889
    1.919862177    2.443460953   68.599864535   20.531465621  -14.037174488
    2.094395102    2.443460953   70.405163176   -0.782578808  -13.285157348
    2.268928028    2.443460953   68.155555425  -25.073592541  -13.139290783
    2.443460953    2.443460953   61.773507894  -47.342169043  -13.415683810
    2.617993878    2.443460953   51.993491990  -63.446436770  -13.782254354
    2.792526803    2.443460953   40.156007210  -70.607250694  -13.902044023
    2.967059728    2.443460953   27.936785046  -67.816951632  -13.551396284

   -3.141592654    2.792526803   14.305421683  -54.666561516    1.194864988
   -2.967059728    2.792526803    6.288761293  -36.623522650    2.795082079
   -2.792526803    2.792526803    1.607633340  -17.276321066    4.225250351
   -2.617993878    2.792526803    0.075394354   -1.188431351    5.503775203
   -2.443460953    2.792526803    0.818277779    8.479264282    6.777121136
   -2.268928028    2.792526803    2.629707304   11.202457542    8.292792657
   -2.094395102    2.792526803    4.435449842    8.894485306   10.330343565
   -1.919862177    2.792526803    5.638784980    4.892513611   13.090524186
   -1.745329252    2.792526803    6.251937345    2.632873734   16.570753050
   -1.570796327    2.792526803    6.816135963    4.624003080   20.485772294
   -1.396263402    2.792526803    8.182524809   11.820038367   24.311832803
   -1.221730476    2.792526803   11.214451806   23.384649939   27.444032584
   -1.047197551    2.792526803   16.477481198   36.877450322   29.396319095
   -0.872664626    2.792526803   24.018273207   48.896322213   29.922882559
   -0.698131701    2.792526803   33.290293921   56.242202283   29.010196009
   -0.523598776    2.792526803   43.270004662   56.777607247   26.779098780
   -0.349065850    2.792526803   52.689068478   49.832097195   23.378777238
   -0.174532925    2.792526803   60.277878430   35.979950844   18.954391585
    0.000000000    2.792526803   64.964331697   16.968039983   13.662256350
    0.174532925    2.792526803   66.079369776   -4.382984803    7.705276569
    0.349065850    2.792526803   63.549729795  -24.049588523    1.387157304
    0.523598776    2.792526803   58.074644121  -37.323899142   -4.845925707
    0.698131701    2.792526803   51.148246338  -40.180014387  -10.406349291
    0.872664626    2.792526803   44.777573025  -30.973731886  -14.654038560
    1.047197551    2.792526803   40.937990715  -11.849796575  -17.095096353
    1.221730476    2.792526803   40.901336114   11.439709837  -17.596827520
    1.396263402    2.792526803   44.747502504   31.450536177  -16.466171652
    1.570796327    2.792526803   51.312758783   41.742105414  -14.335602660
    1.745329252    2.792526803   58.567737525   39.188170445  -11.895538232
    1.919862177    2.792526803   64.285911404   24.565110701   -9.654488248
    2.094395102    2.792526803   66.667566479    1.792519637   -7.818184778
    2.268928028    2.792526803   64.752697907  -23.739428664   -6.332652475
    2.443460953    2.792526803   58.532044813  -46.733248071   -5.007579338
    2.617993878    2.792526803   48.835406608  -63.019383942   -3.649494710
    2.792526803    2.792526803   37.086592510  -69.979615056   -2.142969725
    2.967059728    2.792526803   25.010206083  -66.809979692   -0.494747398
