#! FIELDS phi psi file.free der_phi der_psi
#! SET min_phi -pi
#! SET max_phi pi
#! SET nbins_phi  36
#! SET periodic_phi true
#! SET min_psi -pi
#! SET max_psi pi
#! SET nbins_psi  18
#! SET periodic_psi true
   -3.141592654   -3.141592654   17.302747918  -52.201854151   17.892696837
   -2.967059728   -3.141592654    9.637160041  -35.070566567   19.941816685
   -2.792526803   -3.141592654    5.156512437  -16.488284589   21.131177628
   -2.617993878   -3.141592654    3.725028914   -0.732156625   21.591578539
   -2.443460953   -3.141592654    4.565374809    9.252870384   21.672422081
   -2.268928028   -3.141592654    6.591674409   12.998621116   21.850508400
   -2.094395102   -3.141592654    8.844094082   12.286367983   22.585518563
   -1.919862177   -3.141592654   10.799943065   10.129363047   24.170580838
   -1.745329252   -3.141592654   12.474853285    9.479363784   26.618620318
   -1.570796327   -3.141592654   14.322516028   12.318793763   29.610379123
   -1.396263402   -3.141592654   17.023201133   19.202733940   32.550764038
   -1.221730476   -3.141592654   21.221714226   29.169928299   34.720272647
   -1.047197551   -3.141592654   27.271988755   39.966554031   35.482492308
   -0.872664626   -3.141592654   35.061821611   48.587610633   34.446016016
   -0.698131701   -3.141592654   43.960360291   52.266019159   31.531510226
   -0.523598776   -3.141592654   52.930425095   49.229340229   26.932695140
   -0.349065850   -3.141592654   60.747707884   39.119136867   21.021445172
   -0.174532925   -3.141592654   66.239226807   22.806077813   14.276512840
    0.000000000   -3.141592654   68.481656312    2.324105960    7.229859633
    0.174532925   -3.141592654   67.001859424  -19.245258199    0.413722818
    0.349065850   -3.141592654   61.960623573  -37.721411331   -5.666427606
    0.523598776   -3.141592654   54.305504096  -48.406811582  -10.564216237
    0.698131701   -3.141592654   45.756272750  -47.528352075  -13.928784722
    0.872664626   -3.141592654   38.475380282  -34.005207518  -15.558224980
    1.047197551   -3.141592654   34.473201572  -10.775187864  -15.483644899
    1.221730476   -3.141592654   34.914980482   15.650322864  -14.014096158
    1.396263402   -3.141592654   39.667647996   37.395171432  -11.657878744
    1.570796327   -3.141592654   47.322319038   48.104884263   -8.947891564
    1.745329252   -3.141592654   55.657520552   45.119795363   -6.240168216
    1.919862177   -3.141592654   62.349246589   29.792840467   -3.633853729
    2.094395102   -3.141592654   65.589426079    6.445085982   -1.017316560
    2.268928028   -3.141592654   64.455676862  -19.400466230    1.787833666
    2.443460953   -3.141592654   58.980173049  -42.524712528    4.894779302
    2.617993878   -3.141592654   50.009701720  -58.925527383    8.277251534
    2.792526803   -3.141592654   38.955460916  -66.165650460   11.767525628
    2.967059728   -3.141592654   27.502886239  -63.543093220   15.080913327

   -3.141592654   -2.792526803   25.078243752  -47.990039934   25.920639446
   -2.967059728   -2.792526803   17.968371821  -32.929153300   27.690597180
   -2.792526803   -2.792526803   13.690599764  -16.237132705   28.379790910
   -2.617993878   -2.792526803   12.180749308   -1.747903356   28.276018981
   -2.443460953   -2.792526803   12.800592620    7.908221802   27.859246432
   -2.268928028   -2.792526803   14.637558513   12.330831737   27.667862514
   -2.094395102   -2.792526803   16.894936258   13.116998552   28.130797794
   -1.919862177   -2.792526803   19.160392978   12.875595634   29.429377798
   -1.745329252   -2.792526803   21.474069704   13.975713348   31.428435176
   -1.570796327   -2.792526803   24.204013101   17.750630249   33.675980546
   -1.396263402   -2.792526803   27.837359586   24.203387161   35.497566169
   -1.221730476   -2.792526803   32.752024657   32.122596657   36.159211017
   -1.047197551   -2.792526803   39.030117100   39.437524666   35.077674738
   -0.872664626   -2.792526803   46.356267090   43.736648097   31.982373216
   -0.698131701   -2.792526803   54.020708046   43.048168834   26.981817707
   -0.523598776   -2.792526803   61.047524146   36.361794237   20.508798583
   -0.349065850   -2.792526803   66.391653713   23.904779664   13.188538983
   -0.174532925   -2.792526803   69.140174387    6.884819604    5.711677327
    0.000000000   -2.792526803   68.665630525  -12.612869635   -1.259295594
    0.174532925   -2.792526803   64.775397357  -31.704535004   -7.169617146
    0.349065850   -2.792526803   57.856495252  -46.635080934  -11.606560541
    0.523598776   -2.792526803   48.996220239  -53.259077682  -14.336685794
    0.698131701   -2.792526803   39.953088258  -48.383789401  -15.329076067
    0.872664626   -2.792526803   32.828907422  -31.482115976  -14.758615441
    1.047197551   -2.792526803   29.486172771   -5.927672993  -12.997947696
    1.221730476   -2.792526803   30.885962219   21.594089241  -10.546079854
    1.396263402   -2.792526803   36.691760131   43.387030901   -7.877913926
    1.570796327   -2.792526803   45.352375468   53.611729758   -5.285473275
    1.745329252   -2.792526803   54.606707027   50.202525240   -2.783318767
    1.919862177   -2.792526803   62.181967297   34.932495454   -0.164156697
    2.094395102   -2.792526803   66.365159646   12.181940467    2.849708050
    2.268928028   -2.792526803   66.308978763  -12.783144562    6.431556005
    2.443460953   -2.792526803   62.060533204  -35.147627316   10.547571160
    2.617993878   -2.792526803   54.411264347  -51.273196392   14.952283629
    2.792526803   -2.792526803   44.666154953  -58.957977332   19.261722465
    2.967059728   -2.792526803   34.378833306  -57.534330305   23.042560414

   -3.141592654   -2.443460953   33.903983720  -43.835298954   23.684113754
   -2.967059728   -2.443460953   27.342104605  -30.791367332   25.064169349
   -2.792526803   -2.443460953   23.283008648  -15.778014554   25.584553200
   -2.617993878   -2.443460953   21.756643811   -2.255286284   25.499349671
   -2.443460953   -2.443460953   22.270173669    7.349936165   25.162529137
   -2.268928028   -2.443460953   24.067614121   12.552138101   24.939712777
   -2.094395102   -2.443460953   26.469725388   14.591576563   25.094745554
   -1.919862177   -2.443460953   29.101883572   15.549013714   25.690972809
   -1.745329252   -2.443460953   31.943573089   17.205770852   26.549452180
   -1.570796327   -2.443460953   35.205934873   20.411683608   27.261692568
   -1.396263402   -2.443460953   39.154097396   24.926734696   27.285052638
   -1.221730476   -2.443460953   43.930958533   29.658306977   26.086209088
   -1.047197551   -2.443460953   49.439925842   33.035217811   23.315830081
   -0.872664626   -2.443460953   55.299930924   33.419756692   18.926718794
   -0.698131701   -2.443460953   60.875109785   29.628067129   13.203017433
   -0.523598776   -2.443460953   65.386558641   21.231406604    6.683516705
   -0.349065850   -2.443460953   68.059115124    8.704141966    0.023527746
   -0.174532925   -2.443460953   68.263617465   -6.814184105   -6.135763612
    0.000000000   -2.443460953   65.621444777  -23.580290377  -11.257319372
    0.174532925   -2.443460953   60.113355977  -39.185761525  -14.982986048
    0.349065850   -2.443460953   52.211929890  -50.405652934  -17.151477125
    0.523598776   -2.443460953   43.001280569  -53.571370401  -17.803464479
    0.698131701   -2.443460953   34.161842018  -45.852291943  -17.151372154
    0.872664626   -2.443460953   27.664536305  -26.972590496  -15.523073232
    1.047197551   -2.443460953   25.209769808   -0.409804313  -13.306514970
    1.221730476   -2.443460953   27.595222013   27.257774355  -10.869540613
    1.396263402   -2.443460953   34.360331208   48.669721275   -8.458116044
    1.570796327   -2.443460953   43.903350508   58.477416282   -6.125727442
    1.745329252   -2.443460953   53.997295073   55.045772747   -3.728890062
    1.919862177   -2.443460953   62.458918311   40.334410417   -1.027622525
    2.094395102   -2.443460953   67.669101297   18.588385364    2.178076341
    2.268928028   -2.443460953   68.827902365   -5.303656794    5.926918387
    2.443460953   -2.443460953   65.956771734  -26.947985441   10.057270092
    2.617993878   -2.443460953   59.755186023  -43.017541120   14.250256871
    2.792526803   -2.443460953   51.399045670  -51.440148259   18.128462645
    2.967059728   -2.443460953   42.307886708  -51.468270789   21.350451442

   -3.141592654   -2.094395102   40.385902943  -40.690406181   14.127994829
   -2.967059728   -2.094395102   34.255499704  -28.972064953   14.922400119
   -2.792526803   -2.094395102   30.415250274  -15.036982428   15.318089951
   -2.617993878   -2.094395102   28.951679453   -2.205212521   15.448503014
   -2.443460953   -2.094395102   29.447765202    7.174569404   15.431147701
   -2.268928028   -2.094395102   31.224587577   12.542732489   15.358942512
   -2.094395102   -2.094395102   33.652572716   14.893998065   15.273001837
   -1.919862177   -2.094395102   36.351617332   15.948237917   15.122348514
   -1.745329252   -2.094395102   39.230105115   17.106311924   14.743073680
   -1.570796327   -2.094395102   42.370532408   18.970967206   13.867562357
   -1.396263402   -2.094395102   45.886388016   21.292352483   12.196744587
   -1.221730476   -2.094395102   49.791970722   23.264857769    9.502674582
   -1.047197551   -2.094395102   53.936272533   23.846580881    5.745561589
   -0.872664626   -2.094395102   57.987934933   22.042256703    1.131373223
   -0.698131701   -2.094395102   61.465267537   17.194024201   -3.913044578
   -0.523598776   -2.094395102   63.814676227    9.136196163   -8.845043392
   -0.349065850   -2.094395102   64.503184963   -1.729211148  -13.145596615
   -0.174532925   -2.094395102   63.106203543  -14.596627247  -16.435484908
    0.000000000   -2.094395102   59.375052837  -28.240501119  -18.531258572
    0.174532925   -2.094395102   53.324218009  -40.789829564  -19.466082256
    0.349065850   -2.094395102   45.373902180  -49.464377441  -19.439329151
    0.523598776   -2.094395102   36.495233262  -50.836782125  -18.741926399
    0.698131701   -2.094395102   28.232318049  -42.092431005  -17.658850467
    0.872664626   -2.094395102   22.431754222  -22.830215578  -16.387355513
    1.047197551   -2.094395102   20.699826656    3.682751154  -15.013643977
    1.221730476   -2.094395102   23.780482369   31.126390443  -13.531015690
    1.396263402   -2.094395102   31.206645343   52.409889205  -11.864195656
    1.570796327   -2.094395102   41.414197793   62.415074055   -9.907277908
    1.745329252   -2.094395102   52.243378440   59.589664006   -7.558206028
    1.919862177   -2.094395102   61.575343708   45.784442124   -4.770952273
    2.094395102   -2.094395102   67.821329075   24.974952686   -1.594056708
    2.268928028   -2.094395102   70.158846865    1.735408010    1.811352056
    2.443460953   -2.094395102   68.537925388  -19.767570338    5.196496346
    2.617993878   -2.094395102   63.559923889  -36.276319156    8.287533691
    2.792526803   -2.094395102   56.304988117  -45.641964103   10.862541209
    2.967059728   -2.094395102   48.119917264  -46.940998517   12.808915965

   -3.141592654   -1.745329252   42.455202569  -39.632825840    5.197397225
   -2.967059728   -1.745329252   36.483517864  -28.178666979    5.548608284
   -2.792526803   -1.745329252   32.771510632  -14.355014486    5.843844318
   -2.617993878   -1.745329252   31.416171527   -1.666828468    6.062729868
   -2.443460953   -1.745329252   31.983789881    7.425642757    6.088751647
   -2.268928028   -1.745329252   33.765021056   12.308144230    5.765968825
   -2.094395102   -1.745329252   36.092024798   13.925117123    4.946541479
   -1.919862177   -1.745329252   38.534919241   13.922486168    3.517054373
   -1.745329252   -1.745329252   40.939199736   13.631906903    1.417548957
   -1.570796327   -1.745329252   43.319852697   13.697856809   -1.341028047
   -1.396263402   -1.745329252   45.746350544   14.093853123   -4.651880701
   -1.221730476   -1.745329252   48.244665000   14.432309300   -8.311016367
   -1.047197551   -1.745329252   50.757983504   14.160551156  -12.033513134
   -0.872664626   -1.745329252   53.128474894   12.676523844  -15.493313811
   -0.698131701   -1.745329252   55.092303261    9.421002253  -18.367973149
   -0.523598776   -1.745329252   56.301623307    3.983643289  -20.384346156
   -0.349065850   -1.745329252   56.359812820   -3.763553889  -21.367304416
   -0.174532925   -1.745329252   54.874258407  -13.643565801  -21.292382491
    0.000000000   -1.745329252   51.521810635  -25.010455790  -20.322545535
    0.174532925   -1.745329252   46.156184422  -36.359183577  -18.810912138
    0.349065850   -1.745329252   38.998572002  -44.988471052  -17.214901527
    0.523598776   -1.745329252   30.836297282  -47.216942709  -15.951633697
    0.698131701   -1.745329252   23.097387423  -39.724196082  -15.239888459
    0.872664626   -1.745329252   17.608814157  -21.553373944  -15.014611182
    1.047197551   -1.745329252   16.044586198    4.438153632  -14.972347660
    1.221730476   -1.745329252   19.265045525   32.081615009  -14.717436100
    1.396263402   -1.745329252   26.922383352   54.175632857  -13.913696206
    1.570796327   -1.745329252   37.536715625   65.328928479  -12.396051232
    1.745329252   -1.745329252   48.978916347   63.665142547  -10.192579266
    1.919862177   -1.745329252   59.106121733   50.745329173   -7.494137157
    2.094395102   -1.745329252   66.262527135   30.347022263   -4.585950016
    2.268928028   -1.745329252   69.533742135    6.962597293   -1.777759174
    2.443460953   -1.745329252   68.775084620  -15.193137676    0.662448536
    2.617993878   -1.745329252   64.512362541  -32.692397070    2.562458820
    2.792526803   -1.745329252   57.788815506  -43.130203837    3.878872035
    2.967059728   -1.745329252   49.961325771  -45.327161313    4.701879929

   -3.141592654   -1.396263402   41.629446702  -39.794344955    1.100409495
   -2.967059728   -1.396263402   35.650980200  -28.084470043    0.895789050
   -2.792526803   -1.396263402   31.976738580  -14.062609937    0.745409696
   -2.617993878   -1.396263402   30.664337945   -1.552794552    0.587441474
   -2.443460953   -1.396263402   31.197348132    6.820264942    0.233072078
   -2.268928028   -1.396263402   32.770642705   10.453579692   -0.573822811
   -2.094395102   -1.396263402   34.635528325   10.438946725   -2.091225771
   -1.919862177   -1.396263402   36.314850725    8.657071742   -4.501041003
   -1.745329252   -1.396263402   37.653304446    6.735352461   -7.828934785
   -1.570796327   -1.396263402   38.721244242    5.664971127  -11.879890245
   -1.396263402   -1.396263402   39.704272227    5.745636376  -16.237042174
   -1.221730476   -1.396263402   40.792266172    6.796354528  -20.348647511
   -1.047197551   -1.396263402   42.109890263    8.247175593  -23.670358340
   -0.872664626   -1.396263402   43.658074475    9.265396309  -25.791430838
   -0.698131701   -1.396263402   45.276176981    8.900028061  -26.497928440
   -0.523598776   -1.396263402   46.647221622    6.317657929  -25.774086524
   -0.349065850   -1.396263402   47.331902463    0.979712310  -23.788767322
   -0.174532925   -1.396263402   46.827467340   -7.303423850  -20.888510951
    0.000000000   -1.396263402   44.641485575  -18.190555626  -17.581437713
    0.174532925   -1.396263402   40.416092660  -30.323659826  -14.469825800
    0.349065850   -1.396263402   34.158736839  -40.865207464  -12.104597443
    0.523598776   -1.396263402   26.498944590  -45.631299200  -10.812228279
    0.698131701   -1.396263402   18.820839197  -40.527037006  -10.573594548
    0.872664626   -1.396263402   13.046428293  -23.830214257  -11.031719784
    1.047197551   -1.396263402   11.054528054    2.036345078  -11.638390659
    1.221730476   -1.396263402   13.943232852   30.855044169  -11.868372590
    1.396263402   -1.396263402   21.553434582   54.928078295  -11.384996667
    1.570796327   -1.396263402   32.485569678   68.169178046  -10.111146411
    1.745329252   -1.396263402   44.572700541   68.080930182   -8.195415376
    1.919862177   -1.396263402   55.546734771   55.866664512   -5.926012491
    2.094395102   -1.396263402   63.591721196   35.258796068   -3.634571564
    2.268928028   -1.396263402   67.648139190   10.950833588   -1.619021677
    2.443460953   -1.396263402   67.474593997  -12.506837733   -0.089126903
    2.617993878   -1.396263402   63.563468991  -31.322105683    0.864750358
    2.792526803   -1.396263402   56.984884804  -42.767659956    1.275173791
    2.967059728   -1.396263402   49.169343820  -45.479820948    1.288741473

   -3.141592654   -1.047197551   38.977903524  -41.910367608    2.498309915
   -2.967059728   -1.047197551   32.677904413  -29.617615846    1.292810748
   -2.792526803   -1.047197551   28.795778882  -14.932962534    0.021271248
   -2.617993878   -1.047197551   27.370406579   -2.058898235   -1.275250963
   -2.443460953   -1.047197551   27.805001741    6.082026714   -2.680703115
   -2.268928028   -1.047197551   29.175544644    8.746381678   -4.392192060
   -2.094395102   -1.047197551   30.608287413    7.106749752   -6.671202745
   -1.919862177   -1.047197551   31.536471802    3.364214942   -9.728184022
   -1.745329252   -1.047197551   31.790788816   -0.309422453  -13.574723801
   -1.570796327   -1.047197551   31.533724511   -2.283444957  -17.905621807
   -1.396263402   -1.047197551   31.146361087   -1.760135330  -22.117268332
   -1.221730476   -1.047197551   31.071975287    1.211013643  -25.473613723
   -1.047197551   -1.047197551   31.670750485    5.738686955  -27.354909563
   -0.872664626   -1.047197551   33.093644281   10.361826771  -27.441276833
   -0.698131701   -1.047197551   35.210422168   13.431574784  -25.764979006
   -0.523598776   -1.047197551   37.622061638   13.544105865  -22.646542063
   -0.349065850   -1.047197551   39.721535401    9.749838300  -18.593452754
   -0.174532925   -1.047197551   40.781697885    1.608323142  -14.211842306
    0.000000000   -1.047197551   40.056772450  -10.597317624  -10.125875511
    0.174532925   -1.047197551   36.948765542  -25.282441917   -6.860734899
    0.349065850   -1.047197551   31.295327687  -39.031463729   -4.715224480
    0.523598776   -1.047197551   23.683178224  -46.820508784   -3.678000374
    0.698131701   -1.047197551   15.604183903  -43.717619532   -3.453484721
    0.872664626   -1.047197551    9.208738121  -27.501996066   -3.599212267
    1.047197551   -1.047197551    6.645952135   -0.633330988   -3.702292839
    1.221730476   -1.047197551    9.233028021   30.158084267   -3.501552212
    1.396263402   -1.047197551   16.916332570   56.428077526   -2.905511989
    1.570796327   -1.047197551   28.273702954   71.413993595   -1.945079778
    1.745329252   -1.047197551   41.019070213   72.212076612   -0.716597270
    1.919862177   -1.047197551   52.721698945   59.927798927    0.651539942
    2.094395102   -1.047197551   61.409686860   38.453596803    2.005510317
    2.268928028   -1.047197551   65.909680118   12.786833510    3.175002492
    2.443460953   -1.047197551   65.924398074  -12.175646269    3.996178974
    2.617993878   -1.047197551   61.949625470  -32.334512714    4.346276267
    2.792526803   -1.047197551   55.106146937  -44.707095848    4.170072090
    2.967059728   -1.047197551   46.911955108  -47.793986712    3.513259293

   -3.141592654   -0.698131701   38.526418083  -45.926055600    2.543221240
   -2.967059728   -0.698131701   31.512484283  -33.716100395    0.372825533
   -2.792526803   -0.698131701   26.932433336  -18.796193334   -1.894387804
   -2.617993878   -0.698131701   24.859564999   -5.632889959   -4.122244762
   -2.443460953   -0.698131701   24.678610069    2.536275351   -6.305582132
   -2.268928028   -0.698131701   25.395873479    4.710758744   -8.586695402
   -2.094395102   -0.698131701   26.040010983    2.031246834  -11.201460292
   -1.919862177   -0.698131701   25.970266891   -2.989833309  -14.330228196
   -1.745329252   -0.698131701   25.027844943   -7.537536944  -17.917247669
   -1.570796327   -0.698131701   23.509828846   -9.268238929  -21.549787804
   -1.396263402   -0.698131701   22.034738713   -6.974182506  -24.525220620
   -1.221730476   -0.698131701   21.308579490   -0.859786352  -26.089637110
   -1.047197551   -0.698131701   21.877406359    7.509223575  -25.750261705
   -0.872664626   -0.698131701   23.937577070   15.791486455  -23.464493338
   -0.698131701   -0.698131701   27.258856021   21.600596401  -19.634342016
   -0.523598776   -0.698131701   31.240278586   23.117786605  -14.941639931
   -0.349065850   -0.698131701   35.027133805   19.271752715  -10.136279288
   -0.174532925   -0.698131701   37.645712290    9.736152038   -5.866683513
    0.000000000   -0.698131701   38.141903094   -4.858883571   -2.565117921
    0.174532925   -0.698131701   35.790967111  -22.357818757   -0.352580776
    0.349065850   -0.698131701   30.419243323  -38.622000319    0.971971768
    0.523598776   -0.698131701   22.725385957  -47.981706487    1.837397232
    0.698131701   -0.698131701   14.398145878  -45.211160587    2.693619071
    0.872664626   -0.698131701    7.794630956  -28.269249153    3.791300871
    1.047197551   -0.698131701    5.205707340   -0.140585809    5.084637663
    1.221730476   -0.698131701    7.990476440   31.875951224    6.321824666
    1.396263402   -0.698131701   16.053401357   58.971393660    7.242918260
    1.570796327   -0.698131701   27.891063460   74.289690276    7.743181269
    1.745329252   -0.698131701   41.136590689   75.006354403    7.897293387
    1.919862177   -0.698131701   53.296524164   62.330364075    7.868774245
    2.094395102   -0.698131701   62.350973064   40.210730749    7.784105597
    2.268928028   -0.698131701   67.084065867   13.666849738    7.658671381
    2.443460953   -0.698131701   67.159871860  -12.377512193    7.400168947
    2.617993878   -0.698131701   63.045509110  -33.746671185    6.858984831
    2.792526803   -0.698131701   55.852204091  -47.282534534    5.889729459
    2.967059728   -0.698131701   47.123324258  -51.293292310    4.433644090

   -3.141592654   -0.349065850   39.143686077  -51.214653300    2.925188281
   -2.967059728   -0.349065850   31.165556131  -39.383285614    0.086987402
   -2.792526803   -0.349065850   25.599337177  -24.352746057   -2.830393952
   -2.617993878   -0.349065850   22.588912054  -10.797663851   -5.630114003
   -2.443460953   -0.349065850   21.538649937   -2.295513872   -8.244983879
   -2.268928028   -0.349065850   21.416265843   -0.151488098  -10.765720360
   -2.094395102   -0.349065850   21.177551072   -3.272333609  -13.370375899
   -1.919862177   -0.349065850   20.133609722   -8.814247375  -16.155285270
   -1.745329252   -0.349065850   18.165780822  -13.302682157  -18.956495802
   -1.570796327   -0.349065850   15.732395931  -13.747442695  -21.276273858
   -1.396263402   -0.349065850   13.694007988   -8.715669994  -22.424328138
   -1.221730476   -0.349065850   12.983069175    1.159831724  -21.810792196
   -1.047197551   -0.349065850   14.246795066   13.377596595  -19.258433567
   -0.872664626   -0.349065850   17.605596545   24.575401751  -15.119735633
   -0.698131701   -0.349065850   22.600789920   31.692543806  -10.158356036
   -0.523598776   -0.349065850   28.329548456   32.762495447   -5.270633865
   -0.349065850   -0.349065850   33.650916225   27.008889194   -1.192785304
   -0.174532925   -0.349065850   37.385910729   14.700854526    1.683365036
    0.000000000   -0.349065850   38.495468227   -2.738853103    3.378703818
    0.174532925   -0.349065850   36.315223007  -22.335959273    4.310538076
    0.349065850   -0.349065850   30.861576826  -39.331748092    5.135513783
    0.523598776   -0.349065850   23.091285325  -47.937861811    6.489297894
    0.698131701   -0.349065850   14.915157728  -43.452814275    8.686468911
    0.872664626   -0.349065850    8.777779026  -24.783305694   11.538136702
    1.047197551   -0.349065850    6.890546590    4.213257980   14.428654929
    1.221730476   -0.349065850   10.423598597   35.899841145   16.632073756
    1.396263402   -0.349065850   19.090476048   61.765845116   17.665698541
    1.570796327   -0.349065850   31.284958844   75.594414130   17.481429720
    1.745329252   -0.349065850   44.647499848   75.125364974   16.400817687
    1.919862177   -0.349065850   56.762116982   61.781112178   14.893145358
    2.094395102   -0.349065850   65.691942919   39.374018271   13.344865951
    2.268928028   -0.349065850   70.261473006   12.618058219   11.932713399
    2.443460953   -0.349065850   70.120935642  -13.855182708   10.622592628
    2.617993878   -0.349065850   65.685658260  -36.016341519    9.240841662
    2.792526803   -0.349065850   58.006175169  -50.618256230    7.569154973
    2.967059728   -0.349065850   48.596386426  -55.734088252    5.464976007

   -3.141592654    0.000000000   40.346019496  -56.474319432    2.261153231
   -2.967059728    0.000000000   31.412589277  -44.991288861   -0.442931330
   -2.792526803    0.000000000   24.867002622  -29.894159204   -3.100711197
   -2.617993878    0.000000000   20.916925257  -15.994550982   -5.554907233
   -2.443460953    0.000000000   18.991137864   -7.151255488   -7.771525782
   -2.268928028    0.000000000   18.034430721   -4.899074272   -9.849845846
   -2.094395102    0.000000000   16.960163515   -8.105093645  -11.929324382
   -1.919862177    0.000000000   15.075408790  -13.531205770  -14.021559166
   -1.745329252    0.000000000   12.349333380  -17.082790567  -15.869712698
   -1.570796327    0.000000000    9.429536961  -15.310448123  -16.943331953
   -1.396263402    0.000000000    7.401924694   -6.866186600  -16.639191763
   -1.221730476    0.000000000    7.350896298    6.852589257  -14.588899054
   -1.047197551    0.000000000    9.899822379   22.195062296  -10.921553879
   -0.872664626    0.000000000   14.949699758   34.792458108   -6.286663319
   -0.698131701    0.000000000   21.697610511   41.208658483   -1.628904379
   -0.523598776    0.000000000   28.895863551   39.856355707    2.168525422
   -0.349065850    0.000000000   35.176036363   30.851352978    4.600460148
   -0.174532925    0.000000000   39.309045753   15.537907983    5.670716672
    0.000000000    0.000000000   40.385468621   -3.690197930    5.855260239
    0.174532925    0.000000000   38.011997470  -23.279978350    5.948516148
    0.349065850    0.000000000   32.528346413  -38.479676119    6.787047498
    0.523598776    0.000000000   25.151120063  -44.212185920    8.933235660
    0.698131701    0.000000000   17.875001317  -37.022812102   12.404486561
    0.872664626    0.000000000   13.001205892  -17.062054529   16.597309085
    1.047197551    0.000000000   12.426699666   11.189640998   20.508722610
    1.221730476    0.000000000   16.979828591   40.394857993   23.171077079
    1.396263402    0.000000000   26.152124728   63.041497469   24.047247597
    1.570796327    0.000000000   38.307907978   74.015307289   23.190498170
    1.745329252    0.000000000   51.219822555   71.746363192   21.105619698
    1.919862177    0.000000000   62.672131492   57.747092024   18.454144806
    2.094395102    0.000000000   70.901718984   35.474770724   15.779011128
    2.268928028    0.000000000   74.826879138    9.141658101   13.361681490
    2.443460953    0.000000000   74.107697687  -17.058109511   11.226013855
    2.617993878    0.000000000   69.109784903  -39.345626073    9.222731167
    2.792526803    0.000000000   60.808834011  -54.467551187    7.139146693
    2.967059728    0.000000000   50.662381964  -60.318842269    4.824495117

   -3.141592654    0.349065850   41.506958688  -61.087078560    1.164508428
   -2.967059728    0.349065850   31.752381683  -49.721364050   -0.514436567
   -2.792526803    0.349065850   24.394779950  -34.402841399   -2.012446236
   -2.617993878    0.349065850   19.696161487  -20.032951816   -3.317330189
   -2.443460953    0.349065850   17.109280377  -10.700435888   -4.487717537
   -2.268928028    0.349065850   15.563827940   -8.125890737   -5.639574865
   -2.094395102    0.349065850   13.943756063  -11.127813742   -6.865170377
   -1.919862177    0.349065850   11.561599100  -16.127014609   -8.118085245
   -1.745329252    0.349065850    8.467260148  -18.550715666   -9.141322915
   -1.570796327    0.349065850    5.459250161  -14.693553747   -9.509828086
   -1.396263402    0.349065850    3.776009347   -3.467543869   -8.817600178
   -1.221730476    0.349065850    4.560910673   12.932900008   -6.910274772
   -1.047197551    0.349065850    8.333498820   29.885864008   -4.040658144
   -0.872664626    0.349065850   14.742219844   42.361437534   -0.813113104
   -0.698131701    0.349065850   22.673981256   46.951241750    2.057497284
   -0.523598776    0.349065850   30.635011988   42.764967199    4.051531066
   -0.349065850    0.349065850   37.169818551   30.951421975    5.063719778
   -0.174532925    0.349065850   41.145007734   13.863814506    5.420970621
    0.000000000    0.349065850   41.897528186   -5.405610673    5.753553015
    0.174532925    0.349065850   39.360831782  -23.137542234    6.781087738
    0.349065850    0.349065850   34.175912150  -35.041133152    9.048205457
    0.523598776    0.349065850   27.723502392  -37.117108500   12.692542934
    0.698131701    0.349065850   21.939914157  -27.312011032   17.316156971
    0.872664626    0.349065850   18.837203158   -6.906391930   22.045369646
    1.047197551    0.349065850   19.891581439   19.321651400   25.826871309
    1.221730476    0.349065850   25.548368133   44.717101322   27.834047616
    1.396263402    0.349065850   35.097144224   63.075476436   27.754965090
    1.570796327    0.349065850   46.933651420   70.534416333   25.842321028
    1.745329252    0.349065850   59.035871046   66.215749959   22.714896316
    1.919862177    0.349065850   69.452828455   51.631439114   19.074009546
    2.094395102    0.349065850   76.640890223   29.769124064   15.476060168
    2.268928028    0.349065850   79.639126382    4.243239935   12.235593297
    2.443460953    0.349065850   78.130863727  -21.248087254    9.445576273
    2.617993878    0.349065850   72.437598280  -43.203887887    7.050942019
    2.792526803    0.349065850   63.462105851  -58.397815742    4.930830895
    2.967059728    0.349065850   52.600659262  -64.577947378    2.982171857

   -3.141592654    0.698131701   42.875637883  -63.477476732   -0.549246090
   -2.967059728    0.698131701   32.701076591  -52.125690883   -0.926469801
   -2.792526803    0.698131701   24.925571331  -36.763847513   -1.008483127
   -2.617993878    0.698131701   19.823142013  -22.284889962   -0.938112367
   -2.443460953    0.698131701   16.853048095  -12.838009857   -0.868240951
   -2.268928028    0.698131701   14.942063822  -10.175446067   -0.934329259
   -2.094395102    0.698131701   12.974179489  -13.039484454   -1.207545689
   -1.919862177    0.698131701   10.286519063  -17.650751445   -1.650701617
   -1.745329252    0.698131701    6.992363240  -19.223825228   -2.111311648
   -1.570796327    0.698131701    3.977472991  -14.029923259   -2.368119508
   -1.396263402    0.698131701    2.544214720   -1.271674265   -2.236694044
   -1.221730476    0.698131701    3.825126766   16.313321252   -1.669575405
   -1.047197551    0.698131701    8.230992779   33.588119260   -0.794337307
   -0.872664626    0.698131701   15.236657943   45.334411821    0.153486199
   -0.698131701    0.698131701   23.566181149   48.457597187    0.971864713
   -0.523598776    0.698131701   31.653243327   42.763636493    1.629046430
   -0.349065850    0.698131701   38.104574880   30.169823095    2.326393321
   -0.174532925    0.698131701   41.966419778   13.580027039    3.432516515
    0.000000000    0.698131701   42.816719174   -3.778340132    5.353564091
    0.174532925    0.698131701   40.812644767  -18.537168607    8.377338884
    0.349065850    0.698131701   36.718356182  -27.187596633   12.519114897
    0.523598776    0.698131701   31.873191352  -26.776145437   17.430389803
    0.698131701    0.698131701   27.989203157  -16.247990379   22.411175377
    0.872664626    0.698131701   26.716648630    2.616455680   26.559930967
    1.047197551    0.698131701   29.148179579   25.319094970   29.062290954
    1.221730476    0.698131701   35.460761366   46.173073011   29.482099633
    1.396263402    0.698131701   44.875101965   60.217214577   27.883542808
    1.570796327    0.698131701   55.918817235   64.560408941   24.750879635
    1.745329252    0.698131701   66.823179925   58.732717967   20.750235264
    1.919862177    0.698131701   75.910964555   44.089543305   16.502978479
    2.094395102    0.698131701   81.852084898   23.131192508   12.452870678
    2.268928028    0.698131701   83.803938777   -1.086480899    8.853442606
    2.443460953    0.698131701   81.478007671  -25.325260967    5.818189158
    2.617993878    0.698131701   75.159834094  -46.354120210    3.380275062
    2.792526803    0.698131701   65.685923138  -61.013680085    1.531335867
    2.967059728    0.698131701   54.387595041  -66.983011712    0.238524865

   -3.141592654    1.047197551   41.511745613  -63.268248597   -5.258607097
   -2.967059728    1.047197551   31.466881021  -50.908224334   -4.366562430
   -2.792526803    1.047197551   23.956769436  -35.020262964   -3.150301222
   -2.617993878    1.047197551   19.167089842  -20.517263766   -1.884858882
   -2.443460953    1.047197551   16.476697761  -11.447663614   -0.780658404
   -2.268928028    1.047197551   14.759187343   -9.361276177    0.045897475
   -2.094395102    1.047197551   12.882312225  -12.790324624    0.573640664
   -1.919862177    1.047197551   10.199143220  -17.815873580    0.839452676
   -1.745329252    1.047197551    6.853916638  -19.615107827    0.881450764
   -1.570796327    1.047197551    3.760757374  -14.525140175    0.705088295
   -1.396263402    1.047197551    2.234148884   -1.856942509    0.290920742
   -1.221730476    1.047197551    3.401233108   15.576700641   -0.349017746
   -1.047197551    1.047197551    7.662381988   32.662875157   -1.108269118
   -0.872664626    1.047197551   14.496493660   44.327361169   -1.762095359
   -0.698131701    1.047197551   22.667288903   47.725440740   -1.995162894
   -0.523598776    1.047197551   30.693565077   42.922023468   -1.470726426
   -0.349065850    1.047197551   37.305182139   31.972646038    0.096038135
   -0.174532925    1.047197551   41.676024668   17.697861748    2.863231758
    0.000000000    1.047197551   43.474196392    2.980279908    6.811278789
    0.174532925    1.047197551   42.866993365   -9.387123261   11.704874185
    0.349065850    1.047197551   40.515946113  -16.577659228   17.066043020
    0.523598776    1.047197551   37.541331283  -16.243714455   22.203918227
    0.698131701    1.047197551   35.355524210   -7.623920844   26.324665607
    0.872664626    1.047197551   35.302361569    7.751159553   28.721683121
    1.047197551    1.047197551   38.260022321   26.167853555   29.003733919
    1.221730476    1.047197551   44.355393048   42.952553174   27.228464066
    1.396263402    1.047197551   52.924806964   53.975663346   23.843252934
    1.570796327    1.047197551   62.715786323   56.669979140   19.489447464
    1.745329252    1.047197551   72.190304325   50.405001680   14.766594031
    1.919862177    1.047197551   79.847629046   36.116122395   10.109676360
    2.094395102    1.047197551   84.459325336   15.912104298    5.783204849
    2.268928028    1.047197551   85.230909088   -7.369399725    1.962201941
    2.443460953    1.047197551   81.899369632  -30.538876706   -1.202040519
    2.617993878    1.047197551   74.775650853  -50.335499854   -3.565311606
    2.792526803    1.047197551   64.725454539  -63.600621236   -5.019776283
    2.967059728    1.047197551   53.101118191  -68.105755226   -5.550709582

   -3.141592654    1.396263402   36.586723968  -61.809629270  -10.749280477
   -2.967059728    1.396263402   26.944660675  -47.840646668   -9.087713184
   -2.792526803    1.396263402   20.063898072  -30.990852882   -7.103196259
   -2.617993878    1.396263402   16.010924055  -16.209053141   -5.142603065
   -2.443460953    1.396263402   14.053178373   -7.437392646   -3.412086041
   -2.268928028    1.396263402   12.981906546   -6.005487286   -1.953242056
   -2.094395102    1.396263402   11.621070221  -10.247302291   -0.697889097
   -1.919862177    1.396263402    9.304798039  -16.174928796    0.413062116
   -1.745329252    1.396263402    6.157111481  -19.032821306    1.322162939
   -1.570796327    1.396263402    3.056981316  -15.230007644    1.847243794
   -1.396263402    1.396263402    1.285751198   -3.958499721    1.794950874
   -1.221730476    1.396263402    1.981431241   12.355182683    1.141077706
   -1.047197551    1.396263402    5.638129899   29.123440166    0.150121780
   -0.872664626    1.396263402   11.912315484   41.661717416   -0.664589282
   -0.698131701    1.396263402   19.786748103   47.186034820   -0.715802946
   -0.523598776    1.396263402   27.975990903   45.443128716    0.445290954
   -0.349065850    1.396263402   35.326227927   37.916890462    2.995797018
   -0.174532925    1.396263402   41.015423149   26.749756403    6.818424030
    0.000000000    1.396263402   44.598414253   14.171371845   11.546886205
    0.174532925    1.396263402   46.024637922    2.432504227   16.625713179
    0.349065850    1.396263402   45.659757825   -5.955353625   21.358707579
    0.523598776    1.396263402   44.301900689   -8.604464463   24.995852969
    0.698131701    1.396263402   43.089491801   -4.250317103   26.882633788
    0.872664626    1.396263402   43.219761096    6.511971625   26.649385693
    1.047197551    1.396263402   45.603791037   21.028822675   24.360276852
    1.221730476    1.396263402   50.564240636   35.348808621   20.501110231
    1.396263402    1.396263402   57.705915383   45.444699498   15.779144197
    1.570796327    1.396263402   66.009161157   48.264522211   10.857685499
    1.745329252    1.396263402   74.059847749   42.504352577    6.158047447
    1.919862177    1.396263402   80.377721020   28.631849878    1.845396043
    2.094395102    1.396263402   83.707319704    8.698447094   -2.062052937
    2.268928028    1.396263402   83.248022568  -14.209657262   -5.532715192
    2.443460953    1.396263402   78.783514918  -36.584914595   -8.437488955
    2.617993878    1.396263402   70.715997719  -54.989456006  -10.559697260
    2.792526803    1.396263402   60.012918501  -66.343502591  -11.681634683
    2.967059728    1.396263402   48.095597831  -68.686782177  -11.711785392

   -3.141592654    1.745329252   30.359047850  -59.014458152  -17.098120755
   -2.967059728    1.745329252   21.342863250  -43.596870573  -15.622656503
   -2.792526803    1.745329252   15.266018691  -26.166805833  -13.674677882
   -2.617993878    1.745329252   12.049274221  -11.551018310  -11.514673475
   -2.443460953    1.745329252   10.856610179   -3.367387994   -9.294573962
   -2.268928028    1.745329252   10.437993225   -2.587327714   -7.040029082
   -2.094395102    1.745329252    9.624468983   -7.380115852   -4.697773073
   -1.919862177    1.745329252    7.761689848  -13.876666299   -2.251896440
   -1.745329252    1.745329252    4.946402597  -17.599642272    0.163577467
   -1.570796327    1.745329252    1.989060161  -15.102882181    2.250123499
   -1.396263402    1.745329252    0.110327100   -5.314012468    3.679215056
   -1.221730476    1.745329252    0.470014195    9.991078589    4.311060319
   -1.047197551    1.745329252    3.708834917   26.928543575    4.352906412
   -0.872664626    1.745329252    9.724090766   41.130461807    4.319715017
   -0.698131701    1.745329252   17.743409380   49.528799563    4.816522535
   -0.523598776    1.745329252   26.631741742   51.111145174    6.272547067
   -0.349065850    1.745329252   35.237042008   46.488826416    8.774672370
   -0.174532925    1.745329252   42.596562315   37.080275458   12.065267588
    0.000000000    1.745329252   48.022683505   24.675203261   15.632927532
    0.174532925    1.745329252   51.171014835   11.368187729   18.831465199
    0.349065850    1.745329252   52.110496353   -0.182669650   20.988070173
    0.523598776    1.745329252   51.397851475   -7.099281580   21.534798733
    0.698131701    1.745329252   50.048473511   -7.278379088   20.168293248
    0.872664626    1.745329252   49.302049618   -0.301182005   16.990923885
    1.047197551    1.745329252   50.276148645   11.978243526   12.533359842
    1.221730476    1.745329252   53.591949440   25.820738585    7.586217870
    1.396263402    1.745329252   59.130433970   36.753295475    2.894271836
    1.570796327    1.745329252   66.031427913   40.892315146   -1.108430832
    1.745329252    1.745329252   72.895179006   36.190109555   -4.388866051
    1.919862177    1.745329252   78.160596289   22.789592065   -7.184111587
    2.094395102    1.745329252   80.477448104    2.908000751   -9.775619795
    2.268928028    1.745329252   79.010153917  -19.910966642  -12.286345511
    2.443460953    1.745329252   73.592541346  -41.682065653  -14.615968592
    2.617993878    1.745329252   64.742788025  -58.706975125  -16.498177168
    2.792526803    1.745329252   53.561136155  -68.005914037  -17.630999275
    2.967059728    1.745329252   41.556960902  -68.003034302  -17.830550558

   -3.141592654    2.094395102   23.317975386  -57.264217445  -18.671084415
   -2.967059728    2.094395102   14.719329774  -40.643448056  -17.275077904
   -2.792526803    2.094395102    9.227206949  -22.505531598  -15.337267393
   -2.617993878    2.094395102    6.682037710   -7.567465177  -13.067206990
   -2.443460953    2.094395102    6.198824260    0.765934703  -10.585298466
   -2.268928028    2.094395102    6.517212996    1.738335442   -7.893656688
   -2.094395102    2.094395102    6.483735510   -2.762619515   -4.912654002
   -1.919862177    2.094395102    5.450137910   -9.034642361   -1.598314255
   -1.745329252    2.094395102    3.475105614  -12.908363960    1.926523104
   -1.570796327    2.094395102    1.282435792  -11.137294301    5.332010493
   -1.396263402    2.094395102    0.000000000   -2.495367405    8.202997880
   -1.221730476    2.094395102    0.755409650   11.767007855   10.263894774
   -1.047197551    2.094395102    4.262669925   28.380393668   11.555832032
   -0.872664626    2.094395102   10.578094139   43.287089767   12.420551859
   -0.698131701    2.094395102   19.099049842   53.217532957   13.295097260
   -0.523598776    2.094395102   28.785119426   56.529313499   14.458676258
   -0.349065850    2.094395102   38.454390018   53.115880433   15.881124929
   -0.174532925    2.094395102   46.999373821   43.819749812   17.248379745
    0.000000000    2.094395102   53.512342182   30.149071309   18.079766151
    0.174532925    2.094395102   57.405565573   14.213317373   17.869949761
    0.349065850    2.094395102   58.532479687   -1.011988160   16.221674124
    0.523598776    2.094395102   57.317818352  -12.014352248   12.981125345
    0.698131701    2.094395102   54.781548460  -15.792978199    8.356815094
    0.872664626    2.094395102   52.330828841  -11.017691206    2.953517822
    1.047197551    2.094395102   51.381409541    0.980670460   -2.364103064
    1.221730476    2.094395102   52.885357496   16.293586327   -6.771953092
    1.396263402    2.094395102   56.965840980   29.645494932   -9.807205230
    1.570796327    2.094395102   62.837761932   36.117481611  -11.523858038
    1.745329252    2.094395102   69.012641792   32.900259744  -12.396844324
    1.919862177    2.094395102   73.755418639   19.935428466  -13.044283607
    2.094395102    2.094395102   75.554697179   -0.230761119  -13.937373177
    2.268928028    2.094395102   73.499880802  -23.464936734  -15.231615511
    2.443460953    2.094395102   67.452637941  -45.232513155  -16.770613455
    2.617993878    2.094395102   58.033264529  -61.546651397  -18.203684941
    2.792526803    2.094395102   46.465054459  -69.500095624  -19.145282004
    2.967059728    2.094395102   34.343298937  -67.830830133  -19.328515615

   -3.141592654    2.443460953   17.077030111  -56.222866927  -12.598959405
   -2.967059728    2.443460953    8.764065541  -38.443810644  -11.228030459
   -2.792526803    2.443460953    3.743782875  -19.341601818   -9.511363288
   -2.617993878    2.443460953    1.822412862   -3.609176642   -7.566197749
   -2.443460953    2.443460953    2.093801277    5.448724705   -5.422666671
   -2.268928028    2.443460953    3.296394197    7.196558959   -3.002241748
   -2.094395102    2.443460953    4.289599244    3.542418151   -0.148904479
   -1.919862177    2.443460953    4.425668027   -1.983525755    3.263980670
   -1.745329252    2.443460953    3.718425904   -5.538748217    7.195055201
   -1.570796327    2.443460953    2.790708007   -4.145254644   11.355442637
   -1.396263402    2.443460953    2.646074159    3.452668593   15.275554324
   -1.221730476    2.443460953    4.324973906   16.390740666   18.491199857
   -1.047197551    2.443460953    8.538292516   31.918774358   20.738586161
   -0.872664626    2.443460953   15.415488461   46.276355802   22.017115387
   -0.698131701    2.443460953   24.442844653   56.068662887   22.486877202
   -0.523598776    2.443460953   34.614013800   59.174411871   22.294174260
   -0.349065850    2.443460953   44.688354531   54.976165221   21.443003157
   -0.174532925    2.443460953   53.424972279   43.992885163   19.798073670
    0.000000000    2.443460953   59.753685950   27.724331044   17.162155403
    0.174532925    2.443460953   62.949385120    8.576822228   13.382323588
    0.349065850    2.443460953   62.802854302   -9.918107420    8.457386120
    0.523598776    2.443460953   59.791981784  -23.501262501    2.634509492
    0.698131701    2.443460953   55.126349145  -28.397983706   -3.541311800
    0.872664626    2.443460953   50.517970131  -22.792441343   -9.281174851
    1.047197551    2.443460953   47.722897911   -8.132698912  -13.763399803
    1.221730476    2.443460953   47.952085300   10.883388029  -16.436388774
    1.396263402    2.443460953   51.410831726   27.821016029  -17.241895915
    1.570796327    2.443460953   57.199699274   36.754699806  -16.629982324
    1.745329252    2.443460953   63.585809929   34.430979663  -15.339057977
    1.919862177    2.443460953   68.570433535   21.003926755  -14.088740032
    2.094395102    2.443460953   70.456817876   -0.347922459  -13.332126331
    2.268928028    2.443460953   68.271560926  -24.784648380  -13.172617646
    2.443460953    2.443460953   61.923184712  -47.247678159  -13.428604495
    2.617993878    2.443460953   52.143639682  -63.527425524  -13.771656887
    2.792526803    2.443460953   40.281508702  -70.794618283  -13.869063541
    2.967059728    2.443460953   28.026699569  -68.023028618  -13.501284129

   -3.141592654    2.792526803   14.375646814  -54.805307075    1.256869171
   -2.967059728    2.792526803    6.341799673  -36.678220769    2.857134298
   -2.792526803    2.792526803    1.659006583  -17.244263943    4.281506100
   -2.617993878    2.792526803    0.138371149   -1.093977196    5.552642745
   -2.443460953    2.792526803    0.900285487    8.594860245    6.820686681
   -2.268928028    2.792526803    2.730396559   11.293576314    8.334208112
   -2.094395102    2.792526803    4.546863418    8.920463152   10.371671967
   -1.919862177    2.792526803    5.747028721    4.827731827   13.131915609
   -1.745329252    2.792526803    6.340537261    2.474044418   16.611504014
   -1.570796327    2.792526803    6.870045543    4.390122337   20.526366883
   -1.396263402    2.792526803    8.191459445   11.544287284   24.355614759
   -1.221730476    2.792526803   11.174309962   23.103473261   27.497234240
   -1.047197551    2.792526803   16.390235809   36.623638214   29.466239935
   -0.872664626    2.792526803   23.891257769   48.698957669   30.013983143
   -0.698131701    2.792526803   33.135876100   56.129987651   29.120050098
   -0.523598776    2.792526803   43.105240647   56.774447954   26.896335702
   -0.349065850    2.792526803   52.534023214   49.945806371   23.484915121
   -0.174532925    2.792526803   60.151623940   36.189936704   19.029637928
    0.000000000    2.792526803   64.879589806   17.223069154   13.693015726
    0.174532925    2.792526803   66.038039320   -4.152745930    7.689767697
    0.349065850    2.792526803   63.541356117  -23.912568050    1.336331083
    0.523598776    2.792526803   58.078410656  -37.327643001   -4.912584458
    0.698131701    2.792526803   51.137983761  -40.335726082  -10.468266036
    0.872664626    2.792526803   44.729056373  -31.246624110  -14.696851949
    1.047197551    2.792526803   40.837258196  -12.159575709  -17.114891558
    1.221730476    2.792526803   40.751301354   11.203455352  -17.599822579
    1.396263402    2.792526803   44.570301972   31.389506091  -16.464229322
    1.570796327    2.792526803   51.144534873   41.907194026  -14.340027993
    1.745329252    2.792526803   58.446868072   39.553908853  -11.911921309
    1.919862177    2.792526803   64.239770840   25.035325581   -9.680957108
    2.094395102    2.792526803   66.703309587    2.239003802   -7.847132559
    2.268928028    2.792526803   64.856039564  -23.425699731   -6.354096986
    2.443460953    2.792526803   58.674192046  -46.605794357   -5.012872288
    2.617993878    2.792526803   48.984057342  -63.065315553   -3.633699708
    2.792526803    2.792526803   37.216470621  -70.135693512   -2.105984712
    2.967059728    2.792526803   25.109290592  -66.992984551   -0.441255372
