#! FIELDS phi psi file.free der_phi der_psi
#! SET min_phi -pi
#! SET max_phi pi
#! SET nbins_phi  36
#! SET periodic_phi true
#! SET min_psi -pi
#! SET max_psi pi
#! SET nbins_psi  18
#! SET periodic_psi true
   -3.141592654   -3.141592654   17.421211610  -52.552850028   17.725925371
   -2.967059728   -3.141592654    9.700149725  -35.341477696   19.752166140
   -2.792526803   -3.141592654    5.183242822  -16.621937317   20.946252683
   -2.617993878   -3.141592654    3.740542305   -0.726791356   21.427171323
   -2.443460953   -3.141592654    4.591604606    9.365970541   21.538574004
   -2.268928028   -3.141592654    6.644073847   13.181450484   21.756284016
   -2.094395102   -3.141592654    8.932292966   12.511091769   22.536444958
   -1.919862177   -3.141592654   10.929414036   10.376425333   24.161270210
   -1.745329252   -3.141592654   12.647348642    9.724170209   26.625977649
   -1.570796327   -3.141592654   14.534750871   12.522520402   29.593399893
   -1.396263402   -3.141592654   17.264174867   19.324298447   32.460318952
   -1.221730476   -3.141592654   21.473464917   29.167898853   34.514403223
   -1.047197551   -3.141592654   27.510421460   39.815055433   35.142086685
   -0.872664626   -3.141592654   35.260736843   48.291893274   33.984600946
   -0.698131701   -3.141592654   44.098131285   51.875955272   30.995818417
   -0.523598776   -3.141592654   52.998951488   48.848726415   26.394472100
   -0.349065850   -3.141592654   60.760484335   38.887749592   20.562706804
   -0.174532925   -3.141592654   66.234208417   22.853250376   13.971697024
    0.000000000   -3.141592654   68.514299378    2.713081728    7.127103123
    0.174532925   -3.141592654   67.129870165  -18.554379355    0.519080347
    0.349065850   -3.141592654   62.226303733  -36.859553469   -5.397141536
    0.523598776   -3.141592654   54.724376784  -47.538125625  -10.218813496
    0.698131701   -3.141592654   46.316690567  -46.789776593  -13.613709454
    0.872664626   -3.141592654   39.147038659  -33.476885267  -15.361500997
    1.047197551   -3.141592654   35.215552269  -10.496021422  -15.439825769
    1.221730476   -3.141592654   35.682062876   15.652981394  -14.089493729
    1.396263402   -3.141592654   40.409959136   37.113463433  -11.766198352
    1.570796327   -3.141592654   47.993302023   47.585639791   -8.990671036
    1.745329252   -3.141592654   56.225668089   44.488977477   -6.151498280
    1.919862177   -3.141592654   62.809534525   29.216285753   -3.407544920
    2.094395102   -3.141592654   65.963137097    6.042680620   -0.704662701
    2.268928028   -3.141592654   64.775766682  -19.617760348    2.105288253
    2.443460953   -3.141592654   59.272056662  -42.649577642    5.139456312
    2.617993878   -3.141592654   50.278616075  -59.079134590    8.402151112
    2.792526803   -3.141592654   39.188915825  -66.419488924   11.765070608
    2.967059728   -3.141592654   27.683438250  -63.884743305   14.976066575

   -3.141592654   -2.792526803   25.181215164  -48.377795187   25.715624072
   -2.967059728   -2.792526803   18.013227733  -33.198832296   27.484547075
   -2.792526803   -2.792526803   13.700815996  -16.357080113   28.186717995
   -2.617993878   -2.792526803   12.182485579   -1.724608531   28.095376355
   -2.443460953   -2.792526803   12.816903960    8.050064069   27.687706942
   -2.268928028   -2.792526803   14.686402476   12.557829499   27.506158441
   -2.094395102   -2.792526803   16.987901341   13.389250126   27.980122058
   -1.919862177   -2.792526803   19.300909618   13.140635144   29.282453331
   -1.745329252   -2.792526803   21.655203225   14.168376160   31.262752139
   -1.570796327   -2.792526803   24.407678337   17.807600327   33.456310928
   -1.396263402   -2.792526803   28.036257856   24.092177632   35.189826703
   -1.221730476   -2.792526803   32.916805517   31.849251777   35.747807593
   -1.047197551   -2.792526803   39.136106687   39.049589567   34.579546601
   -0.872664626   -2.792526803   46.390121225   43.315112492   31.449163184
   -0.698131701   -2.792526803   53.985235722   42.696288634   26.488843864
   -0.523598776   -2.792526803   60.965084511   36.196964148   20.134767601
   -0.349065850   -2.792526803   66.304726113   24.036299777   12.993513861
   -0.174532925   -2.792526803   69.106951909    7.374243347    5.720911218
    0.000000000   -2.792526803   68.747628764  -11.793334685   -1.061997113
    0.174532925   -2.792526803   65.019889064  -30.689810294   -6.838475354
    0.349065850   -2.792526803   58.280208778  -45.630382932  -11.222844446
    0.523598776   -2.792526803   49.579742862  -52.457120818  -13.990889859
    0.698131701   -2.792526803   40.650218704  -47.887579817  -15.097478679
    0.872664626   -2.792526803   33.586114639  -31.278218787  -14.679858850
    1.047197551   -2.792526803   30.259384450   -5.930029265  -13.056764898
    1.221730476   -2.792526803   31.646747357   21.465828343  -10.674867433
    1.396263402   -2.792526803   37.421871751   43.168078290   -7.980010539
    1.570796327   -2.792526803   46.036647050   53.308360751   -5.274133784
    1.745329252   -2.792526803   55.231840224   49.836419367   -2.618527429
    1.919862177   -2.792526803   62.741118446   34.553512696    0.130185685
    2.094395102   -2.792526803   66.860446470   11.835411524    3.197501652
    2.268928028   -2.792526803   66.746972457  -13.094107265    6.738739984
    2.443460953   -2.792526803   62.444291497  -35.464759317   10.739522870
    2.617993878   -2.792526803   54.735344327  -51.642075702   14.998596317
    2.792526803   -2.792526803   44.920076829  -59.385374245   19.177887016
    2.967059728   -2.792526803   34.555669909  -57.977929478   22.873403783

   -3.141592654   -2.443460953   33.963315630  -44.228583348   23.593089079
   -2.967059728   -2.443460953   27.345480306  -31.037940425   24.986852022
   -2.792526803   -2.443460953   23.255658530  -15.880530558   25.522163958
   -2.617993878   -2.443460953   21.722484893   -2.229764718   25.438571608
   -2.443460953   -2.443460953   22.250270480    7.488974724   25.090462328
   -2.268928028   -2.443460953   24.080034347   12.780224257   24.850955599
   -2.094395102   -2.443460953   26.526314450   14.860214063   24.987054521
   -1.919862177   -2.443460953   29.203034194   15.778009036   25.556175302
   -1.745329252   -2.443460953   32.074039350   17.300850991   26.368336080
   -1.570796327   -2.443460953   35.335929661   20.304866135   27.009607494
   -1.396263402   -2.443460953   39.247126263   24.618761682   26.947613212
   -1.221730476   -2.443460953   43.957475213   29.223640712   25.674938485
   -1.047197551   -2.443460953   49.388389216   32.600310959   22.876247306
   -0.872664626   -2.443460953   55.182521761   33.123374609   18.530888682
   -0.698131701   -2.443460953   60.726373655   29.583579563   12.928900136
   -0.523598776   -2.443460953   65.257399848   21.509711115    6.588976060
   -0.349065850   -2.443460953   68.008268215    9.323609972    0.125826342
   -0.174532925   -2.443460953   68.347752878   -5.899349292   -5.866775459
    0.000000000   -2.443460953   65.882601015  -22.490593369  -10.890216796
    0.174532925   -2.443460953   60.566311074  -38.110163324  -14.604167065
    0.349065850   -2.443460953   52.835879848  -49.552402228  -16.841688169
    0.523598776   -2.443460953   43.743219786  -53.085297678  -17.617766191
    0.698131701   -2.443460953   34.954109820  -45.748503922  -17.106228429
    0.872664626   -2.443460953   28.449569054  -27.129168286  -15.593053610
    1.047197551   -2.443460953   25.958297766   -0.639180478  -13.429220842
    1.221730476   -2.443460953   28.308341710   27.098312412  -10.960815682
    1.396263402   -2.443460953   35.054777408   48.612241694   -8.435778628
    1.570796327   -2.443460953   44.592113427   58.455808391   -5.937787868
    1.745329252   -2.443460953   54.678167967   54.964617813   -3.374940986
    1.919862177   -2.443460953   63.115335015   40.130851075   -0.563248929
    2.094395102   -2.443460953   68.277710428   18.246841464    2.659755102
    2.268928028   -2.443460953   69.365541601   -5.768340079    6.330373810
    2.443460953   -2.443460953   66.404345965  -27.506615198   10.318832656
    2.617993878   -2.443460953   60.099857231  -43.625693830   14.357533148
    2.792526803   -2.443460953   51.637246974  -52.036336429   18.115024273
    2.967059728   -2.443460953   42.447663641  -51.988221905   21.272707226

   -3.141592654   -2.094395102   40.437981988  -41.035983520   14.139538033
   -2.967059728   -2.094395102   34.261419975  -29.163489285   14.951146162
   -2.792526803   -2.094395102   30.397273135  -15.121243335   15.357310785
   -2.617993878   -2.094395102   28.925915389   -2.208050294   15.477955038
   -2.443460953   -2.094395102   29.428299506    7.255050367   15.432989245
   -2.268928028   -2.094395102   31.226018597   12.701282482   15.325089981
   -2.094395102   -2.094395102   33.685497927   15.086451288   15.201766324
   -1.919862177   -2.094395102   36.414439157   16.082510926   15.010475909
   -1.745329252   -2.094395102   39.303222103   17.077063215   14.581772992
   -1.570796327   -2.094395102   42.419485070   18.721479872   13.648408858
   -1.396263402   -2.094395102   45.874742791   20.865124909   11.924865839
   -1.221730476   -2.094395102   49.699603360   22.797785722    9.207569754
   -1.047197551   -2.094395102   53.772031530   23.522256309    5.482829352
   -0.872664626   -2.094395102   57.791337057   22.018318825    0.969540839
   -0.698131701   -2.094395102   61.296756370   17.547099336   -3.915871061
   -0.523598776   -2.094395102   63.739922258    9.849337121   -8.665345491
   -0.349065850   -2.094395102   64.577766409   -0.749455563  -12.808438904
   -0.174532925   -2.094395102   63.364917586  -13.491874848  -16.011747937
    0.000000000   -2.094395102   59.825290212  -27.176524440  -18.117657830
    0.174532925   -2.094395102   53.943949200  -39.935375634  -19.155209512
    0.349065850   -2.094395102   46.114260035  -48.951174001  -19.291344972
    0.523598776   -2.094395102   37.291448102  -50.704427139  -18.767206269
    0.698131701   -2.094395102   29.023426774  -42.255717435  -17.816426555
    0.872664626   -2.094395102   23.181980088  -23.096988752  -16.598579829
    1.047197551   -2.094395102   21.410326271    3.526792424  -15.183374261
    1.221730476   -2.094395102   24.483331936   31.204194960  -13.571295434
    1.396263402   -2.094395102   31.942214454   52.689949234  -11.715052953
    1.570796327   -2.094395102   42.204942450   62.736114445   -9.552919524
    1.745329252   -2.094395102   53.078806091   59.752440843   -7.033963026
    1.919862177   -2.094395102   62.414273016   45.649131323   -4.157146399
    2.094395102   -2.094395102   68.607144732   24.507876894   -0.993671373
    2.268928028   -2.094395102   70.838137164    1.002153132    2.305961928
    2.443460953   -2.094395102   69.074792540  -20.639127667    5.533000491
    2.617993878   -2.094395102   63.942927332  -37.141071168    8.467076066
    2.792526803   -2.094395102   56.546502881  -46.377850105   10.929305669
    2.967059728   -2.094395102   48.249304037  -47.483229708   12.823636479

   -3.141592654   -1.745329252   42.531963688  -39.948855479    5.243805095
   -2.967059728   -1.745329252   36.521417086  -28.324991243    5.615210223
   -2.792526803   -1.745329252   32.791309676  -14.423150097    5.919628396
   -2.617993878   -1.745329252   31.427196720   -1.697057874    6.125289799
   -2.443460953   -1.745329252   31.993104740    7.444677002    6.118761747
   -2.268928028   -1.745329252   33.782671117   12.387124553    5.753806178
   -2.094395102   -1.745329252   36.126302598   14.027784815    4.890677191
   -1.919862177   -1.745329252   38.582576032   13.956985983    3.418122810
   -1.745329252   -1.745329252   40.979163622   13.498086646    1.275592219
   -1.570796327   -1.745329252   43.318528750   13.362533036   -1.522221001
   -1.396263402   -1.745329252   45.674093152   13.641768907   -4.856100270
   -1.221730476   -1.745329252   48.096145708   14.048278833   -8.504160944
   -1.047197551   -1.745329252   50.563536443   14.051748508  -12.166049947
   -0.872664626   -1.745329252   52.949761276   12.980667134  -15.514279945
   -0.698131701   -1.745329252   55.003968180   10.144406476  -18.245458848
   -0.523598776   -1.745329252   56.367881662    5.005225322  -20.124018207
   -0.349065850   -1.745329252   56.616121291   -2.640936110  -21.019673759
   -0.174532925   -1.745329252   55.320173008  -12.624621597  -20.944015220
    0.000000000   -1.745329252   52.124099626  -24.256314202  -20.071230107
    0.174532925   -1.745329252   46.859390843  -35.963158494  -18.733102195
    0.349065850   -1.745329252   39.738214917  -44.959156654  -17.338002616
    0.523598776   -1.745329252   31.554788402  -47.462896986  -16.242232696
    0.698131701   -1.745329252   23.761482122  -40.062423903  -15.613155971
    0.872664626   -1.745329252   18.222604279  -21.751899276  -15.361157903
    1.047197551   -1.745329252   16.650602774    4.571542406  -15.189673786
    1.221730476   -1.745329252   19.928385635   32.599856735  -14.735248286
    1.396263402   -1.745329252   27.701465652   54.948875404  -13.706416639
    1.570796327   -1.745329252   38.453870504   66.089900563  -11.984394719
    1.745329252   -1.745329252   50.005825878   64.120773244   -9.637146653
    1.919862177   -1.745329252   60.170172463   50.697424916   -6.882958893
    2.094395102   -1.745329252   67.270135339   29.759818219   -4.013944435
    2.268928028   -1.745329252   70.399605835    5.959667420   -1.320993082
    2.443460953   -1.745329252   69.445488199  -16.384826335    0.968199174
    2.617993878   -1.745329252   64.976091300  -33.828124264    2.729176506
    2.792526803   -1.745329252   58.072982565  -44.026293123    3.953707484
    2.967059728   -1.745329252   50.115856672  -45.913843965    4.741661619

   -3.141592654   -1.396263402   41.729430736  -40.095391816    1.010207595
   -2.967059728   -1.396263402   35.716036306  -28.207636721    0.837828300
   -2.792526803   -1.396263402   32.025759040  -14.134063411    0.704631136
   -2.617993878   -1.396263402   30.700722947   -1.623731189    0.540559620
   -2.443460953   -1.396263402   31.222143191    6.769030985    0.160440831
   -2.268928028   -1.396263402   32.790001551   10.448401587   -0.683196528
   -2.094395102   -1.396263402   34.656528337   10.456404493   -2.239777183
   -1.919862177   -1.396263402   36.335025374    8.615564982   -4.686347728
   -1.745329252   -1.396263402   37.654293966    6.548585046   -8.045231882
   -1.570796327   -1.396263402   38.675288228    5.322231358  -12.116378932
   -1.396263402   -1.396263402   39.592026763    5.358268273  -16.474551904
   -1.221730476   -1.396263402   40.622759512    6.566857640  -20.559071457
   -1.047197551   -1.396263402   41.928883266    8.374483258  -23.820348292
   -0.872664626   -1.396263402   43.538252802    9.844414764  -25.852541444
   -0.698131701   -1.396263402   45.293056432    9.865893297  -26.459783980
   -0.523598776   -1.396263402   46.852323626    7.469741262  -25.655406753
   -0.349065850   -1.396263402   47.735375133    2.059822753  -23.639859685
   -0.174532925   -1.396263402   47.396430119   -6.516604618  -20.781933960
    0.000000000   -1.396263402   45.312320454  -17.817097334  -17.590243559
    0.174532925   -1.396263402   41.114985450  -30.363032673  -14.640958961
    0.349065850   -1.396263402   34.822066780  -41.205118941  -12.437987853
    0.523598776   -1.396263402   27.090638490  -46.071515819  -11.255656969
    0.698131701   -1.396263402   19.344281312  -40.825681337  -11.037135331
    0.872664626   -1.396263402   13.546750237  -23.763927953  -11.416468729
    1.047197551   -1.396263402   11.608350594    2.592213807  -11.866422295
    1.221730476   -1.396263402   14.634822185   31.855526874  -11.902629602
    1.396263402   -1.396263402   22.442892997   56.145257613  -11.233447823
    1.570796327   -1.396263402   33.581299605   69.257190674   -9.818764715
    1.745329252   -1.396263402   45.821147986   68.696138663   -7.830404461
    1.919862177   -1.396263402   56.844053974   55.794315388   -5.565043938
    2.094395102   -1.396263402   64.813641644   34.486551848   -3.346662982
    2.268928028   -1.396263402   68.686297351    9.664193928   -1.449331586
    2.443460953   -1.396263402   68.265270124  -13.996855803   -0.047405073
    2.617993878   -1.396263402   64.099880339  -32.695064966    0.804669508
    2.792526803   -1.396263402   57.308945273  -43.800096877    1.161887799
    2.967059728   -1.396263402   49.348673481  -46.107587422    1.171462712

   -3.141592654   -1.047197551   39.055055251  -42.174626068    2.204793671
   -2.967059728   -1.047197551   32.726665022  -29.707342395    1.058252979
   -2.792526803   -1.047197551   28.832175592  -14.998176106   -0.178027156
   -2.617993878   -1.047197551   27.392272183   -2.157467012   -1.464798452
   -2.443460953   -1.047197551   27.807925834    5.975754322   -2.880334427
   -2.268928028   -1.047197551   29.162002647    8.673236595   -4.614626618
   -2.094395102   -1.047197551   30.584459400    7.058232567   -6.921839279
   -1.919862177   -1.047197551   31.501575476    3.273537795  -10.005945879
   -1.745329252   -1.047197551   31.730547655   -0.515652992  -13.871419111
   -1.570796327   -1.047197551   31.426498176   -2.605777602  -18.206523089
   -1.396263402   -1.047197551   30.980306302   -2.082449320  -22.403244420
   -1.221730476   -1.047197551   30.863702429    1.087580738  -25.726001942
   -1.047197551   -1.047197551   31.471965684    5.996825734  -27.560213843
   -0.872664626   -1.047197551   32.978977622   11.066775350  -27.596047595
   -0.698131701   -1.047197551   35.251165572   14.478641270  -25.879292443
   -0.523598776   -1.047197551   37.858281110   14.692042814  -22.745229272
   -0.349065850   -1.047197551   40.145862698   10.713945282  -18.713182543
   -0.174532925   -1.047197551   41.341566716    2.172086974  -14.392945309
    0.000000000   -1.047197551   40.673241552  -10.508797818  -10.398340919
    0.174532925   -1.047197551   37.543829143  -25.588673128   -7.229210347
    0.349065850   -1.047197551   31.816462817  -39.530101501   -5.149231284
    0.523598776   -1.047197551   24.119502432  -47.245766100   -4.114515653
    0.698131701   -1.047197551   15.991391611  -43.815075416   -3.814172847
    0.872664626   -1.047197551    9.621175224  -27.094862731   -3.817126213
    1.047197551   -1.047197551    7.177428951    0.316680329   -3.746966529
    1.221730476   -1.047197551    9.968936899   31.514526398   -3.391131463
    1.396263402   -1.047197551   17.903798847   57.896720027   -2.700848804
    1.570796327   -1.047197551   29.499817247   72.619844915   -1.729462591
    1.745329252   -1.047197551   42.406834898   72.814115522   -0.571112949
    1.919862177   -1.047197551   54.146126099   59.733843997    0.667789280
    2.094395102   -1.047197551   62.730520763   37.486775885    1.866852432
    2.268928028   -1.047197551   67.009702428   11.278308173    2.891653405
    2.443460953   -1.047197551   66.739493728  -13.865318025    3.609155680
    2.617993878   -1.047197551   62.480639282  -33.844959191    3.914488531
    2.792526803   -1.047197551   55.407627941  -45.799309457    3.752298097
    2.967059728   -1.047197551   47.064287975  -48.416861504    3.150497498

   -3.141592654   -0.698131701   38.527710325  -46.030317359    2.236810938
   -2.967059728   -0.698131701   31.508134411  -33.706783700    0.133201659
   -2.792526803   -0.698131701   26.927459107  -18.823423394   -2.098798148
   -2.617993878   -0.698131701   24.842544068   -5.737186162   -4.315789704
   -2.443460953   -0.698131701   24.639312915    2.399902899   -6.503905231
   -2.268928028   -0.698131701   25.333912882    4.599242334   -8.800581629
   -2.094395102   -0.698131701   25.961229235    1.948154651  -11.438020653
   -1.919862177   -0.698131701   25.875634219   -3.098820125  -14.591803077
   -1.745329252   -0.698131701   24.906842327   -7.736622034  -18.198526460
   -1.570796327   -0.698131701   23.345455370   -9.557327746  -21.838920509
   -1.396263402   -0.698131701   21.818840119   -7.249286730  -24.808798120
   -1.221730476   -0.698131701   21.058411088   -0.942860577  -26.360052749
   -1.047197551   -0.698131701   21.641529000    7.779084512  -26.009978208
   -0.872664626   -0.698131701   23.784212331   16.464572097  -23.726258324
   -0.698131701   -0.698131701   27.251160553   22.567748431  -19.917346326
   -0.523598776   -0.698131701   31.410284513   24.143592815  -15.265663355
   -0.349065850   -0.698131701   35.361384046   20.088049193  -10.515711493
   -0.174532925   -0.698131701   38.089420481   10.154891397   -6.305043008
    0.000000000   -0.698131701   38.619986319   -4.872726716   -3.049647883
    0.174532925   -0.698131701   36.236855166  -22.678092670   -0.850763007
    0.349065850   -0.698131701   30.799299472  -39.009250947    0.512297349
    0.523598776   -0.698131701   23.051999413  -48.160201258    1.480046922
    0.698131701   -0.698131701   14.728589251  -44.957358700    2.496824920
    0.872664626   -0.698131701    8.215673505  -27.479346848    3.785128044
    1.047197551   -0.698131701    5.808330213    1.126642030    5.251973559
    1.221730476   -0.698131701    8.840455681   33.394621880    6.593737143
    1.396263402   -0.698131701   17.165787463   60.398895899    7.513941871
    1.570796327   -0.698131701   29.217488911   75.261362405    7.902602978
    1.745329252   -0.698131701   42.571324299   75.245008342    7.863270783
    1.919862177   -0.698131701   54.699901282   61.736575353    7.611208167
    2.094395102   -0.698131701   63.584641080   38.899765943    7.328537775
    2.268928028   -0.698131701   68.046934351   11.938099127    7.072312270
    2.443460953   -0.698131701   67.812688854  -14.133890567    6.768628041
    2.617993878   -0.698131701   63.415394229  -35.183042352    6.261442912
    2.792526803   -0.698131701   56.014398765  -48.209096069    5.380037188
    2.967059728   -0.698131701   47.168485063  -51.724705077    4.031250256

   -3.141592654   -0.349065850   39.074403369  -51.140659215    2.726451737
   -2.967059728   -0.349065850   31.114816943  -39.273078967   -0.047633248
   -2.792526803   -0.349065850   25.560063760  -24.337257145   -2.948839892
   -2.617993878   -0.349065850   22.541869762  -10.891381426   -5.757782682
   -2.443460953   -0.349065850   21.469627176   -2.438288833   -8.388757024
   -2.268928028   -0.349065850   21.322372563   -0.281941860  -10.924679971
   -2.094395102   -0.349065850   21.062528732   -3.385586693  -13.542221871
   -1.919862177   -0.349065850   19.996991478   -8.957128163  -16.337268986
   -1.745329252   -0.349065850   17.997289383  -13.529955894  -19.143323252
   -1.570796327   -0.349065850   15.516421681  -14.056235697  -21.461615927
   -1.396263402   -0.349065850   13.423137387   -9.012845017  -22.606088323
   -1.221730476   -0.349065850   12.672415183    1.032280751  -21.996943697
   -1.047197551   -0.349065850   13.939317320   13.562755885  -19.467491474
   -0.872664626   -0.349065850   17.361922154   25.119582267  -15.374838535
   -0.698131701   -0.349065850   22.477448781   32.502120272  -10.477285272
   -0.523598776   -0.349065850   28.356149194   33.633718683   -5.656563378
   -0.349065850   -0.349065850   33.817952145   27.713599906   -1.630351434
   -0.174532925   -0.349065850   37.649441492   15.088797437    1.225730976
    0.000000000   -0.349065850   38.797152195   -2.675292965    2.942412080
    0.174532925   -0.349065850   36.608705319  -22.458356529    3.939776205
    0.349065850   -0.349065850   31.133899551  -39.408029892    4.872853350
    0.523598776   -0.349065850   23.372158198  -47.724336763    6.371242257
    0.698131701   -0.349065850   15.271247813  -42.784915552    8.734790875
    0.872664626   -0.349065850    9.292774284  -23.639991769   11.745950465
    1.047197551   -0.349065850    7.636882608    5.682870081   14.746147661
    1.221730476   -0.349065850   11.434076212   37.400236308   16.963620335
    1.396263402   -0.349065850   20.339103592   62.936209692   17.887275941
    1.570796327   -0.349065850   32.685015218   76.119305864   17.476953493
    1.745329252   -0.349065850   46.068836100   74.834052610   16.102754064
    1.919862177   -0.349065850   58.061729308   60.702224599   14.308404558
    2.094395102   -0.349065850   66.749201872   37.729438840   12.553161489
    2.268928028   -0.349065850   71.007284366   10.761014079   11.058683540
    2.443460953   -0.349065850   70.552067236  -15.542704437    9.795555006
    2.617993878   -0.349065850   65.859186303  -37.243975083    8.557353020
    2.792526803   -0.349065850   58.014706293  -51.278637878    7.071913972
    2.967059728   -0.349065850   48.533545795  -55.919210095    5.141756501

   -3.141592654    0.000000000   40.251534140  -56.215895599    2.251465446
   -2.967059728    0.000000000   31.356615983  -44.829403858   -0.397041676
   -2.792526803    0.000000000   24.823668742  -29.905892085   -3.052898365
   -2.617993878    0.000000000   20.858381638  -16.138054157   -5.528817408
   -2.443460953    0.000000000   18.902589317   -7.333878100   -7.768651917
   -2.268928028    0.000000000   17.915626433   -5.052436668   -9.863611436
   -2.094395102    0.000000000   16.817366363   -8.229942972  -11.953938220
   -1.919862177    0.000000000   14.909633250  -13.679043483  -14.053759464
   -1.745329252    0.000000000   12.151174812  -17.312173110  -15.906997905
   -1.570796327    0.000000000    9.183156812  -15.628300057  -16.984853391
   -1.396263402    0.000000000    7.097125532   -7.198535693  -16.689736453
   -1.221730476    0.000000000    6.996312634    6.643201639  -14.662170453
   -1.047197551    0.000000000    9.529361224   22.244791816  -11.038042253
   -0.872664626    0.000000000   14.615842924   35.165568510   -6.465279360
   -0.698131701    0.000000000   21.454126629   41.854252052   -1.876175544
   -0.523598776    0.000000000   28.778257797   40.624104667    1.866147631
   -0.349065850    0.000000000   35.189460070   31.557298640    4.276072019
   -0.174532925    0.000000000   39.429735085   16.048728500    5.368344445
    0.000000000    0.000000000   40.575549280   -3.396240711    5.617554978
    0.174532925    0.000000000   38.241045694  -23.099010593    5.807283519
    0.349065850    0.000000000   32.792627844  -38.219452482    6.761460391
    0.523598776    0.000000000   25.482794354  -43.666938600    9.031736111
    0.698131701    0.000000000   18.336443535  -36.069081138   12.623152561
    0.872664626    0.000000000   13.663520423  -15.734475478   16.910818538
    1.047197551    0.000000000   13.338690630   12.673405665   20.857933852
    1.221730476    0.000000000   18.139192460   41.682330475   23.459935162
    1.396263402    0.000000000   27.491604427   63.764543839   24.159814580
    1.570796327    0.000000000   39.704723252   73.926942682   23.027502964
    1.745329252    0.000000000   52.526032964   70.812085772   20.625163226
    1.919862177    0.000000000   63.753507698   56.154671984   17.695648873
    2.094395102    0.000000000   71.671843984   33.568814260   14.856077055
    2.268928028    0.000000000   75.265728297    7.318808937   12.425804911
    2.443460953    0.000000000   74.260863007  -18.461818145   10.418745222
    2.617993878    0.000000000   69.068920313  -40.150181032    8.635073967
    2.792526803    0.000000000   60.679305335  -54.697604975    6.793982938
    2.967059728    0.000000000   50.529131986  -60.172398588    4.683600568

   -3.141592654    0.349065850   41.431012371  -60.643086296    1.270388328
   -2.967059728    0.349065850   31.734326587  -49.514029253   -0.371269322
   -2.792526803    0.349065850   24.389448491  -34.447432397   -1.884480944
   -2.617993878    0.349065850   19.667513814  -20.228071673   -3.224146342
   -2.443460953    0.349065850   17.042729617  -10.919595966   -4.426051645
   -2.268928028    0.349065850   15.462707714   -8.293705083   -5.598397176
   -2.094395102    0.349065850   13.817573332  -11.253047298   -6.835529102
   -1.919862177    0.349065850   11.412821747  -16.272200261   -8.094644144
   -1.745329252    0.349065850    8.286024903  -18.785925284   -9.120239900
   -1.570796327    0.349065850    5.227015276  -15.040237690   -9.488446121
   -1.396263402    0.349065850    3.477159954   -3.867269986   -8.797574714
   -1.221730476    0.349065850    4.196464353   12.610039384   -6.900022118
   -1.047197551    0.349065850    7.930001634   29.787815759   -4.053440141
   -0.872664626    0.349065850   14.348918923   42.587197307   -0.859641999
   -0.698131701    0.349065850   22.348958077   47.499251538    1.977878831
   -0.523598776    0.349065850   30.426554302   43.528899640    3.955426705
   -0.349065850    0.349065850   37.101493305   31.765706118    4.979896139
   -0.174532925    0.349065850   41.211482379   14.576324755    5.379589558
    0.000000000    0.349065850   42.073416998   -4.863976973    5.774208523
    0.174532925    0.349065850   39.619007700  -22.715784762    6.866743625
    0.349065850    0.349065850   34.507904648  -34.583506056    9.188782076
    0.523598776    0.349065850   28.152313876  -36.433159775   12.872835379
    0.698131701    0.349065850   22.516980606  -26.287191880   17.519413378
    0.872664626    0.349065850   19.620083393   -5.599237821   22.247900808
    1.047197551    0.349065850   20.909461477   20.649272915   25.986429029
    1.221730476    0.349065850   26.771341658   45.671616616   27.884090276
    1.396263402    0.349065850   36.426317284   63.290245671   27.615962286
    1.570796327    0.349065850   48.220919675   69.835077520   25.450874537
    1.745329252    0.349065850   60.126567955   64.703719271   22.057748426
    1.919862177    0.349065850   70.231961997   49.646194021   18.207908660
    2.094395102    0.349065850   77.064554437   27.760225326   14.519528255
    2.268928028    0.349065850   79.740657149    2.623364311   11.333833639
    2.443460953    0.349065850   78.003829431  -22.219128271    8.725374614
    2.617993878    0.349065850   72.202675713  -43.478144190    6.583672355
    2.792526803    0.349065850   63.229416041  -58.137395276    4.719166447
    2.967059728    0.349065850   52.438904284  -64.077422280    2.971125915

   -3.141592654    0.698131701   42.847486485  -62.890456808   -0.489230505
   -2.967059728    0.698131701   32.744108529  -51.899829826   -0.846766902
   -2.792526803    0.698131701   24.978192121  -36.851566102   -0.943301209
   -2.617993878    0.698131701   19.843820882  -22.528444551   -0.896683960
   -2.443460953    0.698131701   16.829228987  -13.083102489   -0.846551661
   -2.268928028    0.698131701   14.881234874  -10.348412391   -0.926081320
   -2.094395102    0.698131701   12.888163532  -13.164321057   -1.208778288
   -1.919862177    0.698131701   10.177509274  -17.802665187   -1.657255324
   -1.745329252    0.698131701    6.848853450  -19.475542418   -2.115662141
   -1.570796327    0.698131701    3.779484213  -14.399260024   -2.359544324
   -1.396263402    0.698131701    2.275486845   -1.694990009   -2.206158879
   -1.221730476    0.698131701    3.486930709   15.970977538   -1.614489459
   -1.047197551    0.698131701    7.851314931   33.484062914   -0.720231647
   -0.872664626    0.698131701   14.868382067   45.583128574    0.236575845
   -0.698131701    0.698131701   23.274032334   49.074776246    1.055747507
   -0.523598776    0.698131701   31.494430247   43.649760593    1.712015784
   -0.349065850    0.698131701   38.110903545   31.143974494    2.412806932
   -0.174532925    0.698131701   42.135953372   14.450585777    3.527356011
    0.000000000    0.698131701   43.119535324   -3.128801840    5.455395040
    0.174532925    0.698131701   41.209557273  -18.091250834    8.475044348
    0.349065850    0.698131701   37.185544753  -26.792207550   12.595260245
    0.523598776    0.698131701   32.420432030  -26.216823583   17.467743612
    0.698131701    0.698131701   28.659652340  -15.381883904   22.396049976
    0.872664626    0.698131701   27.562973333    3.737730447   26.478863684
    1.047197551    0.698131701   30.193207055   26.411040274   28.893362327
    1.221730476    0.698131701   36.662973133   46.809883203   29.190036737
    1.396263402    0.698131701   46.120078699   60.025759428   27.427074903
    1.570796327    0.698131701   57.046239409   63.412950092   24.103528072
    1.745329252    0.698131701   67.678982950   56.827640562   19.924588044
    1.919862177    0.698131701   76.399594045   41.877528409   15.563705991
    2.094395102    0.698131701   81.966053181   21.136957390   11.506919595
    2.268928028    0.698131701   83.620231027   -2.445837263    8.018502618
    2.443460953    0.698131701   81.128022134  -25.859819986    5.185343783
    2.617993878    0.698131701   74.785260740  -46.131172431    2.986445747
    2.792526803    0.698131701   65.396887017  -60.313603333    1.355254234
    2.967059728    0.698131701   54.234961186  -66.180676066    0.217829274

   -3.141592654    1.047197551   41.532562480  -62.656049809   -5.278495829
   -2.967059728    1.047197551   31.557818808  -50.712158263   -4.400734407
   -2.792526803    1.047197551   24.050323281  -35.152879955   -3.198815662
   -2.617993878    1.047197551   19.221129167  -20.801812284   -1.935777249
   -2.443460953    1.047197551   16.479537981  -11.729915994   -0.823357622
   -2.268928028    1.047197551   14.718414272   -9.574517865    0.014158458
   -2.094395102    1.047197551   12.809108544  -12.957230546    0.549365957
   -1.919862177    1.047197551   10.096337772  -17.998790780    0.820712674
   -1.745329252    1.047197551    6.713567409  -19.867149691    0.874540901
   -1.570796327    1.047197551    3.569648328  -14.850085946    0.726281479
   -1.396263402    1.047197551    1.984173402   -2.189209272    0.360764882
   -1.221730476    1.047197551    3.100891013   15.359264228   -0.214377134
   -1.047197551    1.047197551    7.343754275   32.695684305   -0.905743569
   -0.872664626    1.047197551   14.212445433   44.701096305   -1.504332187
   -0.698131701    1.047197551   22.478683290   48.436043333   -1.706745428
   -0.523598776    1.047197551   30.650811369   43.856230752   -1.180843391
   -0.349065850    1.047197551   37.431272461   32.940128425    0.360299192
   -0.174532925    1.047197551   41.958876597   18.500780981    3.079659026
    0.000000000    1.047197551   43.873129861    3.500955218    6.961362354
    0.174532925    1.047197551   43.332862279   -9.120720921   11.772305127
    0.349065850    1.047197551   41.017910770  -16.389729716   17.037228230
    0.523598776    1.047197551   38.086795717  -15.891417258   22.070122626
    0.698131701    1.047197551   35.989720089   -6.943836526   26.082878723
    0.872664626    1.047197551   36.082049151    8.708402782   28.372999217
    1.047197551    1.047197551   39.210366958   27.098176082   28.549570255
    1.221730476    1.047197551   45.433084351   43.406244695   26.669099609
    1.396263402    1.047197551   54.010878460   53.575883463   23.182158512
    1.570796327    1.047197551   63.647883738   55.322197582   18.743210223
    1.745329252    1.047197551   72.821110068   48.372413168   13.973968702
    1.919862177    1.047197551   80.100287382   33.915489030    9.332558754
    2.094395102    1.047197551   84.353922301   14.097034724    5.094219157
    2.268928028    1.047197551   84.872045087   -8.410413377    1.422028874
    2.443460953    1.047197551   81.436452673  -30.694443852   -1.565488450
    2.617993878    1.047197551   74.352764541  -49.765655968   -3.766160769
    2.792526803    1.047197551   64.440572153  -62.654258780   -5.105204428
    2.967059728    1.047197551   52.984947409  -67.178998372   -5.579577262

   -3.141592654    1.396263402   36.638921515  -61.276679900  -10.834786897
   -2.967059728    1.396263402   27.053793757  -47.710463945   -9.227597796
   -2.792526803    1.396263402   20.167220487  -31.153376580   -7.263257047
   -2.617993878    1.396263402   16.072328353  -16.494760691   -5.289823372
   -2.443460953    1.396263402   14.064184750   -7.713055618   -3.528764552
   -2.268928028    1.396263402   12.949957275   -6.219554599   -2.038181615
   -2.094395102    1.396263402   11.556060274  -10.418463010   -0.757839098
   -1.919862177    1.396263402    9.210590586  -16.344700273    0.375324145
   -1.745329252    1.396263402    6.031217318  -19.225974632    1.315477776
   -1.570796327    1.396263402    2.896127763  -15.430785476    1.892334861
   -1.396263402    1.396263402    1.093535146   -4.101261271    1.915728996
   -1.221730476    1.396263402    1.775921976   12.366626129    1.352878836
   -1.047197551    1.396263402    5.454543006   29.379219020    0.447999817
   -0.872664626    1.396263402   11.797943935   42.201382246   -0.309655988
   -0.698131701    1.396263402   19.788717098   47.965063875   -0.351109144
   -0.523598776    1.396263402   28.125778292   46.330675406    0.766846445
   -0.349065850    1.396263402   35.626929729   38.728578922    3.229616761
   -0.174532925    1.396263402   41.437747675   27.310533822    6.937390841
    0.000000000    1.396263402   45.089268594   14.394721334   11.542498361
    0.174532925    1.396263402   46.528115118    2.379250896   16.503041620
    0.349065850    1.396263402   46.143847612   -6.078685309   21.128526781
    0.523598776    1.396263402   44.777810385   -8.529808580   24.667960252
    0.698131701    1.396263402   43.609846454   -3.798508838   26.462728060
    0.872664626    1.396263402   43.850464990    7.294494361   26.140909121
    1.047197551    1.396263402   46.378963821   21.832857548   23.769224380
    1.221730476    1.396263402   51.448468862   35.719176074   19.842411991
    1.396263402    1.396263402   58.587899019   45.008911652   15.081780016
    1.570796327    1.396263402   66.736172043   46.945140397   10.166498855
    1.745329252    1.396263402   74.497828473   40.587463203    5.529199705
    1.919862177    1.396263402   80.466235934   26.644275620    1.335407781
    2.094395102    1.396263402   83.482239179    7.173513764   -2.412674009
    2.268928028    1.396263402   82.823174690  -14.936304784   -5.715671146
    2.443460953    1.396263402   78.306507678  -36.471865664   -8.483337055
    2.617993878    1.396263402   70.317596827  -54.253030816  -10.530200765
    2.792526803    1.396263402   59.771138465  -65.349438854  -11.647860173
    2.967059728    1.396263402   48.022282650  -67.802938167  -11.727839253

   -3.141592654    1.745329252   30.407718248  -58.667067378  -17.127431757
   -2.967059728    1.745329252   21.424063691  -43.556438801  -15.732871841
   -2.792526803    1.745329252   15.334834832  -26.318495083  -13.808980319
   -2.617993878    1.745329252   12.084550704  -11.759577072  -11.629763271
   -2.443460953    1.745329252   10.857442300   -3.544422397   -9.372632839
   -2.268928028    1.745329252   10.412627153   -2.710733665   -7.083537397
   -2.094395102    1.745329252    9.580728619   -7.472228394   -4.715094104
   -1.919862177    1.745329252    7.702657671  -13.962245952   -2.243069269
   -1.745329252    1.745329252    4.872487078  -17.680232724    0.212971556
   -1.570796327    1.745329252    1.903341828  -15.150153853    2.365889294
   -1.396263402    1.745329252    0.023157775   -5.270402544    3.886713118
   -1.221730476    1.745329252    0.402661695   10.187733047    4.621377079
   -1.047197551    1.745329252    3.692066365   27.317961960    4.750077221
   -0.872664626    1.745329252    9.791692264   41.703054098    4.757852204
   -0.698131701    1.745329252   17.922024138   50.211983838    5.228753167
   -0.523598776    1.745329252   26.930382317   51.780190327    6.589424076
   -0.349065850    1.745329252   35.640347507   46.997809379    8.945148374
   -0.174532925    1.745329252   43.065355513   37.310200865   12.071316698
    0.000000000    1.745329252   48.503822785   24.593174603   15.491261512
    0.174532925    1.745329252   51.616295853   11.068151094   18.582129976
    0.349065850    1.745329252   52.499002672   -0.488919133   20.674812364
    0.523598776    1.745329252   51.750736257   -7.160364536   21.186916407
    0.698131701    1.745329252   50.424499082   -6.938379470   19.792693601
    0.872664626    1.745329252   49.769990105    0.381678295   16.578967519
    1.047197551    1.745329252   50.872743690   12.704853116   12.077530237
    1.221730476    1.745329252   54.288089035   26.166088280    7.097629485
    1.396263402    1.745329252   59.827249232   36.382251198    2.410738055
    1.570796327    1.745329252   66.594356783   39.752017508   -1.527443155
    1.745329252    1.745329252   73.210240760   34.562240217   -4.678916643
    1.919862177    1.745329252   78.183461783   21.159518243   -7.296763221
    2.094395102    1.745329252   80.249972259    1.736258092   -9.697529630
    2.268928028    1.745329252   78.638112949  -20.371626957  -12.049402427
    2.443460953    1.745329252   73.202244706  -41.454148527  -14.292653875
    2.617993878    1.745329252   64.436305915  -58.023862686  -16.181183470
    2.792526803    1.745329252   53.389851920  -67.192947457  -17.402508878
    2.967059728    1.745329252   41.517204031  -67.346074958  -17.734087980

   -3.141592654    2.094395102   23.378889031  -57.146217216  -18.618984001
   -2.967059728    2.094395102   14.783644425  -40.706606999  -17.314127491
   -2.792526803    2.094395102    9.271148846  -22.652457189  -15.403549024
   -2.617993878    2.094395102    6.699003259   -7.715680059  -13.113343794
   -2.443460953    2.094395102    6.192804162    0.653256564  -10.590285107
   -2.268928028    2.094395102    6.494601318    1.659739079   -7.856285711
   -2.094395102    2.094395102    6.449401308   -2.819161424   -4.837804028
   -1.919862177    2.094395102    5.408015693   -9.063831294   -1.485239299
   -1.745329252    2.094395102    3.431922353  -12.882387386    2.087755714
   -1.570796327    2.094395102    1.251247696  -11.019213971    5.555887105
   -1.396263402    2.094395102    0.000000000   -2.248753934    8.497848552
   -1.221730476    2.094395102    0.810394145   12.152682284   10.621425047
   -1.047197551    2.094395102    4.395278786   28.879026531   11.943148370
   -0.872664626    2.094395102   10.802928201   43.833225925   12.781808384
   -0.698131701    2.094395102   19.416512446   53.717026257   13.563725428
   -0.523598776    2.094395102   29.178398062   56.884248541   14.577666745
   -0.349065850    2.094395102   38.890951949   53.249924833   15.824308468
   -0.174532925    2.094395102   47.437189465   43.703119221   17.033323176
    0.000000000    2.094395102   53.910254713   29.824458076   17.764328981
    0.174532925    2.094395102   57.737103538   13.806955859   17.531516356
    0.349065850    2.094395102   58.799356541   -1.310017944   15.926398920
    0.523598776    2.094395102   57.556313010  -12.012588481   12.757980030
    0.698131701    2.094395102   55.054212708  -15.397842964    8.190370980
    0.872664626    2.094395102   52.701932556  -10.315726616    2.800832649
    1.047197551    2.094395102   51.882505205    1.711287399   -2.542202414
    1.221730476    2.094395102   53.489252190   16.682962663   -6.981981280
    1.396263402    2.094395102   57.585758884   29.413938093  -10.012752903
    1.570796327    2.094395102   63.358392947   35.233898334  -11.657785548
    1.745329252    2.094395102   69.338851496   31.619805515  -12.388868841
    1.919862177    2.094395102   73.853200212   18.674517924  -12.850033087
    2.094395102    2.094395102   75.462042298   -1.100791069  -13.558427960
    2.268928028    2.094395102   73.303459952  -23.771355778  -14.719606649
    2.443460953    2.094395102   67.248586919  -45.039877676  -16.214580174
    2.617993878    2.094395102   57.890963736  -61.073439778  -17.703401302
    2.792526803    2.094395102   46.410921149  -69.000320732  -18.779335879
    2.967059728    2.094395102   34.364325779  -67.489390972  -19.129277919

   -3.141592654    2.443460953   17.154793029  -56.330955107  -12.528289029
   -2.967059728    2.443460953    8.817238452  -38.601369370  -11.237044712
   -2.792526803    2.443460953    3.770507637  -19.471103757   -9.546674085
   -2.617993878    2.443460953    1.831274409   -3.679922414   -7.589784526
   -2.443460953    2.443460953    2.094681920    5.424556286   -5.416373003
   -2.268928028    2.443460953    3.295141550    7.193853374   -2.960420146
   -2.094395102    2.443460953    4.288911209    3.553374554   -0.068814049
   -1.919862177    2.443460953    4.429423044   -1.936527871    3.387688495
   -1.745329252    2.443460953    3.736069564   -5.416214146    7.368391628
   -1.570796327    2.443460953    2.838604082   -3.917426826   11.578263427
   -1.396263402    2.443460953    2.743512559    3.793867121   15.533777908
   -1.221730476    2.443460953    4.489456732   16.811570170   18.753116750
   -1.047197551    2.443460953    8.778104829   32.348934903   20.956069526
   -0.872664626    2.443460953   15.724537478   46.625916540   22.134673383
   -0.698131701    2.443460953   24.799573017   56.255740892   22.456925745
   -0.523598776    2.443460953   34.985720121   59.157880042   22.095245526
   -0.349065850    2.443460953   45.039830002   54.770779413   21.094307063
   -0.174532925    2.443460953   53.728451142   43.665637301   19.362972675
    0.000000000    2.443460953   59.996695517   27.380065950   16.734523251
    0.174532925    2.443460953   63.139426228    8.336535232   13.057082553
    0.349065850    2.443460953   62.968264222   -9.941109754    8.295266648
    0.523598776    2.443460953   59.978197510  -23.230772442    2.638169499
    0.698131701    2.443460953   55.385587536  -27.838051821   -3.425506164
    0.872664626    2.443460953   50.892445767  -22.060993766   -9.133727172
    1.047197551    2.443460953   48.223664522   -7.460010151  -13.649419565
    1.221730476    2.443460953   48.544762478   11.223523629  -16.372536962
    1.396263402    2.443460953   52.018607506   27.640148509  -17.190485073
    1.570796327    2.443460953   57.729175345   36.061863278  -16.520993108
    1.745329252    2.443460953   63.964863644   33.454237466  -15.106266005
    1.919862177    2.443460953   68.778411894   20.079777278  -13.700745837
    2.094395102    2.443460953   70.528813155   -0.947930884  -12.806423117
    2.268928028    2.443460953   68.274750526  -24.972204144  -12.569871616
    2.443460953    2.443460953   61.923017578  -47.126637011  -12.833322061
    2.617993878    2.443460953   52.177177784  -63.294952267  -13.265963808
    2.792526803    2.443460953   40.351695623  -70.627652269  -13.508364218
    2.967059728    2.443460953   28.113372165  -68.003922554  -13.299127626

   -3.141592654    2.792526803   14.479631342  -55.078618817    1.237856753
   -2.967059728    2.792526803    6.399630955  -36.918133781    2.783722986
   -2.792526803    2.792526803    1.682621093  -17.383888864    4.195967384
   -2.617993878    2.792526803    0.146973906   -1.125736684    5.485192546
   -2.443460953    2.792526803    0.910452286    8.639256632    6.789522081
   -2.268928028    2.792526803    2.752146308   11.378744141    8.350576150
   -2.094395102    2.792526803    4.585829466    9.033768000   10.442167531
   -1.919862177    2.792526803    5.808910295    4.982219676   13.256581621
   -1.745329252    2.792526803    6.434126471    2.689334860   16.778806603
   -1.570796327    2.792526803    7.006694741    4.666660197   20.709432523
   -1.396263402    2.792526803    8.379973508   11.858575675   24.513776728
   -1.221730476    2.792526803   11.416766301   23.397939875   27.583168949
   -1.047197551    2.792526803   16.676772707   36.822946354   29.436505396
   -0.872664626    2.792526803   24.199085754   48.736310305   29.840864573
   -0.698131701    2.792526803   33.433528569   55.978356518   28.801532436
   -0.523598776    2.792526803   43.362225824   56.474147623   26.462213482
   -0.349065850    2.792526803   52.732640572   49.601326531   22.996495496
   -0.174532925    2.792526803   60.295831269   35.935536658   18.570817811
    0.000000000    2.792526803   64.995886289   17.174965615   13.350746266
    0.174532925    2.792526803   66.168460164   -3.936916788    7.527116864
    0.349065850    2.792526803   63.731895618  -23.444540792    1.366953063
    0.523598776    2.792526803   58.368134755  -36.671488403   -4.734682010
    0.698131701    2.792526803   51.551364391  -39.590262093  -10.233678981
    0.872664626    2.792526803   45.271371185  -30.536697218  -14.503224987
    1.047197551    2.792526803   41.489402318  -11.635040415  -17.023153251
    1.221730476    2.792526803   41.467258632   11.390079237  -17.606575602
    1.396263402    2.792526803   45.281758265   31.149222270  -16.505751749
    1.570796327    2.792526803   51.778545992   41.282582737  -14.325384363
    1.745329252    2.792526803   58.951238160   38.736147614  -11.766740513
    1.919862177    2.792526803   64.603265218   24.283289630   -9.379818452
    2.094395102    2.792526803   66.956248731    1.746465425   -7.421387063
    2.268928028    2.792526803   65.049469250  -23.619519974   -5.875420277
    2.443460953    2.792526803   58.852352838  -46.612548919   -4.565359041
    2.617993878    2.792526803   49.164909618  -63.052305256   -3.285889454
    2.792526803    2.792526803   37.391516208  -70.224609793   -1.893100025
    2.967059728    2.792526803   25.257366487  -67.206523358   -0.360423426
