#! FIELDS phi psi file.free der_phi der_psi
#! SET min_phi -pi
#! SET max_phi pi
#! SET nbins_phi  36
#! SET periodic_phi true
#! SET min_psi -pi
#! SET max_psi pi
#! SET nbins_psi  18
#! SET periodic_psi true
   -3.141592654   -3.141592654   18.334112134  -52.733044984   13.882492734
   -2.967059728   -3.141592654   10.418474415  -37.176244812   16.104065025
   -2.792526803   -3.141592654    5.527320727  -18.822267102   17.798288293
   -2.617993878   -3.141592654    3.751308159   -2.186031093   18.930398276
   -2.443460953   -3.141592654    4.451768044    9.139951286   19.688712051
   -2.268928028   -3.141592654    6.559465738   13.973344722   20.423458506
   -2.094395102   -3.141592654    9.029083993   13.693352818   21.500899833
   -1.919862177   -3.141592654   11.216880021   11.293718947   23.135003640
   -1.745329252   -3.141592654   13.036166775    9.935415344   25.274174178
   -1.570796327   -3.141592654   14.877305109   11.769356252   27.572283153
   -1.396263402   -3.141592654   17.374687905   17.409435695   29.476171710
   -1.221730476   -3.141592654   21.129948799   25.868390346   30.395720073
   -1.047197551   -3.141592654   26.456378347   34.991329107   29.905072058
   -0.872664626   -3.141592654   33.237301229   42.083161977   27.874746666
   -0.698131701   -3.141592654   40.908102738   44.866642905   24.488362494
   -0.523598776   -3.141592654   48.586008467   42.057984544   20.141283588
   -0.349065850   -3.141592654   55.269591239   33.553302809   15.277036028
   -0.174532925   -3.141592654   60.022557944   20.109795213   10.259830792
    0.000000000   -3.141592654   62.101057443    3.229695145    5.310721631
    0.174532925   -3.141592654   61.094504828  -14.774917755    0.515448539
    0.349065850   -3.141592654   57.090716684  -30.453748603   -4.075066101
    0.523598776   -3.141592654   50.859235464  -39.567396945   -8.319351448
    0.698131701   -3.141592654   43.888682280  -38.480025417  -11.909789402
    0.872664626   -3.141592654   38.107023381  -26.064987152  -14.412207518
    1.047197551   -3.141592654   35.304153392   -5.133893896  -15.448093213
    1.221730476   -3.141592654   36.456235760   18.045260775  -14.903266761
    1.396263402   -3.141592654   41.307190941   36.142878794  -13.006985828
    1.570796327   -3.141592654   48.453425632   43.727485455  -10.243229013
    1.745329252   -3.141592654   55.857320102   39.176132554   -7.139861396
    1.919862177   -3.141592654   61.533585027   24.493234625   -4.094176687
    2.094395102   -3.141592654   64.056412495    3.796588871   -1.289885211
    2.268928028   -3.141592654   62.767614222  -18.488035091    1.272775187
    2.443460953   -3.141592654   57.726696328  -38.662282467    3.706322873
    2.617993878   -3.141592654   49.561407660  -53.889417383    6.151151140
    2.792526803   -3.141592654   39.334974126  -62.008034410    8.702980208
    2.967059728   -3.141592654   28.421996881  -61.633131613   11.334818468

   -3.141592654   -2.792526803   24.794741241  -48.018789225   21.116897887
   -2.967059728   -2.792526803   17.584824202  -33.864842523   23.287740441
   -2.792526803   -2.792526803   13.136954420  -17.045848125   24.643461189
   -2.617993878   -2.792526803   11.555429744   -1.650750386   25.286329366
   -2.443460953   -2.792526803   12.288072565    9.102372957   25.531510533
   -2.268928028   -2.792526803   14.398023448   14.165628507   25.795170805
   -2.094395102   -2.792526803   16.970846060   14.763149538   26.420364982
   -1.919862177   -2.792526803   19.444242297   13.502902720   27.526337612
   -1.745329252   -2.792526803   21.734010786   13.035117246   28.950343664
   -1.570796327   -2.792526803   24.142585354   15.016501197   30.280169656
   -1.396263402   -2.792526803   27.142130852   19.724388730   30.976326109
   -1.221730476   -2.792526803   31.136015412   26.126054207   30.529727595
   -1.047197551   -2.792526803   36.263200153   32.366319140   28.627771851
   -0.872664626   -2.792526803   42.310721359   36.327141128   25.250228178
   -0.698131701   -2.792526803   48.726717012   36.369112897   20.672450032
   -0.523598776   -2.792526803   54.742091855   31.681518651   15.365778141
   -0.349065850   -2.792526803   59.527014353   22.353728684    9.840419741
   -0.174532925   -2.792526803   62.324995625    9.060038344    4.513359805
    0.000000000   -2.792526803   62.541241966   -6.962218793   -0.353857321
    0.174532925   -2.792526803   59.863868250  -23.665652076   -4.649694642
    0.349065850   -2.792526803   54.442567355  -37.751897163   -8.321187724
    0.523598776   -2.792526803   47.096521451  -44.979810365  -11.277883457
    0.698131701   -2.792526803   39.370284396  -41.659207682  -13.347149316
    0.872664626   -2.792526803   33.247979110  -26.750282208  -14.317891190
    1.047197551   -2.792526803   30.541641476   -3.373515122  -14.073147083
    1.221730476   -2.792526803   32.183038685   21.795688319  -12.699233713
    1.396263402   -2.792526803   37.808863240   41.145052192  -10.475016165
    1.570796327   -2.792526803   45.883426314   49.264434690   -7.755223184
    1.745329252   -2.792526803   54.264504207   44.787718839   -4.819233524
    1.919862177   -2.792526803   60.915156001   30.047930767   -1.800216459
    2.094395102   -2.792526803   64.408066406    9.376632009    1.298231197
    2.268928028   -2.792526803   64.106108062  -12.743015763    4.523513041
    2.443460953   -2.792526803   60.089228283  -32.676633056    7.904574943
    2.617993878   -2.792526803   52.987347977  -47.712979762   11.408203629
    2.792526803   -2.792526803   43.840809987  -55.875276477   14.923787772
    2.967059728   -2.792526803   33.967183184  -55.954226350   18.248496765

   -3.141592654   -2.443460953   32.219311097  -43.212524254   20.168440019
   -2.967059728   -2.443460953   25.720528172  -30.558353202   21.935613480
   -2.792526803   -2.443460953   21.718237845  -15.211397691   23.006592071
   -2.617993878   -2.443460953   20.355777328   -0.878916348   23.490920318
   -2.443460953   -2.443460953   21.179135616    9.490338954   23.622852684
   -2.268928028   -2.443460953   23.372886811   14.830317147   23.680616302
   -2.094395102   -2.443460953   26.114439383   16.051604921   23.863859814
   -1.919862177   -2.443460953   28.860992045   15.284043699   24.193817194
   -1.745329252   -2.443460953   31.463358009   14.707296845   24.492434054
   -1.570796327   -2.443460953   34.089786217   15.684772495   24.431707751
   -1.396263402   -2.443460953   37.049303152   18.459255842   23.645514985
   -1.221730476   -2.443460953   40.600178140   22.248622980   21.844502989
   -1.047197551   -2.443460953   44.802852212   25.675933097   18.920095179
   -0.872664626   -2.443460953   49.460519130   27.210516351   14.983095871
   -0.698131701   -2.443460953   54.133307230   25.695449243   10.340996884
   -0.523598776   -2.443460953   58.228682495   20.548822251    5.411561654
   -0.349065850   -2.443460953   61.105464449   11.774844254    0.607119250
   -0.174532925   -2.443460953   62.158787158   -0.257686054   -3.757259239
    0.000000000   -2.443460953   60.883514194  -14.707124849   -7.498294812
    0.174532925   -2.443460953   56.994046709  -29.809958449  -10.557227502
    0.349065850   -2.443460953   50.634350029  -42.353881915  -12.927127913
    0.523598776   -2.443460953   42.620768013  -47.998988658  -14.582312342
    0.698131701   -2.443460953   34.517517186  -42.914308455  -15.443936107
    0.872664626   -2.443460953   28.341868025  -26.079771205  -15.411936783
    1.047197551   -2.443460953   25.917101610   -0.846431088  -14.459241400
    1.221730476   -2.443460953   28.135730928   25.804553816  -12.698374541
    1.396263402   -2.443460953   34.550426642   46.083523287  -10.355124146
    1.570796327   -2.443460953   43.531669357   54.653112040   -7.672431107
    1.745329252   -2.443460953   52.873639663   50.389189263   -4.809242116
    1.919862177   -2.443460953   60.520217055   35.869792317   -1.815694231
    2.094395102   -2.443460953   65.057283174   15.534161351    1.327537281
    2.268928028   -2.443460953   65.865352369   -6.184830695    4.633732292
    2.443460953   -2.443460953   63.024776543  -25.788519588    8.061091594
    2.617993878   -2.443460953   57.139092688  -40.718953520   11.499781034
    2.792526803   -2.443460953   49.197200321  -49.148039192   14.790233016
    2.967059728   -2.443460953   40.442675795  -49.960029569   17.743194341

   -3.141592654   -2.094395102   38.040719390  -39.875809515   12.898849511
   -2.967059728   -2.094395102   32.036415077  -28.238370282   13.795066497
   -2.792526803   -2.094395102   28.354724255  -13.835050987   14.382061539
   -2.617993878   -2.094395102   27.165280256   -0.226352298   14.734419086
   -2.443460953   -2.094395102   28.062808267    9.742357570   14.921386226
   -2.268928028   -2.094395102   30.286155387   14.949990240   14.992183546
   -2.094395102   -2.094395102   33.042604352   16.086274520   14.941392956
   -1.919862177   -2.094395102   35.771100235   14.979313833   14.680974013
   -1.745329252   -2.094395102   38.255072046   13.562758473   14.049590642
   -1.570796327   -2.094395102   40.566793873   13.141237298   12.856968790
   -1.396263402   -2.094395102   42.928096489   14.106565497   10.960915123
   -1.221730476   -2.094395102   45.550806853   15.991953668    8.327286566
   -1.047197551   -2.094395102   48.512247347   17.795819451    5.066420694
   -0.872664626   -2.094395102   51.696209040   18.334539144    1.417836956
   -0.698131701   -2.094395102   54.791389166   16.644687427   -2.302214476
   -0.523598776   -2.094395102   57.351831593   12.145918031   -5.779025086
   -0.349065850   -2.094395102   58.865116117    4.639654354   -8.778069909
   -0.174532925   -2.094395102   58.807912850   -5.818012819  -11.194957220
    0.000000000   -2.094395102   56.698832661  -18.725803573  -13.052122288
    0.174532925   -2.094395102   52.224000563  -32.541897437  -14.463950037
    0.349065850   -2.094395102   45.477483758  -44.083246329  -15.550555944
    0.523598776   -2.094395102   37.238499539  -48.848626649  -16.356073401
    0.698131701   -2.094395102   29.069422816  -42.780909698  -16.801988303
    0.872664626   -2.094395102   23.016931415  -24.764033121  -16.715500415
    1.047197551   -2.094395102   20.933587647    1.752071694  -15.931646206
    1.221730476   -2.094395102   23.711366625   29.576832792  -14.398455730
    1.396263402   -2.094395102   30.867635006   50.753919408  -12.204721582
    1.570796327   -2.094395102   40.720660886   59.925837146   -9.534732093
    1.745329252   -2.094395102   51.019999588   56.054417411   -6.586665737
    1.919862177   -2.094395102   59.681472963   41.811952636   -3.520250130
    2.094395102   -2.094395102   65.274041670   21.663193524   -0.448416187
    2.268928028   -2.094395102   67.159402964   -0.002346352    2.533635268
    2.443460953   -2.094395102   65.389481213  -19.745193279    5.326248021
    2.617993878   -2.094395102   60.530463420  -35.041900582    7.824734308
    2.792526803   -2.094395102   53.531288878  -44.068637060    9.941526651
    2.967059728   -2.094395102   45.597826729  -45.682793428   11.632706193

   -3.141592654   -1.745329252   40.217377946  -39.135287864    5.615756161
   -2.967059728   -1.745329252   34.330335279  -27.606966690    5.745791881
   -2.792526803   -1.745329252   30.761118936  -13.172223367    5.861553809
   -2.617993878   -1.745329252   29.687921557    0.419863787    5.967589569
   -2.443460953   -1.745329252   30.683760973   10.183527991    5.969472073
   -2.268928028   -1.745329252   32.946004286   14.903735991    5.714384728
   -2.094395102   -1.745329252   35.627180732   15.210243711    5.032076472
   -1.919862177   -1.745329252   38.103556205   12.909783143    3.777340921
   -1.745329252   -1.745329252   40.099155655    9.998973172    1.879185253
   -1.570796327   -1.745329252   41.649100086    7.987391953   -0.614583496
   -1.396263402   -1.745329252   42.985326901    7.584455819   -3.513594711
   -1.221730476   -1.745329252   44.388924296    8.670341706   -6.524353154
   -1.047197551   -1.745329252   46.060536854   10.486591495   -9.332580529
   -0.872664626   -1.745329252   48.034032198   11.908669586  -11.690318802
   -0.698131701   -1.745329252   50.137105380   11.795350013  -13.460102916
   -0.523598776   -1.745329252   52.016730551    9.222630268  -14.611844544
   -0.349065850   -1.745329252   53.185058720    3.568619536  -15.198832882
   -0.174532925   -1.745329252   53.072515917   -5.472969368  -15.344102833
    0.000000000   -1.745329252   51.098992777  -17.637292519  -15.232778962
    0.174532925   -1.745329252   46.826759526  -31.410427260  -15.093911359
    0.349065850   -1.745329252   40.241761556  -43.416350336  -15.129859709
    0.523598776   -1.745329252   32.066795551  -48.762249495  -15.421962605
    0.698131701   -1.745329252   23.883378717  -42.944944852  -15.856246625
    0.872664626   -1.745329252   17.824491609  -24.560443267  -16.140599402
    1.047197551   -1.745329252   15.855188530    2.935629374  -15.923962182
    1.221730476   -1.745329252   18.953631995   32.085254435  -14.956394082
    1.396263402   -1.745329252   26.664268071   54.557585736  -13.182741697
    1.570796327   -1.745329252   37.272236432   64.695083791  -10.744598002
    1.745329252   -1.745329252   48.455901075   61.332400356   -7.902041997
    1.919862177   -1.745329252   58.050710250   47.153657810   -4.942681766
    2.094395102   -1.745329252   64.554339691   26.699975316   -2.118581636
    2.268928028   -1.745329252   67.270919613    4.439395082    0.373975592
    2.443460953   -1.745329252   66.208350799  -16.114033445    2.399469728
    2.617993878   -1.745329252   61.903305250  -32.336797377    3.888462057
    2.792526803   -1.745329252   55.297111700  -42.255970140    4.848160108
    2.967059728   -1.745329252   47.617163068  -44.566167548    5.374114653

   -3.141592654   -1.396263402   40.035161576  -40.089074819    1.806340183
   -2.967059728   -1.396263402   34.004033966  -28.278388256    1.317755744
   -2.792526803   -1.396263402   30.348163532  -13.519345365    0.812549706
   -2.617993878   -1.396263402   29.224306079    0.115403387    0.316954512
   -2.443460953   -1.396263402   30.135723597    9.431128129   -0.260522506
   -2.268928028   -1.396263402   32.187913064   13.167056367   -1.107312479
   -2.094395102   -1.396263402   34.448187030   12.073735185   -2.460687934
   -1.919862177   -1.396263402   36.240953934    8.216641820   -4.521405750
   -1.745329252   -1.396263402   37.293729949    3.957520294   -7.344430956
   -1.570796327   -1.396263402   37.713914090    1.219257966  -10.749492744
   -1.396263402   -1.396263402   37.871721076    1.021855878  -14.313470089
   -1.221730476   -1.396263402   38.221203500    3.310357813  -17.485069508
   -1.047197551   -1.396263402   39.120041300    7.081034820  -19.772376096
   -0.872664626   -1.396263402   40.696013779   10.766660750  -20.899285945
   -0.698131701   -1.396263402   42.787819732   12.746846251  -20.855678817
   -0.523598776   -1.396263402   44.981276365   11.765682898  -19.845071690
   -0.349065850   -1.396263402   46.683930233    7.034321833  -18.193680755
   -0.174532925   -1.396263402   47.204831170   -1.796340291  -16.278231742
    0.000000000   -1.396263402   45.840794075  -14.440803453  -14.479304180
    0.174532925   -1.396263402   42.040492016  -29.280911495  -13.130932625
    0.349065850   -1.396263402   35.706828717  -42.692268973  -12.439645644
    0.523598776   -1.396263402   27.538378506  -49.359876340  -12.404898781
    0.698131701   -1.396263402   19.174436905  -44.293118862  -12.786024513
    0.872664626   -1.396263402   12.880603393  -25.747672949  -13.172778156
    1.047197551   -1.396263402   10.787317983    2.823824978  -13.138882993
    1.221730476   -1.396263402   14.007125670   33.634285661  -12.410087280
    1.396263402   -1.396263402   22.142142052   57.831913347  -10.945006860
    1.570796327   -1.396263402   33.444981286   69.277329092   -8.909177367
    1.745329252   -1.396263402   45.493586455   66.529122097   -6.576907443
    1.919862177   -1.396263402   55.995238787   52.226116475   -4.225974349
    2.094395102   -1.396263402   63.327785386   31.034629559   -2.078140345
    2.268928028   -1.396263402   66.705611301    7.629948018   -0.287445952
    2.443460953   -1.396263402   66.085537661  -14.243144841    1.050240843
    2.617993878   -1.396263402   61.994360943  -31.731049431    1.890099868
    2.792526803   -1.396263402   55.402919817  -42.632136341    2.237248984
    2.967059728   -1.396263402   47.604669802  -45.480542822    2.167224346

   -3.141592654   -1.047197551   38.097108212  -42.884823077    2.537231840
   -2.967059728   -1.047197551   31.597628724  -30.789204475    1.301395417
   -2.792526803   -1.047197551   27.550926519  -15.465172896   -0.224727815
   -2.617993878   -1.047197551   26.136818464   -1.301182008   -1.893183845
   -2.443460953   -1.047197551   26.822600987    8.178720035   -3.643475579
   -2.268928028   -1.047197551   28.627713944   11.479561029   -5.547569033
   -2.094395102   -1.047197551   30.508879292    9.326126333   -7.794927585
   -1.919862177   -1.047197551   31.698675199    4.027358867  -10.580072538
   -1.745329252   -1.047197551   31.898943913   -1.551129434  -13.933670865
   -1.570796327   -1.047197551   31.292744195   -4.861875742  -17.586343108
   -1.396263402   -1.047197551   30.425130941   -4.424685066  -20.975949234
   -1.221730476   -1.047197551   29.972781654   -0.245108415  -23.428402907
   -1.047197551   -1.047197551   30.481456349    6.248535680  -24.428093029
   -0.872664626   -1.047197551   32.165602428   12.797441060  -23.813861542
   -0.698131701   -1.047197551   34.827890691   17.117233946  -21.805216562
   -0.523598776   -1.047197551   37.922648447   17.544439449  -18.883342792
   -0.349065850   -1.047197551   40.678525533   13.145031590  -15.617000546
   -0.174532925   -1.047197551   42.219582981    3.620436187  -12.525229784
    0.000000000   -1.047197551   41.677850172  -10.554940889   -9.996019533
    0.174532925   -1.047197551   38.382145289  -27.434162643   -8.228137898
    0.349065850   -1.047197551   32.187236133  -42.907359176   -7.201914147
    0.523598776   -1.047197551   23.837505360  -51.091781961   -6.699404029
    0.698131701   -1.047197551   15.111219924  -46.532664930   -6.388333863
    0.872664626   -1.047197551    8.468170120  -27.339899170   -5.962206208
    1.047197551   -1.047197551    6.222705384    2.765761488   -5.257792004
    1.221730476   -1.047197551    9.595435185   35.436144555   -4.290168522
    1.396263402   -1.047197551   18.190943876   61.211940919   -3.184870083
    1.570796327   -1.047197551   30.173083001   73.541660798   -2.071372643
    1.745329252   -1.047197551   42.984864151   70.877268403   -1.013797171
    1.919862177   -1.047197551   54.202240829   55.982624265   -0.004845848
    2.094395102   -1.047197551   62.105171392   33.759692631    0.981627596
    2.268928028   -1.047197551   65.851762944    9.109945434    1.935618015
    2.443460953   -1.047197551   65.377113852  -14.048856230    2.782299284
    2.617993878   -1.047197551   61.213029096  -32.742128871    3.392818115
    2.792526803   -1.047197551   54.355122316  -44.629690910    3.613698409
    2.967059728   -1.047197551   46.147712517  -48.114735194    3.337085078

   -3.141592654   -0.698131701   37.933979079  -46.276611244    2.559507786
   -2.967059728   -0.698131701   30.770322006  -34.934580593    0.682351235
   -2.792526803   -0.698131701   25.967795665  -19.901496610   -1.682801701
   -2.617993878   -0.698131701   23.782669651   -5.657051601   -4.280554631
   -2.443460953   -0.698131701   23.724125844    3.992313756   -6.919470693
   -2.268928028   -0.698131701   24.796826082    7.209031843   -9.563448396
   -2.094395102   -0.698131701   25.893705977    4.540932110  -12.327872183
   -1.919862177   -0.698131701   26.181480494   -1.530161807  -15.346659269
   -1.745329252   -0.698131701   25.359748675   -7.601035462  -18.579737050
   -1.570796327   -0.698131701   23.718988490  -10.464127878  -21.676794269
   -1.396263402   -0.698131701   22.007942237   -8.257803555  -24.023519005
   -1.221730476   -0.698131701   21.128184643   -1.161818875  -24.974121866
   -1.047197551   -0.698131701   21.770548940    8.698731655  -24.156539744
   -0.872664626   -0.698131701   24.151056918   18.186935852  -21.655900493
   -0.698131701   -0.698131701   27.933693223   24.340389521  -17.980763701
   -0.523598776   -0.698131701   32.350457966   25.237602328  -13.861537178
   -0.349065850   -0.698131701   36.397616269   20.065208067   -9.995933075
   -0.174532925   -0.698131701   39.012620606    8.893864650   -6.864181345
    0.000000000   -0.698131701   39.216954317   -7.298847864   -4.641953014
    0.174532925   -0.698131701   36.321636979  -26.030702196   -3.181282437
    0.349065850   -0.698131701   30.254071039  -42.719414880   -2.093596606
    0.523598776   -0.698131701   21.897076296  -51.216907825   -0.922134238
    0.698131701   -0.698131701   13.185277010  -46.143070346    0.638051379
    0.872664626   -0.698131701    6.691707777  -26.003437816    2.569033002
    1.047197551   -0.698131701    4.759820960    4.954961448    4.530480782
    1.221730476   -0.698131701    8.556787366   38.005571227    6.047195787
    1.396263402   -0.698131701   17.594243179   63.624599455    6.771265175
    1.570796327   -0.698131701   29.958233235   75.471483406    6.660133263
    1.745329252   -0.698131701   43.061234274   72.300766441    5.970302500
    1.919862177   -0.698131701   54.494312426   57.065931675    5.108281592
    2.094395102   -0.698131701   62.569702675   34.671752474    4.435307205
    2.268928028   -0.698131701   66.463912586    9.876859825    4.134807947
    2.443460953   -0.698131701   66.099154456  -13.595665983    4.172999131
    2.617993878   -0.698131701   61.964215738  -32.927951760    4.336154942
    2.792526803   -0.698131701   54.994010021  -45.781611601    4.302223955
    2.967059728   -0.698131701   46.485848327  -50.424681131    3.770006078

   -3.141592654   -0.349065850   38.672311238  -50.001245063    3.077881136
   -2.967059728   -0.349065850   30.736604721  -39.972699554    0.886674784
   -2.792526803   -0.349065850   24.980183829  -25.677670132   -1.896231586
   -2.617993878   -0.349065850   21.768620596  -11.551725075   -4.955571891
   -2.443460953   -0.349065850   20.700006752   -1.656080415   -8.023935112
   -2.268928028   -0.349065850   20.809782368    1.794535397  -10.990159092
   -2.094395102   -0.349065850   20.965370747   -0.867937112  -13.885604386
   -1.919862177   -0.349065850   20.301153382   -7.007705007  -16.739986667
   -1.745329252   -0.349065850   18.544749965  -12.707910672  -19.402664874
   -1.570796327   -0.349065850   16.115307113  -14.191473283  -21.456066410
   -1.396263402   -0.349065850   13.963018776   -9.392589601  -22.325531195
   -1.221730476   -0.349065850   13.175945443    1.110764977  -21.540800167
   -1.047197551   -0.349065850   14.514795585   14.314504887  -19.013060121
   -0.872664626   -0.349065850   18.099964906   26.144979257  -15.137916494
   -0.698131701   -0.349065850   23.364325379   33.072709223  -10.666554400
   -0.523598776   -0.349065850   29.256492638   33.167878300   -6.431348026
   -0.349065850   -0.349065850   34.531023176   26.062442979   -3.054974795
   -0.174532925   -0.349065850   37.987654118   12.525418384   -0.778054768
    0.000000000   -0.349065850   38.639350930   -5.689728129    0.583084603
    0.174532925   -0.349065850   35.916645856  -25.459192525    1.571493889
    0.349065850   -0.349065850   29.952797007  -41.893738911    2.879752965
    0.523598776   -0.349065850   21.845508068  -49.060964534    5.047275275
    0.698131701   -0.349065850   13.658717065  -42.322814975    8.164986933
    0.872664626   -0.349065850    7.939782988  -21.137461493   11.747808739
    1.047197551   -0.349065850    6.857591794    9.578463233   14.907395735
    1.221730476   -0.349065850   11.342657709   41.081943357   16.762241218
    1.396263402   -0.349065850   20.726222233   64.471976997   16.848939755
    1.570796327   -0.349065850   33.051832618   74.282424735   15.309481942
    1.745329252   -0.349065850   45.829255704   69.935521122   12.769979846
    1.919862177   -0.349065850   56.823515552   54.570703252   10.032083874
    2.094395102   -0.349065850   64.512227723   32.829003010    7.757209979
    2.268928028   -0.349065850   68.166361850    8.969472424    6.281284549
    2.443460953   -0.349065850   67.710284046  -13.809250454    5.583870057
    2.617993878   -0.349065850   63.554839064  -33.084537913    5.361257976
    2.792526803   -0.349065850   56.507140895  -46.639246574    5.145572518
    2.967059728   -0.349065850   47.740207952  -52.599376629    4.482237444

   -3.141592654    0.000000000   40.038059320  -53.182427152    2.588328028
   -2.967059728    0.000000000   31.416076080  -44.583552833    0.658732587
   -2.792526803    0.000000000   24.764358671  -31.214882881   -1.762257047
   -2.617993878    0.000000000   20.549846360  -17.413249781   -4.404621292
   -2.443460953    0.000000000   18.461557606   -7.434488176   -7.040656835
   -2.268928028    0.000000000   17.580746696   -3.774905091   -9.570466079
   -2.094395102    0.000000000   16.783452468   -6.204422107  -11.984516341
   -1.919862177    0.000000000   15.223027436  -11.865067167  -14.225359011
   -1.745329252    0.000000000   12.708098036  -16.386006362  -16.054980566
   -1.570796327    0.000000000    9.814945973  -15.641924562  -17.037416537
   -1.396263402    0.000000000    7.675151449   -7.676859911  -16.699081936
   -1.221730476    0.000000000    7.489304967    6.249859960  -14.783676085
   -1.047197551    0.000000000    9.977246535   22.138964945  -11.460568394
   -0.872664626    0.000000000   15.051821394   35.083601397   -7.333359101
   -0.698131701    0.000000000   21.840493002   41.302076824   -3.232517479
   -0.523598776    0.000000000   29.000188562   39.286174679    0.092964914
   -0.349065850    0.000000000   35.111417248   29.521418638    2.250378521
   -0.174532925    0.000000000   38.964547399   13.749179166    3.313103360
    0.000000000    0.000000000   39.721334026   -5.453338020    3.783033377
    0.174532925    0.000000000   37.073807854  -24.554980703    4.437473270
    0.349065850    0.000000000   31.437877692  -38.856782699    6.046233985
    0.523598776    0.000000000   24.100306780  -43.290356027    9.036142229
    0.698131701    0.000000000   17.118671682  -34.528140145   13.219145882
    0.872664626    0.000000000   12.807190421  -13.194091181   17.752223778
    1.047197551    0.000000000   12.957500664   15.398788633   21.435257640
    1.221730476    0.000000000   18.144550897   43.131398612   23.227918207
    1.396263402    0.000000000   27.522358886   62.425968077   22.693344050
    1.570796327    0.000000000   39.198924065   69.146133499   20.140273430
    1.745329252    0.000000000   50.935734137   63.464146499   16.414624491
    1.919862177    0.000000000   60.813005432   48.499801614   12.509857444
    2.094395102    0.000000000   67.566480211   28.310501014    9.212422527
    2.268928028    0.000000000   70.599999809    6.372161780    6.915957745
    2.443460953    0.000000000   69.837053107  -14.831965393    5.612730966
    2.617993878    0.000000000   65.582512348  -33.370994426    4.989014569
    2.792526803    0.000000000   58.476580347  -47.182941386    4.563133613
    2.967059728    0.000000000   49.526382966  -54.244990725    3.865324235

   -3.141592654    0.349065850   41.274455855  -55.604290792    1.393098842
   -2.967059728    0.349065850   32.122671087  -48.171838451    0.360603414
   -2.792526803    0.349065850   24.771520514  -35.540636305   -0.948727506
   -2.617993878    0.349065850   19.777683070  -21.929408232   -2.419275996
   -2.443460953    0.349065850   16.914618844  -11.751569446   -3.954060059
   -2.268928028    0.349065850   15.310079109   -7.740661796   -5.513372548
   -2.094395102    0.349065850   13.855601703   -9.749925353   -7.069599477
   -1.919862177    0.349065850   11.728701624  -14.743432379   -8.513534336
   -1.745329252    0.349065850    8.808913327  -18.026781987   -9.594901962
   -1.570796327    0.349065850    5.791198330  -15.308858869   -9.959958803
   -1.396263402    0.349065850    3.921550168   -4.870337355   -9.304840984
   -1.221730476    0.349065850    4.436381280   11.383838417   -7.554262258
   -1.047197551    0.349065850    7.962033967   28.689981682   -4.963749772
   -0.872664626    0.349065850   14.202436882   41.642933130   -2.056885195
   -0.698131701    0.349065850   22.036006747   46.513796623    0.575970872
   -0.523598776    0.349065850   29.925553307   42.369938215    2.516545806
   -0.349065850    0.349065850   36.386870505   30.528046610    3.691020661
   -0.174532925    0.349065850   40.293212005   13.549857112    4.387979810
    0.000000000    0.349065850   41.013659142   -5.398756062    5.166278575
    0.174532925    0.349065850   38.515896605  -22.646565785    6.676946828
    0.349065850    0.349065850   33.465111556  -33.950051939    9.406976456
    0.523598776    0.349065850   27.261186101  -35.317224888   13.419901890
    0.698131701    0.349065850   21.852782414  -24.813998600   18.201323982
    0.872664626    0.349065850   19.219820046   -4.127673662   22.732250703
    1.047197551    0.349065850   20.708392614   21.299555747   25.844754188
    1.221730476    0.349065850   26.522969805   44.284439317   26.702029241
    1.396263402    0.349065850   35.674298574   58.809908707   25.127288797
    1.570796327    0.349065850   46.396969506   62.148336608   21.628847492
    1.745329252    0.349065850   56.766979730   55.159794954   17.129977169
    1.919862177    0.349065850   65.224949633   40.818510597   12.596099739
    2.094395102    0.349065850   70.788243783   22.486645058    8.744774802
    2.268928028    0.349065850   73.001677869    2.795234717    5.925381902
    2.443460953    0.349065850   71.789834547  -16.503063138    4.145012705
    2.617993878    0.349065850   67.353005527  -33.955969806    3.162784883
    2.792526803    0.349065850   60.168305800  -47.659685300    2.606179947
    2.967059728    0.349065850   51.078202354  -55.456892655    2.103761305

   -3.141592654    0.698131701   42.565743811  -56.241187202   -0.845590742
   -2.967059728    0.698131701   33.236217270  -49.557711827   -0.918684293
   -2.792526803    0.698131701   25.583619907  -37.567049460   -0.972123402
   -2.617993878    0.698131701   20.196443001  -24.366341315   -1.070700657
   -2.443460953    0.698131701   16.887671505  -14.390235566   -1.281506150
   -2.268928028    0.698131701   14.816692261  -10.421292611   -1.661153015
   -2.094395102    0.698131701   12.903656743  -12.283905851   -2.212105085
   -1.919862177    0.698131701   10.369512809  -16.809369110   -2.841640390
   -1.745329252    0.698131701    7.162789492  -19.166123069   -3.368932546
   -1.570796327    0.698131701    4.059484959  -15.092123663   -3.584033278
   -1.396263402    0.698131701    2.360112656   -3.142452544   -3.347099445
   -1.221730476    0.698131701    3.290667688   14.333155051   -2.658352753
   -1.047197551    0.698131701    7.389689656   32.174398608   -1.660109431
   -0.872664626    0.698131701   14.224001131   44.833607356   -0.562631019
   -0.698131701    0.698131701   22.542342675   48.807101378    0.466436124
   -0.523598776    0.698131701   30.742026239   43.662416975    1.394958872
   -0.349065850    0.698131701   37.371818213   31.286168927    2.368976239
   -0.174532925    0.698131701   41.429147183   14.699223224    3.673656538
    0.000000000    0.698131701   42.465672065   -2.742100053    5.654438135
    0.174532925    0.698131701   40.633086705  -17.569639486    8.594782708
    0.349065850    0.698131701   36.705761098  -26.193173081   12.552766187
    0.523598776    0.698131701   32.043582407  -25.628087467   17.218220113
    0.698131701    0.698131701   28.371640924  -14.973655492   21.875774644
    0.872664626    0.698131701   27.302025239    3.555919280   25.551912370
    1.047197551    0.698131701   29.793610379   24.861619282   27.354120338
    1.221730476    0.698131701   35.798585966   42.886643985   26.834442910
    1.396263402    0.698131701   44.305671769   53.030371878   24.155610756
    1.570796327    0.698131701   53.752111196   53.630715121   19.992141729
    1.745329252    0.698131701   62.543179247   45.912497937   15.228686720
    1.919862177    0.698131701   69.451806281   32.547464513   10.653935923
    2.094395102    0.698131701   73.737749094   16.228501678    6.779104144
    2.268928028    0.698131701   75.062146688   -1.137145675    3.816996702
    2.443460953    0.698131701   73.349612789  -18.392659963    1.755198586
    2.617993878    0.698131701   68.714944769  -34.462395819    0.449403540
    2.792526803    0.698131701   61.504199320  -47.574444603   -0.297186631
    2.967059728    0.698131701   52.424864082  -55.491614949   -0.678332693

   -3.141592654    1.047197551   41.358185047  -55.740621186   -5.560374336
   -2.967059728    1.047197551   32.177000691  -48.398291892   -4.888867931
   -2.792526803    1.047197551   24.758132598  -36.110438634   -3.910048961
   -2.617993878    1.047197551   19.620507488  -23.028198659   -2.857851328
   -2.443460953    1.047197551   16.507926641  -13.523952002   -1.948558091
   -2.268928028    1.047197551   14.533795522  -10.183156682   -1.317968068
   -2.094395102    1.047197551   12.612316078  -12.582609027   -0.983136289
   -1.919862177    1.047197551    9.998482208  -17.372185065   -0.861533857
   -1.745329252    1.047197551    6.693624075  -19.682804599   -0.846128367
   -1.570796327    1.047197551    3.519265644  -15.372948583   -0.877012501
   -1.396263402    1.047197551    1.793844100   -3.174331489   -0.965906052
   -1.221730476    1.047197551    2.733661079   14.444576453   -1.143963889
   -1.047197551    1.047197551    6.857547487   32.334427218   -1.378462400
   -0.872664626    1.047197551   13.724816511   45.066631714   -1.524134296
   -0.698131701    1.047197551   22.104479623   49.324879334   -1.344052247
   -0.523598776    1.047197551   30.446244161   44.851272237   -0.579210960
   -0.349065850    1.047197551   37.377567667   33.637309307    0.984204985
   -0.174532925    1.047197551   41.982802154   18.698499379    3.467801727
    0.000000000    1.047197551   43.886481242    3.226818845    6.880117797
    0.174532925    1.047197551   43.267577746   -9.685026309   11.084916128
    0.349065850    1.047197551   40.842833627  -17.025319879   15.743061054
    0.523598776    1.047197551   37.803487201  -16.461780617   20.280174953
    0.698131701    1.047197551   35.606445829   -7.540257011   23.944347614
    0.872664626    1.047197551   35.560515071    7.620457638   25.991963980
    1.047197551    1.047197551   38.393720092   24.649837005   25.960664387
    1.221730476    1.047197551   43.993135192   38.571647469   23.869182473
    1.396263402    1.047197551   51.466813325   45.747644991   20.199399519
    1.570796327    1.047197551   59.497199997   44.949430896   15.687659845
    1.745329252    1.047197551   66.757684146   37.256427005   11.039048393
    1.919862177    1.047197551   72.229440648   24.844410798    6.742115161
    2.094395102    1.047197551   75.286649372    9.881978567    3.031471554
    2.268928028    1.047197551   75.626473991   -6.082422181   -0.026570694
    2.443460953    1.047197551   73.165025758  -22.050006425   -2.433204204
    2.617993878    1.047197551   67.994696355  -36.954564705   -4.192826111
    2.792526803    1.047197551   60.443379785  -48.983081067   -5.293728433
    2.967059728    1.047197551   51.206005871  -55.879435016   -5.736394054

   -3.141592654    1.396263402   36.939863122  -55.621148442  -10.913282730
   -2.967059728    1.396263402   27.935255223  -46.537528770   -9.847365467
   -2.792526803    1.396263402   20.961873768  -32.967014157   -8.250923173
   -2.617993878    1.396263402   16.434914411  -19.296242256   -6.476943173
   -2.443460953    1.396263402   13.972502961   -9.908074059   -4.822182755
   -2.268928028    1.396263402   12.582648160   -7.155170295   -3.431763509
   -2.094395102    1.396263402   11.124975943  -10.297426117   -2.285361338
   -1.919862177    1.396263402    8.848306733  -15.784163890   -1.284035332
   -1.745329252    1.396263402    5.763448015  -18.757694788   -0.384345603
   -1.570796327    1.396263402    2.686186341  -15.214873480    0.330083575
   -1.396263402    1.396263402    0.911273919   -3.918673151    0.696484702
   -1.221730476    1.396263402    1.646745751   12.881861677    0.627067086
   -1.047197551    1.396263402    5.460239645   30.448947878    0.248326092
   -0.872664626    1.396263402   12.030626594   43.703065366   -0.085035880
   -0.698131701    1.396263402   20.287156003   49.421616888    0.080092476
   -0.523598776    1.396263402   28.827812880   47.121739849    1.113352153
   -0.349065850    1.396263402   36.370236961   38.376834772    3.177821767
   -0.174532925    1.396263402   42.008525538   25.728168055    6.215111556
    0.000000000    1.396263402   45.296433724   11.920994274    9.988581035
    0.174532925    1.396263402   46.268421839   -0.355992265   14.122593470
    0.349065850    1.396263402   45.431078255   -8.413010745   18.107105322
    0.523598776    1.396263402   43.724212970  -10.040100577   21.326333567
    0.698131701    1.396263402   42.363408691   -4.534415820   23.162880104
    0.872664626    1.396263402   42.499306998    6.687929409   23.188215568
    1.047197551    1.396263402   44.850555445   20.208737690   21.354031496
    1.221730476    1.396263402   49.452954015   31.823516603   18.042183228
    1.396263402    1.396263402   55.654419630   38.143222410   13.906973381
    1.570796327    1.396263402   62.367970433   37.595864595    9.606584942
    1.745329252    1.396263402   68.406145907   30.629854217    5.574250123
    1.919862177    1.396263402   72.782783228   18.880093936    1.960196219
    2.094395102    1.396263402   74.836561557    4.305881306   -1.278830403
    2.268928028    1.396263402   74.222249260  -11.444877019   -4.214522238
    2.443460953    1.396263402   70.847292134  -27.114717948   -6.833965562
    2.617993878    1.396263402   64.841771568  -41.374256801   -9.005005416
    2.792526803    1.396263402   56.608844803  -52.275781814  -10.514792956
    2.967059728    1.396263402   46.927871410  -57.586037033  -11.174975991

   -3.141592654    1.745329252   31.142923897  -54.853798121  -16.526094940
   -2.967059728    1.745329252   22.451124553  -43.808178882  -15.863542533
   -2.792526803    1.745329252   16.074546828  -29.000895704  -14.370465475
   -2.617993878    1.745329252   12.284942306  -14.948265416  -12.357895725
   -2.443460953    1.745329252   10.563767169   -5.843465501  -10.121581240
   -2.268928028    1.745329252    9.835644057   -3.651171309   -7.832970933
   -2.094395102    1.745329252    8.942463566   -7.312277802   -5.511289965
   -1.919862177    1.745329252    7.149613438  -13.226335232   -3.112143612
   -1.745329252    1.745329252    4.467979448  -16.740786481   -0.674933138
   -1.570796327    1.745329252    1.672272714  -14.072837581    1.592471044
   -1.396263402    1.745329252    0.000000000   -3.908811721    3.373520668
   -1.221730476    1.745329252    0.649031840   11.950916811    4.434338080
   -1.047197551    1.745329252    4.272437404   29.362492203    4.808040787
   -0.872664626    1.745329252   10.721431103   43.584520381    4.829877412
   -0.698131701    1.745329252   19.115887277   51.247992818    4.989742951
   -0.523598776    1.745329252   28.180113214   51.305463426    5.711499090
   -0.349065850    1.745329252   36.644796294   44.664625855    7.186599338
   -0.174532925    1.745329252   43.509422348   33.327417190    9.344065081
    0.000000000    1.745329252   48.159201777   19.726885503   11.894074804
    0.174532925    1.745329252   50.422960409    6.426195338   14.394439791
    0.349065850    1.745329252   50.592840292   -3.839582725   16.311560661
    0.523598776    1.745329252   49.421108452   -8.590454319   17.120544579
    0.698131701    1.745329252   48.009913937   -6.549173914   16.458439222
    0.872664626    1.745329252   47.519291570    1.670356866   14.296436409
    1.047197551    1.745329252   48.815350579   13.370254584   11.011002823
    1.221730476    1.745329252   52.172057734   24.616047774    7.265001360
    1.396263402    1.745329252   57.170443710   31.695914620    3.726112239
    1.570796327    1.745329252   62.860350738   32.312802507    0.791157798
    1.745329252    1.745329252   68.059079597   26.200653240   -1.531281720
    1.919862177    1.745329252   71.688918304   14.636332163   -3.521557559
    2.094395102    1.745329252   72.973823825   -0.319922509   -5.534794166
    2.268928028    1.745329252   71.503019558  -16.610949635   -7.789319961
    2.443460953    1.745329252   67.200258526  -32.482693580  -10.271616134
    2.617993878    1.745329252   60.289792910  -46.222871876  -12.745479651
    2.792526803    1.745329252   51.315702655  -55.771949960  -14.836369348
    2.967059728    1.745329252   41.192490058  -59.067053277  -16.177075313

   -3.141592654    2.094395102   24.591443715  -55.300102871  -17.650273949
   -2.967059728    2.094395102   16.000731798  -42.254202616  -17.036246670
   -2.792526803    2.094395102   10.038538951  -25.911084984  -15.487018364
   -2.617993878    2.094395102    6.877229931  -10.942097570  -13.285286107
   -2.443460953    2.094395102    5.896317667   -1.432455628  -10.700193115
   -2.268928028    2.094395102    5.955057512    0.940312957   -7.874955808
   -2.094395102    2.094395102    5.879544521   -2.523264874   -4.803105303
   -1.919862177    2.094395102    4.943391326   -8.212203245   -1.435154971
   -1.745329252    2.094395102    3.143875592  -11.712080244    2.154652300
   -1.570796327    2.094395102    1.192676381   -9.527478021    5.669899004
   -1.396263402    2.094395102    0.231931867   -0.383844591    8.658770654
   -1.221730476    2.094395102    1.389394134   14.246849360   10.731988769
   -1.047197551    2.094395102    5.327389913   30.759801930   11.780030074
   -0.872664626    2.094395102   11.994153933   44.817071865   12.036442185
   -0.698131701    2.094395102   20.646854516   53.086007957   11.936443913
   -0.523598776    2.094395102   30.119471766   54.173062753   11.888736913
   -0.349065850    2.094395102   39.173889906   48.497811783   12.090533189
   -0.174532925    2.094395102   46.755920950   37.591580234   12.486062008
    0.000000000    2.094395102   52.126668991   23.556883640   12.808422318
    0.174532925    2.094395102   54.946946432    8.791587626   12.663957783
    0.349065850    2.094395102   55.329784054   -3.906038727   11.642010874
    0.523598776    2.094395102   53.887202950  -11.667335243    9.468229005
    0.698131701    2.094395102   51.680629321  -12.477952694    6.168160447
    0.872664626    2.094395102   49.975010711   -6.082755162    2.165500089
    1.047197551    2.094395102   49.874393388    5.406135764   -1.807263438
    1.221730476    2.094395102   51.939289584   17.991832860   -4.988939777
    1.396263402    2.094395102   55.966064088   27.244032135   -6.925026605
    1.570796327    2.094395102   61.062620201   29.860945201   -7.661287265
    1.745329252    2.094395102   65.941596160   24.796496087   -7.683077997
    1.919862177    2.094395102   69.330245257   13.093444497   -7.660083679
    2.094395102    2.094395102   70.265078337   -2.880749132   -8.151996751
    2.268928028    2.094395102   68.232892645  -20.467421881   -9.414703067
    2.443460953    2.094395102   63.165267383  -37.283476024  -11.363303433
    2.617993878    2.094395102   55.389946498  -51.162018145  -13.640677637
    2.792526803    2.094395102   45.610395816  -59.896436870  -15.743966679
    2.967059728    2.094395102   34.899475622  -61.562421325  -17.190780938

   -3.141592654    2.443460953   18.707407746  -55.848523808  -12.065483558
   -2.967059728    2.443460953   10.191081092  -40.880158140  -11.314857345
   -2.792526803    2.443460953    4.618662462  -22.893046464   -9.830186403
   -2.617993878    2.443460953    2.096634001   -6.708194842   -7.813340359
   -2.443460953    2.443460953    1.933754363    3.660836770   -5.432251322
   -2.268928028    2.443460953    2.944732274    6.750640523   -2.735108217
   -2.094395102    2.443460953    3.946843577    4.017513669    0.354886300
   -1.919862177    2.443460953    4.213796681   -1.000249676    3.928542325
   -1.745329252    2.443460953    3.707255349   -4.206863104    7.925598607
   -1.570796327    2.443460953    3.039903169   -2.471159734   12.024802252
   -1.396263402    2.443460953    3.209402455    5.373031354   15.690121817
   -1.221730476    2.443460953    5.214762888   18.145561276   18.373339620
   -1.047197551    2.443460953    9.667617151   32.804095585   19.750873031
   -0.872664626    2.443460953   16.563501002   45.503888078   19.845268483
   -0.698131701    2.443460953   25.266270303   53.077347453   18.955663655
   -0.523598776    2.443460953   34.712068099   53.913343341   17.474399978
   -0.349065850    2.443460953   43.706725198   48.041607939   15.694419978
   -0.174532925    2.443460953   51.169478271   36.595197500   13.720611497
    0.000000000    2.443460953   56.276502489   21.414679843   11.463068732
    0.174532925    2.443460953   58.575027413    4.851223928    8.701088013
    0.349065850    2.443460953   58.080149893  -10.051894632    5.211985558
    0.523598776    2.443460953   55.378462211  -19.854324514    0.949809045
    0.698131701    2.443460953   51.627246541  -21.758247172   -3.801903497
    0.872664626    2.443460953   48.318660949  -14.866546428   -8.396814073
    1.047197551    2.443460953   46.853245759   -1.193348330  -12.013221774
    1.221730476    2.443460953   48.041659812   14.646696203  -13.995447700
    1.396263402    2.443460953   51.775019904   27.131420792  -14.156776639
    1.570796327    2.443460953   57.061797875   31.919194438  -12.871828087
    1.745329252    2.443460953   62.373459825   27.426562391  -10.897684236
    1.919862177    2.443460953   66.159619041   14.815078625   -9.060977141
    2.094395102    2.443460953   67.244422145   -2.963845025   -7.967141278
    2.268928028    2.443460953   65.022837061  -22.517547010   -7.858109389
    2.443460953    2.443460953   59.457048979  -40.817192538   -8.620389355
    2.617993878    2.443460953   50.998489034  -55.279422007   -9.883354761
    2.792526803    2.443460953   40.523461460  -63.581644330  -11.155697954
    2.967059728    2.443460953   29.273529891  -63.938666202  -11.984009484

   -3.141592654    2.792526803   16.160786960  -55.317752341   -0.434589268
   -2.967059728    2.792526803    7.821620475  -39.406305552    0.915386540
   -2.792526803    2.792526803    2.579166129  -20.620817473    2.476175497
   -2.617993878    2.792526803    0.514055804   -3.757624438    4.148449818
   -2.443460953    2.792526803    0.926196609    7.315292114    5.934862308
   -2.268928028    2.792526803    2.649930199   11.304355532    7.956990140
   -2.094395102    2.792526803    4.544223506    9.719724490   10.401132495
   -1.919862177    2.792526803    5.914454575    5.922414078   13.392145787
   -1.745329252    2.792526803    6.701342486    3.591121789   16.857797846
   -1.570796327    2.792526803    7.414138897    5.369299473   20.451343360
   -1.396263402    2.792526803    8.875175968   12.136760815   23.609818624
   -1.221730476    2.792526803   11.891042050   22.820208996   25.737602181
   -1.047197551    2.792526803   16.933714965   34.848930305   26.429862137
   -0.872664626    2.792526803   23.956203001   44.960843362   25.608222764
   -0.698131701    2.792526803   32.369465363   50.400142296   23.500016046
   -0.523598776    2.792526803   41.201502596   49.637290331   20.498038249
   -0.349065850    2.792526803   49.339888603   42.545305020   16.979999548
   -0.174532925    2.792526803   55.747103540   29.996055470   13.191528744
    0.000000000    2.792526803   59.601034203   13.631839090    9.202888147
    0.174532925    2.792526803   60.430848080   -4.199777155    4.944206981
    0.349065850    2.792526803   58.255458132  -20.185617815    0.334154527
    0.523598776    2.792526803   53.736479979  -30.372942726   -4.546671819
    0.698131701    2.792526803   48.204133558  -31.387730918   -9.326900521
    0.872664626    2.792526803   43.404324077  -22.058203906  -13.360428836
    1.047197551    2.792526803   40.991031660   -4.708286472  -15.949945641
    1.221730476    2.792526803   41.920538661   15.172422463  -16.666003134
    1.396263402    2.792526803   46.052020549   30.972684386  -15.560269669
    1.570796327    2.792526803   52.190992592   37.564060336  -13.153725961
    1.745329252    2.792526803   58.518930241   33.164199930  -10.202291894
    1.919862177    2.792526803   63.212845579   19.314599759   -7.414598657
    2.094395102    2.792526803   64.921547344   -0.357870211   -5.241690568
    2.268928028    2.792526803   62.986645131  -21.785147120   -3.821333528
    2.443460953    2.792526803   57.420277274  -41.443455436   -3.027371287
    2.617993878    2.792526803   48.788178934  -56.507248201   -2.576514818
    2.792526803    2.792526803   38.101565553  -64.672718135   -2.139603064
    2.967059728    2.792526803   26.716032448  -64.347690912   -1.463519164
