#! FIELDS phi psi file.free der_phi der_psi
#! SET min_phi -pi
#! SET max_phi pi
#! SET nbins_phi  36
#! SET periodic_phi true
#! SET min_psi -pi
#! SET max_psi pi
#! SET nbins_psi  18
#! SET periodic_psi true
   -3.141592654   -3.141592654   17.511759077  -53.072547527   17.009416989
   -2.967059728   -3.141592654    9.715983110  -35.645001848   19.196458341
   -2.792526803   -3.141592654    5.173764890  -16.591208134   20.593394694
   -2.617993878   -3.141592654    3.764757992   -0.381698168   21.277818510
   -2.443460953   -3.141592654    4.691448993    9.853880709   21.556597090
   -2.268928028   -3.141592654    6.823440480   13.566924786   21.881502095
   -2.094395102   -3.141592654    9.154768803   12.604942332   22.698505944
   -1.919862177   -3.141592654   11.138046884   10.133794124   24.288719104
   -1.745329252   -3.141592654   12.790642086    9.247558715   26.649717716
   -1.570796327   -3.141592654   14.584415400   11.951672648   29.448630673
   -1.396263402   -3.141592654   17.211048678   18.721416482   32.092517081
   -1.221730476   -3.141592654   21.307505847   28.459959390   33.889219528
   -1.047197551   -3.141592654   27.199877312   38.844410816   34.260673041
   -0.872664626   -3.141592654   34.748143543   46.942899009   32.896754012
   -0.698131701   -3.141592654   43.319283186   50.204826962   29.804323406
   -0.523598776   -3.141592654   51.918664696   47.132872369   25.243244798
   -0.349065850   -3.141592654   59.407112010   37.555079035   19.607001354
   -0.174532925   -3.141592654   64.712629471   22.324644345   13.336171104
    0.000000000   -3.141592654   66.988748972    3.218464892    6.866810516
    0.174532925   -3.141592654   65.780130443  -17.076210277    0.599890143
    0.349065850   -3.141592654   61.196596485  -34.736933136   -5.089271333
    0.523598776   -3.141592654   54.088307116  -45.221723381   -9.841768444
    0.698131701   -3.141592654   46.071857844  -44.670884025  -13.322263840
    0.872664626   -3.141592654   39.237830861  -31.763455200  -15.268099640
    1.047197551   -3.141592654   35.566254274   -9.222209433  -15.595172939
    1.221730476   -3.141592654   36.219071086   16.526221664  -14.484091651
    1.396263402   -3.141592654   41.065844805   37.606105151  -12.346650847
    1.570796327   -3.141592654   48.701711202   47.700338289   -9.682175172
    1.745329252   -3.141592654   56.923611729   44.271795357   -6.882491013
    1.919862177   -3.141592654   63.449333307   28.794961491   -4.130049585
    2.094395102   -3.141592654   66.523615600    5.579911105   -1.405678646
    2.268928028   -3.141592654   65.259925884  -20.017999574    1.406118086
    2.443460953   -3.141592654   59.691444205  -42.998886536    4.409009324
    2.617993878   -3.141592654   50.635035642  -59.460532126    7.619816058
    2.792526803   -3.141592654   39.469811150  -66.903102257   10.944767594
    2.967059728   -3.141592654   27.871326002  -64.449384386   14.169973660

   -3.141592654   -2.792526803   25.075469519  -48.517870792   25.040636051
   -2.967059728   -2.792526803   17.904211790  -33.071745535   27.053143339
   -2.792526803   -2.792526803   13.642183379  -15.900141807   27.991037045
   -2.617993878   -2.792526803   12.227573668   -1.011240478   28.094650657
   -2.443460953   -2.792526803   12.993775305    8.807726781   27.819179225
   -2.268928028   -2.792526803   14.979397673   13.089360137   27.697385364
   -2.094395102   -2.792526803   17.337414407   13.487994954   28.157712478
   -1.919862177   -2.792526803   19.623808675   12.744028014   29.374794617
   -1.745329252   -2.792526803   21.871140876   13.366995104   31.200852903
   -1.570796327   -2.792526803   24.458772122   16.749402970   33.177963781
   -1.396263402   -2.792526803   27.888374804   22.884812294   34.652375097
   -1.221730476   -2.792526803   32.546865553   30.512753173   34.944103790
   -1.047197551   -2.792526803   38.519070614   37.555883208   33.553153381
   -0.872664626   -2.792526803   45.499175211   41.687723820   30.298513104
   -0.698131701   -2.792526803   52.809122770   41.100445049   25.356645073
   -0.523598776   -2.792526803   59.534932380   34.948013264   19.181872482
   -0.349065850   -2.792526803   64.713462352   23.501147543   12.361352721
   -0.174532925   -2.792526803   67.504441707    7.813655584    5.490634108
    0.000000000   -2.792526803   67.309010436  -10.370234779   -0.900034239
    0.174532925   -2.792526803   63.896879788  -28.558176612   -6.389665120
    0.349065850   -2.792526803   57.557472435  -43.254986387  -10.661893507
    0.523598776   -2.792526803   49.257387463  -50.309348244  -13.510259112
    0.698131701   -2.792526803   40.658473290  -46.273709366  -14.852672604
    0.872664626   -2.792526803   33.822728323  -30.263423616  -14.754944851
    1.047197551   -2.792526803   30.628077848   -5.400341105  -13.461129377
    1.221730476   -2.792526803   32.076765457   21.665989595  -11.364807814
    1.396263402   -2.792526803   37.865166208   43.131773766   -8.888839017
    1.570796327   -2.792526803   46.455243728   53.067703299   -6.335129039
    1.745329252   -2.792526803   55.592868838   49.429825763   -3.777096973
    1.919862177   -2.792526803   63.022869550   34.071784057   -1.085751265
    2.094395102   -2.792526803   67.059876411   11.390366487    1.953099009
    2.268928028   -2.792526803   66.876813928  -13.438269748    5.488962814
    2.443460953   -2.792526803   62.521215284  -35.733111835    9.510979412
    2.617993878   -2.792526803   54.766642007  -51.900127919   13.828661244
    2.792526803   -2.792526803   44.903325685  -59.672376141   18.117721531
    2.967059728   -2.792526803   34.488359407  -58.251058751   21.980794715

   -3.141592654   -2.443460953   33.666899816  -43.807616646   23.206601711
   -2.967059728   -2.443460953   27.141801345  -30.382861296   24.871180978
   -2.792526803   -2.443460953   23.187258837  -14.987891374   25.628927063
   -2.617993878   -2.443460953   21.822817204   -1.211462007   25.699544828
   -2.443460953   -2.443460953   22.522964672    8.405728898   25.433033403
   -2.268928028   -2.443460953   24.484032860   13.327178377   25.209494037
   -2.094395102   -2.443460953   26.977610847   14.838516817   25.306888652
   -1.919862177   -2.443460953   29.595302085   15.131540900   25.790353801
   -1.745329252   -2.443460953   32.305312857   16.132462015   26.474641781
   -1.570796327   -2.443460953   35.330306074   18.795969626   26.952992239
   -1.396263402   -2.443460953   38.961195933   22.943129851   26.713046686
   -1.221730476   -2.443460953   43.373265423   27.499562904   25.281799164
   -1.047197551   -2.443460953   48.504420446   30.907972405   22.387658505
   -0.872664626   -2.443460953   54.013051618   31.572991904   18.048223990
   -0.698131701   -2.443460953   59.312191962   28.374509644   12.572662090
   -0.523598776   -2.443460953   63.681387309   20.917714689    6.470297241
   -0.349065850   -2.443460953   66.401268281    9.597347401    0.315811813
   -0.174532925   -2.443460953   66.871113374   -4.679099754   -5.363042929
    0.000000000   -2.443460953   64.689224483  -20.510481661  -10.146234939
    0.174532925   -2.443460953   59.754701410  -35.794740229  -13.760429774
    0.349065850   -2.443460953   52.419811862  -47.411992635  -16.070157775
    0.523598776   -2.443460953   43.654531634  -51.517706400  -17.071632978
    0.698131701   -2.443460953   35.075722599  -44.903621296  -16.877901211
    0.872664626   -2.443460953   28.661243202  -26.905476297  -15.700077229
    1.047197551   -2.443460953   26.171083750   -0.806696354  -13.832508327
    1.221730476   -2.443460953   28.472650485   26.738281336  -11.600196331
    1.396263402   -2.443460953   35.146149845   48.144320599   -9.261062648
    1.570796327   -2.443460953   44.592917162   57.888040982   -6.919604022
    1.745329252   -2.443460953   54.572449825   54.322934412   -4.496909932
    1.919862177   -2.443460953   62.897448571   39.509163927   -1.805000927
    2.094395102   -2.443460953   67.962019027   17.766487752    1.336310270
    2.268928028   -2.443460953   68.983912295   -6.032020643    4.984698965
    2.443460953   -2.443460953   65.994438652  -27.571461394    9.027938387
    2.617993878   -2.443460953   59.690833642  -43.554294127   13.204349041
    2.792526803   -2.443460953   51.248065830  -51.878469073   17.174938105
    2.967059728   -2.443460953   42.093599045  -51.731809201   20.599105499

   -3.141592654   -2.094395102   40.139015743  -40.091086778   14.126867877
   -2.967059728   -2.094395102   34.136900790  -28.104322968   15.169404426
   -2.792526803   -2.094395102   30.465647960  -13.974807472   15.732431727
   -2.617993878   -2.094395102   29.194363437   -1.081043903   15.932177384
   -2.443460953   -2.094395102   29.877581153    8.166502060   15.905354136
   -2.268928028   -2.094395102   31.798669193   13.168416021   15.781355775
   -2.094395102   -2.094395102   34.287390377   14.940212064   15.631248631
   -1.919862177   -2.094395102   36.932716221   15.279731665   15.413646269
   -1.745329252   -2.094395102   39.630836104   15.725456396   14.959991524
   -1.570796327   -2.094395102   42.477002848   17.020424746   14.001247520
   -1.396263402   -2.094395102   45.620635549   19.031411789   12.259460617
   -1.221730476   -2.094395102   49.127186822   21.013348598    9.549334921
   -1.047197551   -2.094395102   52.902202632   21.925022154    5.879099614
   -0.872664626   -2.094395102   56.668255853   20.743010328    1.478933614
   -0.698131701   -2.094395102   59.991225522   16.768140478   -3.242923929
   -0.523598776   -2.094395102   62.356003435    9.767739669   -7.806696398
   -0.349065850   -2.094395102   63.250886232    0.002240817  -11.783704308
   -0.174532925   -2.094395102   62.239593880  -11.955176402  -14.886620657
    0.000000000   -2.094395102   59.016086476  -25.150308741  -16.997782591
    0.174532925   -2.094395102   53.496702258  -37.894096830  -18.165478797
    0.349065850   -2.094395102   45.988953347  -47.365163399  -18.544585387
    0.523598776   -2.094395102   37.380692674  -49.849767592  -18.329849453
    0.698131701   -2.094395102   29.196167756  -42.125314322  -17.688425285
    0.872664626   -2.094395102   23.329456702  -23.465611260  -16.720150131
    1.047197551   -2.094395102   21.470195388    2.934774939  -15.468154824
    1.221730476   -2.094395102   24.433320875   30.554300693  -13.947948146
    1.396263402   -2.094395102   31.775334926   51.996951756  -12.155433613
    1.570796327   -2.094395102   41.909527563   61.952778283  -10.072374242
    1.745329252   -2.094395102   52.639212196   58.898019443   -7.668212915
    1.919862177   -2.094395102   61.828304604   44.858428105   -4.929471123
    2.094395102   -2.094395102   67.902195401   23.965132597   -1.889695532
    2.268928028   -2.094395102   70.069753006    0.838088338    1.345557139
    2.443460953   -2.094395102   68.311506203  -20.420497075    4.602934837
    2.617993878   -2.094395102   63.244958403  -36.621737977    7.673528196
    2.792526803   -2.094395102   55.956957161  -45.665562415   10.362355967
    2.967059728   -2.094395102   47.795187314  -46.646318271   12.533873930

   -3.141592654   -1.745329252   42.327306593  -38.594319332    5.385848960
   -2.967059728   -1.745329252   36.551302761  -26.993361192    5.898905559
   -2.792526803   -1.745329252   33.048412162  -13.153414517    6.268237507
   -2.617993878   -1.745329252   31.895099559   -0.561832794    6.474518088
   -2.443460953   -1.745329252   32.637457932    8.308306520    6.438063732
   -2.268928028   -1.745329252   34.541484655   12.807968322    6.053506862
   -2.094395102   -1.745329252   36.909305855   13.872376258    5.212552693
   -1.919862177   -1.745329252   39.284424814   13.191481315    3.815286317
   -1.745329252   -1.745329252   41.500535866   12.224624945    1.794711006
   -1.570796327   -1.745329252   43.587071786   11.782838150   -0.850944934
   -1.396263402   -1.745329252   45.657312815   11.991979182   -4.016341058
   -1.221730476   -1.745329252   47.800454889   12.534879723   -7.488119759
   -1.047197551   -1.745329252   50.025652671   12.813608198  -10.973366609
   -0.872664626   -1.745329252   52.226162752   12.109414055  -14.159978787
   -0.698131701   -1.745329252   54.166463539    9.730700332  -16.769824474
   -0.523598776   -1.745329252   55.505070893    5.151172083  -18.597065395
   -0.349065850   -1.745329252   55.831810216   -1.881112212  -19.535670502
   -0.174532925   -1.745329252   54.716430566  -11.339642448  -19.607778290
    0.000000000   -1.745329252   51.770488114  -22.727411164  -18.980587201
    0.174532925   -1.745329252   46.764060540  -34.596430403  -17.958382907
    0.349065850   -1.745329252   39.839755523  -44.109141085  -16.904406429
    0.523598776   -1.745329252   31.746995113  -47.268861846  -16.119632444
    0.698131701   -1.745329252   23.937337090  -40.399802842  -15.721196298
    0.872664626   -1.745329252   18.312765809  -22.343606341  -15.592160610
    1.047197551   -1.745329252   16.633648248    3.966115999  -15.444267635
    1.221730476   -1.745329252   19.810053208   32.039436668  -14.955064997
    1.396263402   -1.745329252   27.481361591   54.320401918  -13.889221839
    1.570796327   -1.745329252   38.107105111   65.254624560  -12.174159955
    1.745329252   -1.745329252   49.493882427   63.082433534   -9.895930079
    1.919862177   -1.745329252   59.472192498   49.652312748   -7.256933553
    2.094395102   -1.745329252   66.410221287   28.998872167   -4.508059061
    2.268928028   -1.745329252   69.449182558    5.719579390   -1.891145245
    2.443460953   -1.745329252   68.504186684  -16.039059047    0.405102197
    2.617993878   -1.745329252   64.140216934  -32.983550283    2.269632933
    2.792526803   -1.745329252   57.415063822  -42.858388562    3.676491516
    2.967059728   -1.745329252   49.676885538  -44.594027352    4.682551896

   -3.141592654   -1.396263402   41.574167728  -38.510350628    0.971416859
   -2.967059728   -1.396263402   35.827964812  -26.738084907    0.860975367
   -2.792526803   -1.396263402   32.379887429  -12.827578854    0.717691201
   -2.617993878   -1.396263402   31.265609152   -0.517166008    0.497238021
   -2.443460953   -1.396263402   31.957322937    7.602423594    0.060421034
   -2.268928028   -1.396263402   33.639051539   10.902464298   -0.791748619
   -2.094395102   -1.396263402   35.544535682   10.440559174   -2.275697971
   -1.919862177   -1.396263402   37.176594647    8.108259576   -4.561404715
   -1.745329252   -1.396263402   38.369877446    5.637414118   -7.687163579
   -1.570796327   -1.396263402   39.208723345    4.185996771  -11.483355906
   -1.396263402   -1.396263402   39.922826177    4.207616166  -15.556310594
   -1.221730476   -1.396263402   40.764155548    5.573090209  -19.372520440
   -1.047197551   -1.396263402   41.916382142    7.616304735  -22.406426171
   -0.872664626   -1.396263402   43.414201798    9.327510029  -24.278605351
   -0.698131701   -1.396263402   45.099137766    9.588220255  -24.821829921
   -0.523598776   -1.396263402   46.632591762    7.466819926  -24.074006655
   -0.349065850   -1.396263402   47.541827119    2.372284552  -22.244434627
   -0.174532925   -1.396263402   47.282507189   -5.928903509  -19.686111164
    0.000000000   -1.396263402   45.312267361  -17.132151306  -16.866274258
    0.174532925   -1.396263402   41.222726175  -29.852719222  -14.301222271
    0.349065850   -1.396263402   34.986372943  -41.083885225  -12.431758058
    0.523598776   -1.396263402   27.238130440  -46.364891049  -11.482418976
    0.698131701   -1.396263402   19.416178781  -41.350253416  -11.372822723
    0.872664626   -1.396263402   13.525717083  -24.260586129  -11.744880794
    1.047197551   -1.396263402   11.515208663    2.273156717  -12.108175220
    1.221730476   -1.396263402   14.497151818   31.636961474  -12.032474780
    1.396263402   -1.396263402   22.257874989   55.780060205  -11.281161128
    1.570796327   -1.396263402   33.301683043   68.517418376   -9.852532061
    1.745329252   -1.396263402   45.376476022   67.567388030   -7.929258315
    1.919862177   -1.396263402   56.184549434   54.523526917   -5.788506267
    2.094395102   -1.396263402   63.947740963   33.460032611   -3.711602865
    2.268928028   -1.396263402   67.687726426    9.222960836   -1.921792218
    2.443460953   -1.396263402   67.252186605  -13.712544851   -0.552469790
    2.617993878   -1.396263402   63.195742072  -31.751265484    0.356764177
    2.792526803   -1.396263402   56.611778350  -42.409998160    0.842138488
    2.967059728   -1.396263402   48.914518656  -44.519868789    1.005767897

   -3.141592654   -1.047197551   38.964946099  -40.541398261    1.919587443
   -2.967059728   -1.047197551   32.901578780  -28.311814018    0.776484963
   -2.792526803   -1.047197551   29.227112213  -13.862283238   -0.527993426
   -2.617993878   -1.047197551   27.965014162   -1.242782718   -1.918801614
   -2.443460953   -1.047197551   28.522632013    6.692465581   -3.420191014
   -2.268928028   -1.047197551   29.983002354    9.168395238   -5.170932658
   -2.094395102   -1.047197551   31.468875790    7.284111233   -7.395699314
   -1.919862177   -1.047197551   32.399228339    3.203950439  -10.299086040
   -1.745329252   -1.047197551   32.592488175   -0.840523000  -13.910811645
   -1.570796327   -1.047197551   32.216487978   -3.079142818  -17.958021151
   -1.396263402   -1.047197551   31.683975393   -2.577624407  -21.870762707
   -1.221730476   -1.047197551   31.485238686    0.653217946  -24.943412830
   -1.047197551   -1.047197551   32.022367138    5.613900726  -26.584507199
   -0.872664626   -1.047197551   33.461490155   10.664335020  -26.506330099
   -0.698131701   -1.047197551   35.657282073   14.007080579  -24.777287224
   -0.523598776   -1.047197551   38.177565999   14.188977073  -21.750299637
   -0.349065850   -1.047197551   40.381484707   10.283463185  -17.944509102
   -0.174532925   -1.047197551   41.514477632    1.894568770  -13.940983350
    0.000000000   -1.047197551   40.809499299  -10.658097134  -10.296915856
    0.174532925   -1.047197551   37.655738881  -25.737079351   -7.441930670
    0.349065850   -1.047197551   31.892787523  -39.794938370   -5.578854091
    0.523598776   -1.047197551   24.137910277  -47.625332385   -4.632992389
    0.698131701   -1.047197551   15.942845761  -44.165322351   -4.299223878
    0.872664626   -1.047197551    9.526658792  -27.244269825   -4.181582099
    1.047197551   -1.047197551    7.078459913    0.407703278   -3.953902751
    1.221730476   -1.047197551    9.894409952   31.660073115   -3.454842468
    1.396263402   -1.047197551   17.834912788   57.764211130   -2.677822042
    1.570796327   -1.047197551   29.361768227   71.936232915   -1.701995565
    1.745329252   -1.047197551   42.098197816   71.571973464   -0.625644575
    1.919862177   -1.047197551   53.591858364   58.236698877    0.465449961
    2.094395102   -1.047197551   61.926827617   36.209715650    1.493265323
    2.268928028   -1.047197551   66.034240549   10.652472101    2.376219950
    2.443460953   -1.047197551   65.727748401  -13.640610266    3.025168517
    2.617993878   -1.047197551   61.579104758  -32.832237759    3.352017139
    2.792526803   -1.047197551   54.732838551  -44.264252550    3.280742714
    2.967059728   -1.047197551   46.678326675  -46.693401570    2.790026923

   -3.141592654   -0.698131701   38.409861520  -44.403389096    1.966488600
   -2.967059728   -0.698131701   31.640493692  -32.471891643   -0.189647610
   -2.792526803   -0.698131701   27.241737542  -17.948168663   -2.547279304
   -2.617993878   -0.698131701   25.287971242   -5.076802194   -4.913431928
   -2.443460953   -0.698131701   25.191368441    2.983432998   -7.214265658
   -2.268928028   -0.698131701   25.985728008    5.161537540   -9.539553032
   -2.094395102   -0.698131701   26.707572094    2.460932415  -12.101797077
   -1.919862177   -0.698131701   26.701892165   -2.702217329  -15.087914300
   -1.745329252   -0.698131701   25.788439415   -7.500408002  -18.467789711
   -1.570796327   -0.698131701   24.254244706   -9.472237154  -21.864933014
   -1.396263402   -0.698131701   22.732180112   -7.273718696  -24.614308641
   -1.221730476   -0.698131701   21.959508467   -1.054180342  -25.995069352
   -1.047197551   -0.698131701   22.512227362    7.535809849  -25.540374892
   -0.872664626   -0.698131701   24.593898693   15.999299194  -23.226628783
   -0.698131701   -0.698131701   27.955269257   21.824550923  -19.467188703
   -0.523598776   -0.698131701   31.962964685   23.177043451  -14.944368323
   -0.349065850   -0.698131701   35.736606083   19.059565185  -10.389564795
   -0.174532925   -0.698131701   38.293330457    9.251451325   -6.406994675
    0.000000000   -0.698131701   38.685656851   -5.537669174   -3.361326243
    0.174532925   -0.698131701   36.207201812  -23.107319549   -1.300056383
    0.349065850   -0.698131701   30.710545328  -39.259517537    0.032127154
    0.523598776   -0.698131701   22.932221264  -48.257406945    1.074441123
    0.698131701   -0.698131701   14.607508474  -44.857943155    2.236036444
    0.872664626   -0.698131701    8.132153353  -27.142657641    3.687482443
    1.047197551   -0.698131701    5.799488555    1.621745002    5.288286643
    1.221730476   -0.698131701    8.913164850   33.780933771    6.704042787
    1.396263402   -0.698131701   17.268826280   60.306166549    7.624966273
    1.570796327   -0.698131701   29.240705239   74.420281387    7.941007648
    1.745329252   -0.698131701   42.382063322   73.691241996    7.767604163
    1.919862177   -0.698131701   54.202654298   59.852169693    7.346098645
    2.094395102   -0.698131701   62.771061071   37.260610162    6.899002313
    2.268928028   -0.698131701   67.007729431   11.069500922    6.529575841
    2.443460953   -0.698131701   66.709638933  -13.978875092    6.196666491
    2.617993878   -0.698131701   62.424922685  -34.082829247    5.746603319
    2.792526803   -0.698131701   55.274057712  -46.511333867    4.973128300
    2.967059728   -0.698131701   46.743610832  -49.877370169    3.724394030

   -3.141592654   -0.349065850   38.888761338  -49.536752759    2.630030859
   -2.967059728   -0.349065850   31.160189026  -38.228535743   -0.229993525
   -2.792526803   -0.349065850   25.744543438  -23.743818377   -3.290953237
   -2.617993878   -0.349065850   22.808911004  -10.485215392   -6.275663881
   -2.443460953   -0.349065850   21.809700575   -1.970261810   -9.038219623
   -2.268928028   -0.349065850   21.758922155    0.362589017  -11.620978042
   -2.094395102   -0.349065850   21.625028745   -2.602768331  -14.191251281
   -1.919862177   -0.349065850   20.698391279   -8.169457625  -16.864830403
   -1.745329252   -0.349065850   18.825787314  -12.879407896  -19.513484438
   -1.570796327   -0.349065850   16.439555381  -13.627121877  -21.681476095
   -1.396263402   -0.349065850   14.399852037   -8.826333829  -22.718635152
   -1.221730476   -0.349065850   13.660122147    0.976117233  -22.063459953
   -1.047197551   -0.349065850   14.893341999   13.231054822  -19.549222059
   -0.872664626   -0.349065850   18.229170271   24.453683568  -15.518865583
   -0.698131701   -0.349065850   23.197035195   31.483201396  -10.710925552
   -0.523598776   -0.349065850   28.872716623   32.358773235   -5.988893936
   -0.349065850   -0.349065850   34.104384952   26.400267135   -2.053893539
   -0.174532925   -0.349065850   37.722235096   13.997886190    0.737519007
    0.000000000   -0.349065850   38.713129883   -3.355843192    2.439086857
    0.174532925   -0.349065850   36.444958863  -22.691369372    3.490916292
    0.349065850   -0.349065850   30.962290684  -39.278072397    4.553458897
    0.523598776   -0.349065850   23.245316952  -47.352767065    6.236720304
    0.698131701   -0.349065850   15.223388001  -42.254778254    8.798863499
    0.872664626   -0.349065850    9.346347792  -23.015347065   11.973080329
    1.047197551   -0.349065850    7.798841809    6.273223895   15.062816323
    1.221730476   -0.349065850   11.677386296   37.693166907   17.280292196
    1.396263402   -0.349065850   20.582433983   62.596431480   18.119974329
    1.570796327   -0.349065850   32.795266836   74.923182422   17.561534065
    1.745329252   -0.349065850   45.898892685   72.869458078   16.003903101
    1.919862177   -0.349065850   57.511912247   58.417256199   14.026316632
    2.094395102   -0.349065850   65.819777899   35.779057755   12.128174461
    2.268928028   -0.349065850   69.811059628    9.739882173   10.567927152
    2.443460953   -0.349065850   69.281660785  -15.354364137    9.333374734
    2.617993878   -0.349065850   64.720853665  -35.966653431    8.203203388
    2.792526803   -0.349065850   57.162799874  -49.361796762    6.855871116
    2.967059728   -0.349065850   48.030014598  -53.932274494    5.029077180

   -3.141592654    0.000000000   40.074978125  -54.680298999    2.329488579
   -2.967059728    0.000000000   31.382137165  -44.036548510   -0.430311522
   -2.792526803    0.000000000   24.935093076  -29.650146790   -3.263098596
   -2.617993878    0.000000000   20.994722678  -16.035795401   -5.921653579
   -2.443460953    0.000000000   19.069148943   -7.041100879   -8.294346411
   -2.268928028    0.000000000   18.162533281   -4.416259824  -10.440739169
   -2.094395102    0.000000000   17.202169422   -7.310210962  -12.500813357
   -1.919862177    0.000000000   15.465502413  -12.673510130  -14.514661667
   -1.745329252    0.000000000   12.873145362  -16.446768559  -16.266634300
   -1.570796327    0.000000000   10.031216435  -15.065332345  -17.268423543
   -1.396263402    0.000000000    8.011258135   -7.006632769  -16.952268987
   -1.221730476    0.000000000    7.910539009    6.460565698  -14.966697826
   -1.047197551    0.000000000   10.379116628   21.697103449  -11.433081359
   -0.872664626    0.000000000   15.338351606   34.264908885   -6.967174433
   -0.698131701    0.000000000   21.991812500   40.654782402   -2.464176769
   -0.523598776    0.000000000   29.090334996   39.276694345    1.241213478
   -0.349065850    0.000000000   35.270366606   30.306532643    3.676372620
   -0.174532925    0.000000000   39.320172928   15.160029114    4.855843824
    0.000000000    0.000000000   40.355897780   -3.747736635    5.246442793
    0.174532925    0.000000000   38.008094355  -22.907287908    5.619408583
    0.349065850    0.000000000   32.630284098  -37.626945511    6.780307424
    0.523598776    0.000000000   25.443327381  -42.877451320    9.252118166
    0.698131701    0.000000000   18.438413278  -35.255007988   13.003004413
    0.872664626    0.000000000   13.899804143  -15.024292430   17.372560304
    1.047197551    0.000000000   13.679351358   13.134064955   21.303843568
    1.221730476    0.000000000   18.522006520   41.665049492   23.795849689
    1.396263402    0.000000000   27.809493615   63.003196180   24.317492487
    1.570796327    0.000000000   39.812184236   72.279517522   22.977193151
    1.745329252    0.000000000   52.277609416   68.444025342   20.378705603
    1.919862177    0.000000000   63.064072276   53.583152929   17.301968314
    2.094395102    0.000000000   70.567169402   31.504017445   14.392777445
    2.268928028    0.000000000   73.891443267    6.379884071   11.985770143
    2.443460953    0.000000000   72.842450394  -18.020424556   10.088069834
    2.617993878    0.000000000   67.835769070  -38.535272713    8.466555205
    2.792526803    0.000000000   59.789923120  -52.482479433    6.784137385
    2.967059728    0.000000000   50.027966685  -58.042359932    4.769108409

   -3.141592654    0.349065850   41.302785939  -59.196110920    1.455855582
   -2.967059728    0.349065850   31.775960106  -48.986647936   -0.311634959
   -2.792526803    0.349065850   24.463098345  -34.522390106   -2.001234646
   -2.617993878    0.349065850   19.711546693  -20.402333863   -3.515474529
   -2.443460953    0.349065850   17.079707234  -10.769694698   -4.849125251
   -2.268928028    0.349065850   15.568310446   -7.652223468   -6.092100506
   -2.094395102    0.349065850   14.072059938  -10.223956292   -7.343433682
   -1.919862177    0.349065850   11.861084571  -15.130993784   -8.580490141
   -1.745329252    0.349065850    8.920347910  -17.840026285   -9.575089665
   -1.570796327    0.349065850    5.992023356  -14.512817789   -9.928498263
   -1.396263402    0.349065850    4.290207549   -3.844204515   -9.256650293
   -1.221730476    0.349065850    4.970602773   12.159852232   -7.413119972
   -1.047197551    0.349065850    8.590092855   28.956200295   -4.639406756
   -0.872664626    0.349065850   14.838280396   41.489285511   -1.507211967
   -0.698131701    0.349065850   22.633224221   46.275283924    1.311316417
   -0.523598776    0.349065850   30.499247771   42.367232245    3.331366030
   -0.349065850    0.349065850   36.992667877   30.889892610    4.459235962
   -0.174532925    0.349065850   40.989527088   14.185781184    5.007099963
    0.000000000    0.349065850   41.832903064   -4.679314839    5.572703971
    0.174532925    0.349065850   39.456176280  -22.030157250    6.839177397
    0.349065850    0.349065850   34.493197451  -33.606499712    9.321847140
    0.523598776    0.349065850   28.314099801  -35.420857459   13.135585472
    0.698131701    0.349065850   22.842119227  -25.449336762   17.858964527
    0.872664626    0.349065850   20.065266788   -5.075905970   22.589182672
    1.047197551    0.349065850   21.409451924   20.735751307   26.242955115
    1.221730476    0.349065850   27.236080375   45.154152077   27.978532498
    1.396263402    0.349065850   36.734185607   61.990157522   27.502554336
    1.570796327    0.349065850   48.227851626   67.704153340   25.129333042
    1.745329252    0.349065850   59.703948976   61.986665678   21.575323217
    1.919862177    0.349065850   69.323389340   46.915748936   17.648253481
    2.094395102    0.349065850   75.731677705   25.751992729   13.983969512
    2.268928028    0.349065850   78.166169735    1.942800830   10.918648961
    2.443460953    0.349065850   76.443769596  -21.379004127    8.497360785
    2.617993878    0.349065850   70.902120237  -41.432153309    6.560460262
    2.792526803    0.349065850   62.341391648  -55.585618456    4.860418583
    2.967059728    0.349065850   51.981736242  -61.807152577    3.188768556

   -3.141592654    0.698131701   42.818800353  -61.554753000   -0.498228365
   -2.967059728    0.698131701   32.854110546  -51.604535321   -1.003334607
   -2.792526803    0.698131701   25.075384194  -37.193861702   -1.255839381
   -2.617993878    0.698131701   19.866933915  -22.936454865   -1.341159415
   -2.443460953    0.698131701   16.809969793  -13.103378416   -1.382430178
   -2.268928028    0.698131701   14.905981628   -9.823386479   -1.514004284
   -2.094395102    0.698131701   13.043849247  -12.230885703   -1.822060383
   -1.919862177    0.698131701   10.509503268  -16.772399501   -2.284075389
   -1.745329252    0.698131701    7.344260143  -18.680758973   -2.755270058
   -1.570796327    0.698131701    4.375067286  -14.069469347   -3.014552333
   -1.396263402    0.698131701    2.881818144   -1.894587092   -2.876482510
   -1.221730476    0.698131701    4.016696172   15.322422884   -2.290276877
   -1.047197551    0.698131701    8.239465137   32.546722284   -1.378573294
   -0.872664626    0.698131701   15.080044510   44.532817281   -0.368547810
   -0.698131701    0.698131701   23.304439327   48.075978376    0.544409577
   -0.523598776    0.698131701   31.366423856   42.862546071    1.326446102
   -0.349065850    0.698131701   37.874749406   30.720349716    2.163659367
   -0.174532925    0.698131701   41.865985724   14.503197395    3.399927178
    0.000000000    0.698131701   42.902216995   -2.580387824    5.416594137
    0.174532925    0.698131701   41.123600723  -17.157690952    8.486160770
    0.349065850    0.698131701   37.280190761  -25.690844353   12.623340769
    0.523598776    0.698131701   32.702788632  -25.199603614   17.487812312
    0.698131701    0.698131701   29.095938053  -14.657286642   22.385398783
    0.872664626    0.698131701   28.089302919    4.030716460   26.409938958
    1.047197551    0.698131701   30.724789948   26.163751347   28.734360059
    1.221730476    0.698131701   37.094770456   45.895492020   28.915640881
    1.396263402    0.698131701   46.325006802   58.332314366   27.033910277
    1.570796327    0.698131701   56.887714394   60.972483323   23.619606823
    1.745329252    0.698131701   67.049422993   53.954894013   19.407787151
    1.919862177    0.698131701   75.273651221   39.187101725   15.087009405
    2.094395102    0.698131701   80.440228573   19.365207318   11.138129850
    2.268928028    0.698131701   81.908176993   -2.739466808    7.801182164
    2.443460953    0.698131701   79.504983343  -24.568696422    5.125690762
    2.617993878    0.698131701   73.498227816  -43.677943202    3.050078712
    2.792526803    0.698131701   64.582356271  -57.494970649    1.474590324
    2.967059728    0.698131701   53.881262610  -63.837276402    0.310284140

   -3.141592654    1.047197551   41.546411121  -61.561246640   -5.389328496
   -2.967059728    1.047197551   31.666836585  -50.664336577   -4.681766549
   -2.792526803    1.047197551   24.106463920  -35.701356456   -3.598470021
   -2.617993878    1.047197551   19.172072094  -21.360983276   -2.400292091
   -2.443460953    1.047197551   16.365526839  -11.862915452   -1.319939731
   -2.268928028    1.047197551   14.629958529   -9.153171577   -0.512519829
   -2.094395102    1.047197551   12.832614460  -12.139388136   -0.028980019
   -1.919862177    1.047197551   10.274948405  -17.094224308    0.165215537
   -1.745329252    1.047197551    7.034417122  -19.183658755    0.133387868
   -1.570796327    1.047197551    3.975012662  -14.582341123   -0.078697495
   -1.396263402    1.047197551    2.396142670   -2.368546290   -0.457365962
   -1.221730476    1.047197551    3.448528665   14.832256790   -0.978974284
   -1.047197551    1.047197551    7.580007192   31.981194924   -1.553723426
   -0.872664626    1.047197551   14.318391816   43.950840759   -1.993577028
   -0.698131701    1.047197551   22.459241306   47.768039538   -2.028157878
   -0.523598776    1.047197551   30.529038825   43.370298609   -1.361327338
   -0.349065850    1.047197551   37.247114499   32.731200714    0.263945989
   -0.174532925    1.047197551   41.767936676   18.645472356    2.995981826
    0.000000000    1.047197551   43.739636070    4.014518513    6.824262409
    0.174532925    1.047197551   43.315433903   -8.321111867   11.537774376
    0.349065850    1.047197551   41.152390219  -15.475728656   16.691558710
    0.523598776    1.047197551   38.374962120  -15.070935827   21.625623044
    0.698131701    1.047197551   36.398685056   -6.400068350   25.565533804
    0.872664626    1.047197551   36.551469198    8.842346724   27.810216213
    1.047197551    1.047197551   39.659021139   26.711416742   27.966360117
    1.221730476    1.047197551   45.759667319   42.378462159   26.093383678
    1.396263402    1.047197551   54.094607749   51.817141723   22.652991940
    1.570796327    1.047197551   63.363253890   52.896685913   18.311785395
    1.745329252    1.047197551   72.076868810   45.618368111   13.694560224
    1.919862177    1.047197551   78.889615890   31.446933680    9.244454865
    2.094395102    1.047197551   82.788915380   12.617324656    5.204242721
    2.268928028    1.047197551   83.173516209   -8.403805233    1.695415401
    2.443460953    1.047197551   79.874682184  -29.168469721   -1.202541336
    2.617993878    1.047197551   73.157720540  -47.203111008   -3.410602844
    2.792526803    1.047197551   63.724090624  -59.875646576   -4.852478370
    2.967059728    1.047197551   52.710485883  -65.004184575   -5.497294286

   -3.141592654    1.396263402   36.731667386  -60.609059132  -11.024196408
   -2.967059728    1.396263402   27.178062953  -47.957556000   -9.590931413
   -2.792526803    1.396263402   20.199847550  -31.855316636   -7.696567472
   -2.617993878    1.396263402   15.981980294  -17.116347255   -5.718930495
   -2.443460953    1.396263402   13.900212593   -7.896525062   -3.934344643
   -2.268928028    1.396263402   12.798731593   -5.902154400   -2.454711624
   -2.094395102    1.396263402   11.492187678   -9.776073195   -1.248103314
   -1.919862177    1.396263402    9.267518863  -15.646845149   -0.242054340
   -1.745329252    1.396263402    6.197368301  -18.698469437    0.558945311
   -1.570796327    1.396263402    3.130289109  -15.183322434    1.039253810
   -1.396263402    1.396263402    1.346379105   -4.118016309    1.050766225
   -1.221730476    1.396263402    2.008131833   12.169884204    0.572171142
   -1.047197551    1.396263402    5.642561691   29.087816712   -0.176169674
   -0.872664626    1.396263402   11.929768764   41.857492368   -0.752936656
   -0.698131701    1.396263402   19.856541203   47.578099967   -0.643868695
   -0.523598776    1.396263402   28.123497439   45.924308055    0.551183957
   -0.349065850    1.396263402   35.556464262   38.374493512    2.997576267
   -0.174532925    1.396263402   41.317589553   27.119212460    6.602466411
    0.000000000    1.396263402   44.956732507   14.460203779   11.048457839
    0.174532925    1.396263402   46.431089083    2.721058129   15.835950500
    0.349065850    1.396263402   46.125223998   -5.535781361   20.316502501
    0.523598776    1.396263402   44.860808392   -7.928329598   23.769665390
    0.698131701    1.396263402   43.790647566   -3.299928665   25.550553818
    0.872664626    1.396263402   44.098186772    7.543002332   25.286589238
    1.047197551    1.396263402   46.637650648   21.690057955   23.037444027
    1.221730476    1.396263402   51.636919433   35.038322179   19.291335958
    1.396263402    1.396263402   58.601704769   43.682375288   14.764640207
    1.570796327    1.396263402   66.463160054   45.018237868   10.126229458
    1.745329252    1.396263402   73.855439198   38.360888190    5.786279368
    1.919862177    1.396263402   79.447616440   24.669280721    1.872328155
    2.094395102    1.396263402   82.186717869    6.073753969   -1.661120592
    2.268928028    1.396263402   81.444854960  -14.739771615   -4.859670997
    2.443460953    1.396263402   77.077925150  -34.991164437   -7.661474792
    2.617993878    1.396263402   69.427477991  -51.963163468   -9.879349558
    2.792526803    1.396263402   59.296637500  -63.004123048  -11.267488993
    2.967059728    1.396263402   47.907862940  -66.114324686  -11.651797688

   -3.141592654    1.745329252   30.502710810  -58.507267492  -17.146215431
   -2.967059728    1.745329252   21.484561862  -44.050170735  -15.921742868
   -2.792526803    1.745329252   15.281392681  -27.043424880  -14.034549701
   -2.617993878    1.745329252   11.915865444  -12.291458991  -11.810394921
   -2.443460953    1.745329252   10.631001131   -3.655500600   -9.500358184
   -2.268928028    1.745329252   10.202910043   -2.429315675   -7.213393718
   -2.094395102    1.745329252    9.440835206   -6.989383765   -4.929125064
   -1.919862177    1.745329252    7.649073604  -13.483602710   -2.605707712
   -1.745329252    1.745329252    4.892615393  -17.319841771   -0.312362934
   -1.570796327    1.745329252    1.974724047  -14.912985078    1.723213800
   -1.396263402    1.745329252    0.128935719   -5.095613948    3.211338043
   -1.221730476    1.745329252    0.536563200   10.344227253    3.998803668
   -1.047197551    1.745329252    3.849827497   27.430218691    4.228793546
   -0.872664626    1.745329252    9.957983306   41.673887370    4.329806789
   -0.698131701    1.745329252   18.062687763   49.935370589    4.834425009
   -0.523598776    1.745329252   26.997950171   51.226927155    6.143574933
   -0.349065850    1.745329252   35.592864307   46.263599411    8.369465208
   -0.174532925    1.745329252   42.887587080   36.594742375   11.321648343
    0.000000000    1.745329252   48.218477455   24.113502601   14.571479306
    0.174532925    1.745329252   51.278468800   10.964489171   17.540929953
    0.349065850    1.745329252   52.177259401   -0.204788859   19.590356342
    0.523598776    1.745329252   51.504968081   -6.592899285   20.146790003
    0.698131701    1.745329252   50.290027305   -6.255925804   18.877484068
    0.872664626    1.745329252   49.751282074    0.999383781   15.855553037
    1.047197551    1.745329252   50.942780064   13.078288896   11.601855156
    1.221730476    1.745329252   54.388296110   26.114914184    6.920229595
    1.396263402    1.745329252   59.870065441   35.763145537    2.577187696
    1.570796327    1.745329252   66.477055094   38.559514531   -0.986932399
    1.745329252    1.745329252   72.848689617   33.020461146   -3.767212310
    1.919862177    1.745329252   77.553880669   19.721938861   -6.067091580
    2.094395102    1.745329252   79.417101551    0.926887752   -8.260777707
    2.268928028    1.745329252   77.745972517  -20.204923175  -10.564252126
    2.443460953    1.745329252   72.425198879  -40.337101846  -12.938704225
    2.617993878    1.745329252   63.909396859  -56.364499630  -15.117654524
    2.792526803    1.745329252   53.155136548  -65.603497663  -16.724842989
    2.967059728    1.745329252   41.512546076  -66.362951361  -17.446637937

   -3.141592654    2.094395102   23.514697773  -57.455520139  -18.545834241
   -2.967059728    2.094395102   14.830035396  -41.363843786  -17.362640673
   -2.792526803    2.094395102    9.197158974  -23.307812773  -15.441429756
   -2.617993878    2.094395102    6.532048883   -8.087803735  -13.069702834
   -2.443460953    2.094395102    5.992889718    0.646116881  -10.470633095
   -2.268928028    2.094395102    6.317592590    1.900894498   -7.725152152
   -2.094395102    2.094395102    6.321702362   -2.523077300   -4.779689621
   -1.919862177    2.094395102    5.326159831   -8.844966292   -1.562178902
   -1.745329252    2.094395102    3.379937599  -12.745617072    1.862480308
   -1.570796327    2.094395102    1.221331239  -10.881765891    5.219246325
   -1.396263402    2.094395102    0.000000000   -2.028653819    8.112163788
   -1.221730476    2.094395102    0.855433957   12.442034845   10.236736113
   -1.047197551    2.094395102    4.487238779   29.102226760   11.567470674
   -0.872664626    2.094395102   10.912693908   43.783458368   12.374628930
   -0.698131701    2.094395102   19.480688586   53.228736302   13.054531781
   -0.523598776    2.094395102   29.116435429   55.944460027   13.899729867
   -0.349065850    2.094395102   38.637047406   52.039600797   14.946122752
   -0.174532925    2.094395102   46.970877585   42.544148739   15.975096378
    0.000000000    2.094395102   53.270344180   29.048067483   16.595740465
    0.174532925    2.094395102   57.011306296   13.623771925   16.352996468
    0.349065850    2.094395102   58.095977004   -0.877349132   14.842909107
    0.523598776    2.094395102   56.972316401  -11.106242166   11.856061881
    0.698131701    2.094395102   54.653164549  -14.243151861    7.525998344
    0.872664626    2.094395102   52.507276479   -9.136995315    2.402067750
    1.047197551    2.094395102   51.880745632    2.716531655   -2.662300683
    1.221730476    2.094395102   53.633982919   17.333294403   -6.811642752
    1.396263402    2.094395102   57.800945131   29.554255181   -9.535824087
    1.570796327    2.094395102   63.547986297   34.811919506  -10.860934849
    1.745329252    2.094395102   69.413483599   30.771000929  -11.278964417
    1.919862177    2.094395102   73.765776620   17.737685697  -11.473862769
    2.094395102    2.094395102   75.233941604   -1.709574936  -12.015853026
    2.268928028    2.094395102   73.019764690  -23.769623092  -13.159430098
    2.443460953    2.094395102   67.019484043  -44.442648164  -14.808972517
    2.617993878    2.094395102   57.797023485  -60.187216439  -16.603142811
    2.792526803    2.094395102   46.464490355  -68.262663743  -18.065789199
    2.967059728    2.094395102   34.506914444  -67.240075558  -18.787424394

   -3.141592654    2.443460953   17.282357077  -56.916659630  -12.498549958
   -2.967059728    2.443460953    8.832683503  -39.251650300  -11.261821262
   -2.792526803    2.443460953    3.684811231  -19.935549693   -9.521067454
   -2.617993878    2.443460953    1.691420652   -3.822257444   -7.464150165
   -2.443460953    2.443460953    1.955575399    5.557199126   -5.201223990
   -2.268928028    2.443460953    3.190136310    7.419514830   -2.708119280
   -2.094395102    2.443460953    4.217218455    3.690968112    0.156212932
   -1.919862177    2.443460953    4.368224907   -1.948768908    3.536409007
   -1.745329252    2.443460953    3.664623729   -5.493686603    7.420051075
   -1.570796327    2.443460953    2.757950053   -3.918400735   11.536740651
   -1.396263402    2.443460953    2.675495297    3.947886441   15.409552085
   -1.221730476    2.443460953    4.457016353   17.044088325   18.541497039
   -1.047197551    2.443460953    8.777204603   32.438801361   20.626931153
   -0.872664626    2.443460953   15.706942309   46.308883214   21.641087228
   -0.698131701    2.443460953   24.677962596   55.372701253   21.759644544
   -0.523598776    2.443460953   34.662862626   57.769452088   21.190665174
   -0.349065850    2.443460953   44.450153520   53.170900625   20.029923463
   -0.174532925    2.443460953   52.871785935   42.287171209   18.232117110
    0.000000000    2.443460953   58.948344332   26.622834153   15.653684219
    0.174532925    2.443460953   62.030314522    8.417459031   12.134618695
    0.349065850    2.443460953   61.945549351   -9.052771641    7.604297315
    0.523598776    2.443460953   59.164953771  -21.763974322    2.204113396
    0.698131701    2.443460953   54.856016375  -26.101655485   -3.619624001
    0.872664626    2.443460953   50.668726497  -20.328421594   -9.127140125
    1.047197551    2.443460953   48.286348045   -5.934742952  -13.478418379
    1.221730476    2.443460953   48.843235780   12.381733703  -16.051677049
    1.396263402    2.443460953   52.476606071   28.294466373  -16.707987987
    1.570796327    2.443460953   58.251285235   36.147538686  -15.850005760
    1.745329252    2.443460953   64.456423269   33.051784090  -14.228465345
    1.919862177    2.443460953   69.174148799   19.438092978  -12.632052737
    2.094395102    2.443460953   70.815152632   -1.508556044  -11.614853548
    2.268928028    2.443460953   68.487597688  -25.229368627  -11.373427588
    2.443460953    2.443460953   62.119067242  -47.078465267  -11.773299248
    2.617993878    2.443460953   52.394550145  -63.138042929  -12.462345237
    2.792526803    2.443460953   40.586076615  -70.624122190  -13.015850430
    2.967059728    2.443460953   28.321558737  -68.314761441  -13.087913488

   -3.141592654    2.792526803   14.624658405  -55.744430764    0.952320362
   -2.967059728    2.792526803    6.435981734  -37.457740191    2.541008182
   -2.792526803    2.792526803    1.648264265  -17.627444674    4.071764416
   -2.617993878    2.792526803    0.099077509   -1.039721565    5.509234435
   -2.443460953    2.792526803    0.897406056    8.924135723    6.945948590
   -2.268928028    2.792526803    2.789964621   11.642024878    8.592253683
   -2.094395102    2.792526803    4.653638425    9.100901508   10.709775160
   -1.919862177    2.792526803    5.867616194    4.822656481   13.494103970
   -1.745329252    2.792526803    6.452643694    2.420575698   16.939648413
   -1.570796327    2.792526803    6.979812184    4.442246648   20.754945155
   -1.396263402    2.792526803    8.323008985   11.741606932   24.407936248
   -1.221730476    2.792526803   11.341999331   23.285373514   27.288726643
   -1.047197551    2.792526803   16.565923987   36.484250501   28.921033912
   -0.872664626    2.792526803   23.991601447   47.941674730   29.091968316
   -0.698131701    2.792526803   33.040073243   54.650966971   27.845268082
   -0.523598776    2.792526803   42.700592284   54.781384406   25.373680158
   -0.349065850    2.792526803   51.770223065   47.928367463   21.892583767
   -0.174532925    2.792526803   59.077181864   34.754772466   17.583821845
    0.000000000    2.792526803   63.641977379   16.856443449   12.592547248
    0.174532925    2.792526803   64.845173074   -3.266367899    7.057484794
    0.349065850    2.792526803   62.602298332  -21.937205759    1.178662184
    0.523598776    2.792526803   57.550172085  -34.669308571   -4.707812569
    0.698131701    2.792526803   51.097784436  -37.470829847  -10.090171917
    0.872664626    2.792526803   45.176220500  -28.580226490  -14.339280766
    1.047197551    2.792526803   41.709051298   -9.996778925  -16.902655930
    1.221730476    2.792526803   41.938216248   12.625867297  -17.545593037
    1.396263402    2.792526803   45.927805792   31.912942011  -16.475136002
    1.570796327    2.792526803   52.513165744   41.538674034  -14.268649540
    1.745329252    2.792526803   59.689213160   38.542866660  -11.628636195
    1.919862177    2.792526803   65.280534815   23.819757442   -9.134840615
    2.094395102    2.792526803   67.545975825    1.243086409   -7.092699402
    2.268928028    2.792526803   65.559961609  -24.007002773   -5.534046634
    2.443460953    2.792526803   59.306150789  -46.885107375   -4.305288414
    2.617993878    2.792526803   49.572345454  -63.330831689   -3.184780981
    2.792526803    2.792526803   37.739016133  -70.644116522   -1.976289348
    2.967059728    2.792526803   25.515313839  -67.802748288   -0.588685295
