#! FIELDS phi psi file.free der_phi der_psi
#! SET min_phi -pi
#! SET max_phi pi
#! SET nbins_phi  36
#! SET periodic_phi true
#! SET min_psi -pi
#! SET max_psi pi
#! SET nbins_psi  18
#! SET periodic_psi true
   -3.141592654   -3.141592654   17.315450716  -52.826888549   17.102915730
   -2.967059728   -3.141592654    9.554080370  -35.502442473   19.238898318
   -2.792526803   -3.141592654    5.027014409  -16.564686509   20.567905225
   -2.617993878   -3.141592654    3.613545861   -0.457259319   21.179192193
   -2.443460953   -3.141592654    4.522644926    9.737302183   21.392595493
   -2.268928028   -3.141592654    6.637366014   13.497507478   21.670755135
   -2.094395102   -3.141592654    8.966147030   12.648795058   22.466711468
   -1.919862177   -3.141592654   10.967751847   10.292457822   24.066227216
   -1.745329252   -3.141592654   12.653860791    9.457390428   26.471058725
   -1.570796327   -3.141592654   14.483024788   12.134562153   29.352303462
   -1.396263402   -3.141592654   17.136607321   18.846771175   32.116701318
   -1.221730476   -3.141592654   21.253095760   28.575187642   34.065070032
   -1.047197551   -3.141592654   27.171936799   39.047610200   34.601371817
   -0.872664626   -3.141592654   34.770209898   47.321961522   33.387075097
   -0.698131701   -3.141592654   43.424946487   50.777387176   30.395290313
   -0.523598776   -3.141592654   52.136392876   47.821861753   25.856092523
   -0.349065850   -3.141592654   59.744217831   38.200611237   20.149233941
   -0.174532925   -3.141592654   65.143957355   22.722682479   13.726997234
    0.000000000   -3.141592654   67.454269901    3.183479580    7.062336064
    0.174532925   -3.141592654   66.193636762  -17.647548691    0.607497637
    0.349065850   -3.141592654   61.463901280  -35.829303303   -5.213926803
    0.523598776   -3.141592654   54.128257087  -46.707463793  -10.014133888
    0.698131701   -3.141592654   45.832043972  -46.359758482  -13.456025279
    0.872664626   -3.141592654   38.699746801  -33.464889853  -15.298207745
    1.047197551   -3.141592654   34.742341087  -10.772354538  -15.490507546
    1.221730476   -3.141592654   35.148973730   15.279426551  -14.248171101
    1.396263402   -3.141592654   39.816289501   36.821539524  -12.009864145
    1.570796327   -3.141592654   47.366151765   47.515069415   -9.290693601
    1.745329252   -3.141592654   55.612165884   44.725111687   -6.486094883
    1.919862177   -3.141592654   62.265356126   29.767897215   -3.770522162
    2.094395102   -3.141592654   65.536650267    6.815244809   -1.107916188
    2.268928028   -3.141592654   64.490295885  -18.807065073    1.639035485
    2.443460953   -3.141592654   59.115983749  -42.006860659    4.591500737
    2.617993878   -3.141592654   50.208971737  -58.742382708    7.773092671
    2.792526803   -3.141592654   39.148672573  -66.407111213   11.083228217
    2.967059728   -3.141592654   27.623218778  -64.100597932   14.293343989

   -3.141592654   -2.792526803   24.864550389  -48.423616419   25.084831024
   -2.967059728   -2.792526803   17.701646717  -33.075779858   26.989768536
   -2.792526803   -2.792526803   13.429880475  -16.009955249   27.827931360
   -2.617993878   -2.792526803   11.988836435   -1.200027319   27.849544161
   -2.443460953   -2.792526803   12.720848297    8.616743419   27.519237855
   -2.268928028   -2.792526803   14.680516759   12.997022974   27.376584735
   -2.094395102   -2.792526803   17.037160393   13.569702603   27.852664692
   -1.919862177   -2.792526803   19.354518431   13.010964205   29.122377502
   -1.745329252   -2.792526803   21.661034980   13.764383015   31.037545536
   -1.570796327   -2.792526803   24.323938223   17.200593324   33.139059598
   -1.396263402   -2.792526803   27.833484461   23.345382065   34.765925716
   -1.221730476   -2.792526803   32.573790569   30.992671620   35.222953458
   -1.047197551   -2.792526803   38.634481489   38.093648415   33.985372293
   -0.872664626   -2.792526803   45.715139325   42.299262303   30.842021111
   -0.698131701   -2.792526803   53.135382191   41.736924725   25.941125897
   -0.523598776   -2.792526803   59.966709880   35.495084247   19.719089309
   -0.349065850   -2.792526803   65.222431492   23.812122858   12.764047115
   -0.174532925   -2.792526803   68.037229643    7.755384299    5.697222545
    0.000000000   -2.792526803   67.793864376  -10.869779951   -0.903607879
    0.174532925   -2.792526803   64.256825466  -29.482072713   -6.560707111
    0.349065850   -2.792526803   57.726104544  -44.502110046  -10.910513308
    0.523598776   -2.792526803   49.191279609  -51.726731271  -13.726050098
    0.698131701   -2.792526803   40.341788092  -47.706525745  -14.937729849
    0.872664626   -2.792526803   33.263612072  -31.594957176  -14.648330110
    1.047197551   -2.792526803   29.851480400   -6.550298151  -13.147417071
    1.221730476   -2.792526803   31.121118874   20.778419018  -10.866737848
    1.396263402   -2.792526803   36.785326546   42.614954246   -8.252044906
    1.570796327   -2.792526803   45.325826596   53.029549915   -5.614435983
    1.745329252   -2.792526803   54.501884749   49.901302850   -3.027531379
    1.919862177   -2.792526803   62.052073578   34.946803029   -0.356980690
    2.094395102   -2.792526803   66.261178427   12.444741653    2.620532229
    2.268928028   -2.792526803   66.259717176  -12.449562730    6.067746764
    2.443460953   -2.792526803   62.058823911  -34.966052192    9.986770473
    2.617993878   -2.792526803   54.415982365  -51.386822642   14.197121549
    2.792526803   -2.792526803   44.624115317  -59.355432061   18.378522057
    2.967059728   -2.792526803   34.252721092  -58.062600209   22.133736391

   -3.141592654   -2.443460953   33.441101129  -43.988622759   23.054905670
   -2.967059728   -2.443460953   26.879249315  -30.625628111   24.590824884
   -2.792526803   -2.443460953   22.877601727  -15.283791877   25.254248095
   -2.617993878   -2.443460953   21.460064347   -1.517491877   25.269253689
   -2.443460953   -2.443460953   22.112468297    8.178035207   24.987161341
   -2.268928028   -2.443460953   24.048329157   13.280016943   24.786116786
   -2.094395102   -2.443460953   26.554981470   15.039186928   24.938369978
   -1.919862177   -2.443460953   29.230041810   15.579945911   25.502249787
   -1.745329252   -2.443460953   32.035479475   16.762245772   26.286497128
   -1.570796327   -2.443460953   35.179666990   19.514389528   26.879544185
   -1.396263402   -2.443460953   38.938384950   23.680127580   26.760153411
   -1.221730476   -2.443460953   43.478502279   28.225477125   25.440964384
   -1.047197551   -2.443460953   48.734981973   31.613526967   22.630423466
   -0.872664626   -2.443460953   54.363320529   32.229628842   18.325595418
   -0.698131701   -2.443460953   59.767705940   28.905351379   12.820837784
   -0.523598776   -2.443460953   64.210763981   21.210729528    6.621927736
   -0.349065850   -2.443460953   66.953381254    9.548807371    0.315981881
   -0.174532925   -2.443460953   67.380936892   -5.119195184   -5.538032526
    0.000000000   -2.443460953   65.090224875  -21.308663289  -10.474370898
    0.174532925   -2.443460953   59.993052178  -36.839834010  -14.172062191
    0.349065850   -2.443460953   52.465067449  -48.555866663  -16.463158528
    0.523598776   -2.443460953   43.501849090  -52.625468477  -17.340432138
    0.698131701   -2.443460953   34.739433758  -45.893814860  -16.944518261
    0.872664626   -2.443460953   28.164423612  -27.756672528  -15.532244209
    1.047197551   -2.443460953   25.537748137   -1.520072766  -13.443102791
    1.221730476   -2.443460953   27.728904838   26.196106900  -11.031329383
    1.396263402   -2.443460953   34.329152163   47.865006953   -8.564224554
    1.570796327   -2.443460953   43.758228490   57.978250520   -6.143578547
    1.745329252   -2.443460953   53.789150101   54.815537166   -3.685729877
    1.919862177   -2.443460953   62.228904816   40.301560514   -1.001499208
    2.094395102   -2.443460953   67.442917029   18.646534586    2.087331883
    2.268928028   -2.443460953   68.609523701   -5.288601628    5.638983357
    2.443460953   -2.443460953   65.727725878  -27.093800064    9.546242685
    2.617993878   -2.443460953   59.483303100  -43.350450506   13.558876504
    2.792526803   -2.443460953   51.057627952  -51.872321759   17.352822646
    2.967059728   -2.443460953   41.893356437  -51.842105652   20.603563295

   -3.141592654   -2.094395102   39.804064351  -40.562726983   13.838642143
   -2.967059728   -2.094395102   33.722366770  -28.545070662   14.765160036
   -2.792526803   -2.094395102   29.977920119  -14.371574602   15.259996255
   -2.617993878   -2.094395102   28.644057210   -1.396610957   15.438381332
   -2.443460953   -2.094395102   29.284916052    8.007427395   15.430097721
   -2.268928028   -2.094395102   31.198108330   13.247621764   15.353634601
   -2.094395102   -2.094395102   33.725222419   15.301516452   15.266983525
   -1.919862177   -2.094395102   36.457468986   15.903361337   15.117658100
   -1.745329252   -2.094395102   39.281881906   16.532588842   14.729809900
   -1.570796327   -2.094395102   42.277585318   17.906713114   13.831269597
   -1.396263402   -2.094395102   45.576337609   19.909842847   12.139469224
   -1.221730476   -2.094395102   49.231501646   21.828713894    9.461338575
   -1.047197551   -2.094395102   53.140965346   22.641127520    5.794844019
   -0.872664626   -2.094395102   57.020270151   21.313029450    1.362180007
   -0.698131701   -2.094395102   60.424605636   17.113280877   -3.429752006
   -0.523598776   -2.094395102   62.823581019    9.797056353   -8.093958438
   -0.349065850   -2.094395102   63.691728793   -0.339508170  -12.185550192
   -0.174532925   -2.094395102   62.589622459  -12.644595982  -15.391695385
    0.000000000   -2.094395102   59.223671380  -26.071650158  -17.563452991
    0.174532925   -2.094395102   53.536024545  -38.873285978  -18.720750671
    0.349065850   -2.094395102   45.864682457  -48.239586247  -19.004625087
    0.523598776   -2.094395102   37.120462016  -50.529224027  -18.619517819
    0.698131701   -2.094395102   28.834685752  -42.616591584  -17.765317279
    0.872664626   -2.094395102   22.893604550  -23.842673190  -16.584779845
    1.047197551   -2.094395102   20.973230185    2.603901647  -15.156693598
    1.221730476   -2.094395102   23.882785014   30.281062873  -13.512031876
    1.396263402   -2.094395102   31.189317524   51.885001003  -11.641051218
    1.570796327   -2.094395102   41.327743215   62.129874656   -9.510388889
    1.745329252   -2.094395102   52.117698854   59.405969026   -7.078436041
    1.919862177   -2.094395102   61.417537556   45.586925088   -4.332273751
    2.094395102   -2.094395102   67.621858134   24.688954584   -1.316280242
    2.268928028   -2.094395102   69.898357215    1.327088548    1.852015728
    2.443460953   -2.094395102   68.195603839  -20.282743597    4.993464294
    2.617993878   -2.094395102   63.123630020  -36.811742127    7.905932212
    2.792526803   -2.094395102   55.782525653  -46.061893129   10.412571354
    2.967059728   -2.094395102   47.543381098  -47.121015435   12.402589003

   -3.141592654   -1.745329252   41.843099762  -39.278989885    5.111022769
   -2.967059728   -1.745329252   35.958789139  -27.548873913    5.541521000
   -2.792526803   -1.745329252   32.371160040  -13.569762423    5.879703989
   -2.617993878   -1.745329252   31.158902399   -0.820337305    6.099543805
   -2.443460953   -1.745329252   31.873708045    8.257271895    6.107236761
   -2.268928028   -1.745329252   33.791048374   13.017763569    5.779458024
   -2.094395102   -1.745329252   36.220024206   14.360844878    4.989623061
   -1.919862177   -1.745329252   38.702538391   13.920027167    3.624295902
   -1.745329252   -1.745329252   41.060514538   13.104369336    1.609667680
   -1.570796327   -1.745329252   43.305861118   12.701119279   -1.055202087
   -1.396263402   -1.745329252   45.532477931   12.850615218   -4.261442553
   -1.221730476   -1.745329252   47.815332238   13.266082881   -7.791785535
   -1.047197551   -1.745329252   50.154347666   13.377630112  -11.349437720
   -0.872664626   -1.745329252   52.436576481   12.473998597  -14.616325728
   -0.698131701   -1.745329252   54.419989086    9.849570431  -17.305384186
   -0.523598776   -1.745329252   55.754645902    4.976663113  -19.199799550
   -0.349065850   -1.745329252   56.024356539   -2.359221527  -20.182153286
   -0.174532925   -1.745329252   54.803170897  -12.058763578  -20.262617691
    0.000000000   -1.745329252   51.720982266  -23.545156953  -19.596900823
    0.174532925   -1.745329252   46.576597678  -35.333562823  -18.482040582
    0.349065850   -1.745329252   39.541411789  -44.628850224  -17.284031407
    0.523598776   -1.745329252   31.380440967  -47.538904541  -16.320461696
    0.698131701   -1.745329252   23.540216744  -40.503460756  -15.736890904
    0.872664626   -1.745329252   17.901904956  -22.422360071  -15.446674744
    1.047197551   -1.745329252   16.203325780    3.812873690  -15.181360235
    1.221730476   -1.745329252   19.347463734   31.838873815  -14.620327723
    1.396263402   -1.745329252   26.990177038   54.223284565  -13.514280215
    1.570796327   -1.745329252   37.621323232   65.436132464  -11.772673246
    1.745329252   -1.745329252   49.069893609   63.603528335   -9.471345708
    1.919862177   -1.745329252   59.161002569   50.385315060   -6.816023589
    2.094395102   -1.745329252   66.226711455   29.679308774   -4.071937887
    2.268928028   -1.745329252   69.360098353    6.080217571   -1.497214504
    2.443460953   -1.745329252   68.439696916  -16.126244508    0.709499079
    2.617993878   -1.745329252   64.023973993  -33.472955238    2.440762413
    2.792526803   -1.745329252   57.190450396  -43.579097601    3.688552453
    2.967059728   -1.745329252   49.320350410  -45.359953831    4.536872345

   -3.141592654   -1.396263402   41.022279594  -39.355556111    0.903453317
   -2.967059728   -1.396263402   35.145663703  -27.383798217    0.759374950
   -2.792526803   -1.396263402   31.603704025  -13.259742171    0.620906367
   -2.617993878   -1.396263402   30.433308585   -0.730755333    0.433508305
   -2.443460953   -1.396263402   31.108747636    7.630839149    0.041790952
   -2.268928028   -1.396263402   32.818276729   11.193051801   -0.771358569
   -2.094395102   -1.396263402   34.796667660   10.978568431   -2.239003647
   -1.919862177   -1.396263402   36.540147054    8.830032251   -4.541821069
   -1.745329252   -1.396263402   37.868284587    6.443132224   -7.721184532
   -1.570796327   -1.396263402   38.847107914    4.963481246  -11.601914064
   -1.396263402   -1.396263402   39.687850631    4.868697155  -15.780104399
   -1.221730476   -1.396263402   40.630759725    6.068544108  -19.710750096
   -1.047197551   -1.396263402   41.854441136    7.936171251  -22.856686636
   -0.872664626   -1.396263402   43.393440357    9.478429053  -24.825875027
   -0.698131701   -1.396263402   45.089786702    9.563614465  -25.437669359
   -0.523598776   -1.396263402   46.602681190    7.248877764  -24.717666810
   -0.349065850   -1.396263402   47.457193766    1.964742558  -22.868076911
   -0.174532925   -1.396263402   47.114272594   -6.465461484  -20.241984719
    0.000000000   -1.396263402   45.048362843  -17.670760708  -17.313802376
    0.174532925   -1.396263402   40.876095701  -30.241926529  -14.612096359
    0.349065850   -1.396263402   34.592666305  -41.228568066  -12.593013402
    0.523598776   -1.396263402   26.840223360  -46.286108142  -11.497399023
    0.698131701   -1.396263402   19.042286646  -41.185538439  -11.260348979
    0.872664626   -1.396263402   13.175069619  -24.187465832  -11.535136703
    1.047197551   -1.396263402   11.161049337    2.153620644  -11.834680491
    1.221730476   -1.396263402   14.108714082   31.387983935  -11.722669081
    1.396263402   -1.396263402   21.829386132   55.609445093  -10.949945141
    1.570796327   -1.396263402   32.867534102   68.652131048   -9.503375526
    1.745329252   -1.396263402   45.000228493   68.091470913   -7.561505191
    1.919862177   -1.396263402   55.925311093   55.296692344   -5.406494261
    2.094395102   -1.396263402   63.823768186   34.179407497   -3.330759989
    2.268928028   -1.396263402   67.661577187    9.576372351   -1.568528799
    2.443460953   -1.396263402   67.242991226  -13.882849683   -0.258945530
    2.617993878   -1.396263402   63.113375490  -32.400009230    0.561812306
    2.792526803   -1.396263402   56.388569653  -43.336510648    0.943831486
    2.967059728   -1.396263402   48.522781750  -45.490942998    1.009651795

   -3.141592654   -1.047197551   38.403678654  -41.417516205    2.170841484
   -2.967059728   -1.047197551   32.208898019  -28.938277599    1.021574908
   -2.792526803   -1.047197551   28.447654851  -14.235534247   -0.262694550
   -2.617993878   -1.047197551   27.141490345   -1.381799065   -1.617634176
   -2.443460953   -1.047197551   27.694957345    6.780189730   -3.083202590
   -2.268928028   -1.047197551   29.189857342    9.471964740   -4.814195347
   -2.094395102   -1.047197551   30.745010655    7.765077264   -7.047915552
   -1.919862177   -1.047197551   31.769860061    3.788353941   -9.995128128
   -1.745329252   -1.047197551   32.067505106   -0.243715808  -13.684878187
   -1.570796327   -1.047197551   31.790437814   -2.557703603  -17.836845943
   -1.396263402   -1.047197551   31.338167621   -2.186345830  -21.869909466
   -1.221730476   -1.047197551   31.195322219    0.900531142  -25.066771632
   -1.047197551   -1.047197551   31.764952452    5.740607792  -26.824013540
   -0.872664626   -1.047197551   33.218497175   10.705845345  -26.840163641
   -0.698131701   -1.047197551   35.415461666   13.977168633  -25.168326492
   -0.523598776   -1.047197551   37.923865480   14.075135116  -22.147487635
   -0.349065850   -1.047197551   40.099888687   10.075109519  -18.291199354
   -0.174532925   -1.047197551   41.190014087    1.619006088  -14.188292606
    0.000000000   -1.047197551   40.437111258  -10.917601246  -10.416186183
    0.174532925   -1.047197551   37.247819303  -25.870595074   -7.430004429
    0.349065850   -1.047197551   31.478196204  -39.735773501   -5.454526383
    0.523598776   -1.047197551   23.749202320  -47.406378185   -4.426686036
    0.698131701   -1.047197551   15.597145688  -43.922094167   -4.042293331
    0.872664626   -1.047197551    9.213354254  -27.142425824   -3.898931859
    1.047197551   -1.047197551    6.763661092    0.285741868   -3.660390798
    1.221730476   -1.047197551    9.543817396   31.399711692   -3.154679891
    1.396263402   -1.047197551   17.442994707   57.592515703   -2.366297037
    1.570796327   -1.047197551   28.965723252   72.089612739   -1.369797003
    1.745329252   -1.047197551   41.764794235   72.129696170   -0.264353966
    1.919862177   -1.047197551   53.381526088   59.042399743    0.858398261
    2.094395102   -1.047197551   61.855931105   36.941259240    1.911710036
    2.268928028   -1.047197551   66.060412362   10.983579365    2.804906192
    2.443460953   -1.047197551   65.763597071  -13.871567964    3.442413984
    2.617993878   -1.047197551   61.528457496  -33.569921334    3.735036996
    2.792526803   -1.047197551   54.524888898  -45.286175002    3.614572677
    2.967059728   -1.047197551   46.286643293  -47.738668472    3.074374298

   -3.141592654   -0.698131701   37.933988469  -45.264439595    2.319930185
   -2.967059728   -0.698131701   31.040004516  -33.037041264    0.196974570
   -2.792526803   -0.698131701   26.568010286  -18.232708253   -2.106643300
   -2.617993878   -0.698131701   24.585699511   -5.132240110   -4.415221503
   -2.443460953   -0.698131701   24.496536889    3.115692012   -6.672895447
   -2.268928028   -0.698131701   25.327917823    5.446192394   -8.982718667
   -2.094395102   -0.698131701   26.109375012    2.849707616  -11.563491465
   -1.919862177   -0.698131701   26.176018020   -2.277738228  -14.601242463
   -1.745329252   -0.698131701   25.334488664   -7.111565712  -18.059879446
   -1.570796327   -0.698131701   23.860673147   -9.179187800  -21.553258412
   -1.396263402   -0.698131701   22.379284457   -7.103117891  -24.404959411
   -1.221730476   -0.698131701   21.626449995   -0.996049563  -25.884130571
   -1.047197551   -0.698131701   22.182824043    7.524340936  -25.514754563
   -0.872664626   -0.698131701   24.260558038   15.971486288  -23.263282068
   -0.698131701   -0.698131701   27.618225031   21.810653654  -19.532125922
   -0.523598776   -0.698131701   31.624830296   23.170719351  -14.993820776
   -0.349065850   -0.698131701   35.396389212   19.034725135  -10.378331198
   -0.174532925   -0.698131701   37.946021752    9.193722579   -6.302636411
    0.000000000   -0.698131701   38.327255642   -5.602075226   -3.156729317
    0.174532925   -0.698131701   35.841503390  -23.118789203   -1.016006757
    0.349065850   -0.698131701   30.351284948  -39.172672527    0.356599945
    0.523598776   -0.698131701   22.596259233  -48.090766986    1.400059415
    0.698131701   -0.698131701   14.301307593  -44.706428019    2.539284342
    0.872664626   -0.698131701    7.842407536  -27.124413637    3.966801870
    1.047197551   -0.698131701    5.497186798    1.461202293    5.559906425
    1.221730476   -0.698131701    8.573629802   33.543393724    6.991703176
    1.396263402   -0.698131701   16.897068767   60.213161453    7.949330765
    1.570796327   -0.698131701   28.881990071   74.687055398    8.313045588
    1.745329252   -0.698131701   42.106856343   74.370069877    8.186635870
    1.919862177   -0.698131701   54.070560651   60.763203545    7.801366243
    2.094395102   -0.698131701   62.794201057   38.065947691    7.372918248
    2.268928028   -0.698131701   67.137390664   11.434917819    7.000985137
    2.443460953   -0.698131701   66.851339585  -14.216627514    6.645455232
    2.617993878   -0.698131701   62.475947764  -34.858633589    6.158623888
    2.792526803   -0.698131701   55.159900509  -47.581056043    5.347129473
    2.967059728   -0.698131701   46.438692155  -50.950585787    4.074630975

   -3.141592654   -0.349065850   38.538419008  -50.344341769    2.987109629
   -2.967059728   -0.349065850   30.698828883  -38.694685795    0.171935788
   -2.792526803   -0.349065850   25.229280296  -23.912050799   -2.824521161
   -2.617993878   -0.349065850   22.284234055  -10.443504296   -5.746045311
   -2.443460953   -0.349065850   21.305376829   -1.790772795   -8.465361577
   -2.268928028   -0.349065850   21.294282437    0.629499310  -11.035319171
   -2.094395102   -0.349065850   21.211284624   -2.294254702  -13.624026823
   -1.919862177   -0.349065850   20.338528691   -7.872767263  -16.340768247
   -1.745329252   -0.349065850   18.513051003  -12.642996435  -19.047226457
   -1.570796327   -0.349065850   16.160180548  -13.486722221  -21.277311548
   -1.396263402   -0.349065850   14.136009364   -8.788584143  -22.371325099
   -1.221730476   -0.349065850   13.395698875    0.934681328  -21.761997012
   -1.047197551   -0.349065850   14.618680414   13.161465041  -19.279403265
   -0.872664626   -0.349065850   17.944548997   24.416093660  -15.263830859
   -0.698131701   -0.349065850   22.911765539   31.515313979  -10.450359048
   -0.523598776   -0.349065850   28.599283240   32.453742607   -5.698518920
   -0.349065850   -0.349065850   33.850063242   26.511721558   -1.710712344
   -0.174532925   -0.349065850   37.484640628   14.068250709    1.143963212
    0.000000000   -0.349065850   38.482175994   -3.352753486    2.896344320
    0.174532925   -0.349065850   36.210353971  -22.731512896    3.962330752
    0.349065850   -0.349065850   30.720678800  -39.312282938    4.989394602
    0.523598776   -0.349065850   23.000768038  -47.355814649    6.594713907
    0.698131701   -0.349065850   14.979347482  -42.258406874    9.062352796
    0.872664626   -0.349065850    9.097027705  -23.084245031   12.158736618
    1.047197551   -0.349065850    7.529632288    6.116951481   15.213743580
    1.221730476   -0.349065850   11.379146814   37.541305891   17.449301116
    1.396263402   -0.349065850   20.271781425   62.638364230   18.350724748
    1.570796327   -0.349065850   32.522728103   75.336023178   17.876429558
    1.745329252   -0.349065850   45.734009804   73.674528659   16.401252294
    1.919862177   -0.349065850   57.508998233   59.416333383   14.485514912
    2.094395102   -0.349065850   65.983522763   36.627106855   12.618417615
    2.268928028   -0.349065850   70.084839356   10.104543677   11.056029566
    2.443460953   -0.349065850   69.564141863  -15.627503097    9.791487535
    2.617993878   -0.349065850   64.904783891  -36.793040417    8.615243498
    2.792526803   -0.349065850   57.173333320  -50.470532414    7.224168240
    2.967059728   -0.349065850   47.846051973  -55.005537213    5.374864218

   -3.141592654    0.000000000   39.831220413  -55.418353173    2.593918361
   -2.967059728    0.000000000   31.044605875  -44.380582398   -0.123017863
   -2.792526803    0.000000000   24.566740213  -29.683594557   -2.891653889
   -2.617993878    0.000000000   20.638623410  -15.885740503   -5.484908472
   -2.443460953    0.000000000   18.748013283   -6.804489542   -7.809013540
   -2.268928028    0.000000000   17.886128966   -4.147865365   -9.933398772
   -2.094395102    0.000000000   16.972812064   -7.044574261  -11.998009575
   -1.919862177    0.000000000   15.279922478  -12.446111241  -14.035679577
   -1.745329252    0.000000000   12.721678265  -16.287271033  -15.820152828
   -1.570796327    0.000000000    9.900271470  -14.992050883  -16.853568911
   -1.396263402    0.000000000    7.885981630   -7.013432716  -16.560350329
   -1.221730476    0.000000000    7.779422729    6.403742714  -14.585967776
   -1.047197551    0.000000000   10.237594103   21.640993927  -11.052286887
   -0.872664626    0.000000000   15.191456037   34.265607691   -6.577493294
   -0.698131701    0.000000000   21.852856665   40.746718139   -2.059227757
   -0.523598776    0.000000000   28.975136175   39.447673498    1.667119975
   -0.349065850    0.000000000   35.187965970   30.495172673    4.127076128
   -0.174532925    0.000000000   39.266066306   15.279825037    5.327379421
    0.000000000    0.000000000   40.311915730   -3.759633086    5.720725464
    0.174532925    0.000000000   37.950107483  -23.053210188    6.063160436
    0.349065850    0.000000000   32.538932036  -37.853527664    7.153436937
    0.523598776    0.000000000   25.310681969  -43.117739808    9.523579173
    0.698131701    0.000000000   18.265788895  -35.473230760   13.166836755
    0.872664626    0.000000000   13.691395346  -15.218646179   17.454619175
    1.047197551    0.000000000   13.439963930   12.979317631   21.355400815
    1.221730476    0.000000000   18.264793374   41.635239159   23.876448953
    1.396263402    0.000000000   27.568570714   63.242355338   24.474476400
    1.570796327    0.000000000   39.645752571   72.901218734   23.232435500
    1.745329252    0.000000000   52.252083503   69.413260972   20.725916121
    1.919862177    0.000000000   63.222627713   54.668495811   17.713777014
    2.094395102    0.000000000   70.899894865   32.352784628   14.831989210
    2.268928028    0.000000000   74.327701082    6.673823972   12.414871094
    2.443460953    0.000000000   73.270848061  -18.406679663   10.477553569
    2.617993878    0.000000000   68.145045840  -39.476640246    8.801083824
    2.792526803    0.000000000   59.908653266  -53.666529226    7.067941722
    2.967059728    0.000000000   49.944879424  -59.121218426    5.025540496

   -3.141592654    0.349065850   41.119453300  -59.892056453    1.592305137
   -2.967059728    0.349065850   31.512255684  -49.225161285   -0.123854148
   -2.792526803    0.349065850   24.189652572  -34.427386691   -1.743242580
   -2.617993878    0.349065850   19.471669326  -20.142190688   -3.186116158
   -2.443460953    0.349065850   16.890253971  -10.468391362   -4.461614786
   -2.268928028    0.349065850   15.430391453   -7.369534669   -5.666807975
   -2.094395102    0.349065850   13.980165373   -9.981128063   -6.899995232
   -1.919862177    0.349065850   11.807297436  -14.941144338   -8.133530986
   -1.745329252    0.349065850    8.894474678  -17.710750519   -9.133070626
   -1.570796327    0.349065850    5.983306337  -14.445192398   -9.496073060
   -1.396263402    0.349065850    4.288882877   -3.825991116   -8.835378607
   -1.221730476    0.349065850    4.970158651   12.152713663   -7.003355549
   -1.047197551    0.349065850    8.588813065   28.957016934   -4.240670937
   -0.872664626    0.349065850   14.840650815   41.533166125   -1.118279875
   -0.698131701    0.349065850   22.648791856   46.383151580    1.693028021
   -0.523598776    0.349065850   30.538689940   42.524592118    3.711410086
   -0.349065850    0.349065850   37.060203048   31.038821114    4.845288891
   -0.174532925    0.349065850   41.076256771   14.240484676    5.403264110
    0.000000000    0.349065850   41.915745038   -4.788016550    5.972002708
    0.174532925    0.349065850   39.504809979  -22.310949598    7.219087112
    0.349065850    0.349065850   34.481968524  -33.998903184    9.648609358
    0.523598776    0.349065850   28.231893694  -35.828584981   13.377588687
    0.698131701    0.349065850   22.693979383  -25.788923481   18.003980110
    0.872664626    0.349065850   19.867690417   -5.298695216   22.654979040
    1.047197551    0.349065850   21.185949274   20.668548911   26.274959124
    1.221730476    0.349065850   27.019285240   45.311980707   28.033894112
    1.396263402    0.349065850   36.571642421   62.466765118   27.627859172
    1.570796327    0.349065850   48.180864026   68.548248478   25.344429252
    1.745329252    0.349065850   59.831295150   63.109114231   21.869081952
    1.919862177    0.349065850   69.653207192   48.056455585   17.986944906
    2.094395102    0.349065850   76.236472908   26.556509268   14.325763173
    2.268928028    0.349065850   78.759379613    2.113004275   11.226071811
    2.443460953    0.349065850   77.003045734  -21.933423886    8.746707108
    2.617993878    0.349065850   71.312274492  -42.540952055    6.746387579
    2.792526803    0.349065850   62.535189278  -56.891182058    4.997344968
    2.967059728    0.349065850   51.959057860  -62.929215031    3.306860700

   -3.141592654    0.698131701   42.636893701  -62.237197712   -0.324214614
   -2.967059728    0.698131701   32.599315454  -51.774692310   -0.768963061
   -2.792526803    0.698131701   24.825774201  -37.001072990   -0.957183768
   -2.617993878    0.698131701   19.668586500  -22.574587105   -0.984069783
   -2.443460953    0.698131701   16.678905763  -12.711640487   -0.979879920
   -2.268928028    0.698131701   14.841122178   -9.461947496   -1.081818479
   -2.094395102    0.698131701   13.038365774  -11.912397119   -1.374391698
   -1.919862177    0.698131701   10.555590884  -16.502611804   -1.832342218
   -1.745329252    0.698131701    7.432507763  -18.469492832   -2.309478881
   -1.570796327    0.698131701    4.494188486  -13.928754603   -2.586972456
   -1.396263402    0.698131701    3.019168826   -1.828380320   -2.481885488
   -1.221730476    0.698131701    4.160122667   15.324942660   -1.944770778
   -1.047197551    0.698131701    8.379913232   32.513606372   -1.095468678
   -0.872664626    0.698131701   15.214819653   44.505993855   -0.153976258
   -0.698131701    0.698131701   23.438219988   48.096058937    0.695367159
   -0.523598776    0.698131701   31.509153166   42.941353997    1.432354084
   -0.349065850    0.698131701   38.034236799   30.819930650    2.255071257
   -0.174532925    0.698131701   42.038931384   14.540021408    3.510943668
    0.000000000    0.698131701   43.069624153   -2.694757601    5.572136048
    0.174532925    0.698131701   41.254695116  -17.461712009    8.690393278
    0.349065850    0.698131701   37.344123301  -26.145581127   12.856463381
    0.523598776    0.698131701   32.681408226  -25.706013955   17.714475384
    0.698131701    0.698131701   28.990221467  -15.102245973   22.571737529
    0.872664626    0.698131701   27.918279154    3.738780481   26.539489815
    1.047197551    0.698131701   30.521509776   26.097159308   28.814568017
    1.221730476    0.698131701   36.905011557   46.128911604   28.971237420
    1.396263402    0.698131701   46.207535176   58.934084691   27.091978999
    1.570796327    0.698131701   56.908845455   61.947636480   23.696928383
    1.745329252    0.698131701   67.265201920   55.172643409   19.505988056
    1.919862177    0.698131701   75.703346983   40.361236831   15.196744753
    2.094395102    0.698131701   81.044611402   20.133189485   11.247444969
    2.268928028    0.698131701   82.589017512   -2.666729129    7.901516170
    2.443460953    0.698131701   80.131092369  -25.259019372    5.215811403
    2.617993878    0.698131701   73.950455224  -44.928221089    3.136800135
    2.792526803    0.698131701   64.795681734  -58.911807552    1.572055378
    2.967059728    0.698131701   53.863467700  -65.012806922    0.436922777

   -3.141592654    1.047197551   41.379495145  -62.145079239   -5.258294466
   -2.967059728    1.047197551   31.444443611  -50.735479135   -4.473028457
   -2.792526803    1.047197551   23.905971136  -35.417154057   -3.334221225
   -2.617993878    1.047197551   19.037817687  -20.918903787   -2.101858182
   -2.443460953    1.047197551   16.311574833  -11.401789639   -1.003382089
   -2.268928028    1.047197551   14.653599550   -8.730181881   -0.186423212
   -2.094395102    1.047197551   12.925817327  -11.766272203    0.305406567
   -1.919862177    1.047197551   10.428163846  -16.783626579    0.509052142
   -1.745329252    1.047197551    7.234597515  -18.961480285    0.482858152
   -1.570796327    1.047197551    4.204017586  -14.478622970    0.260323920
   -1.396263402    1.047197551    2.631810311   -2.399304644   -0.157127428
   -1.221730476    1.047197551    3.668210474   14.680721343   -0.751462198
   -1.047197551    1.047197551    7.766071978   31.755542886   -1.426460350
   -0.872664626    1.047197551   14.464052475   43.724774167   -1.976262815
   -0.698131701    1.047197551   22.571374440   47.621273605   -2.105707245
   -0.523598776    1.047197551   30.626617828   43.352390447   -1.493865655
   -0.349065850    1.047197551   37.352587081   32.828276748    0.133495350
   -0.174532925    1.047197551   41.894815109   18.773264452    2.926626020
    0.000000000    1.047197551   43.882989313    4.054197007    6.858765058
    0.174532925    1.047197551   43.451143355   -8.460187524   11.687955829
    0.349065850    1.047197551   41.246585106  -15.809546688   16.934016965
    0.523598776    1.047197551   38.398247021  -15.536160721   21.910512808
    0.698131701    1.047197551   36.337390854   -6.886587625   25.834904050
    0.872664626    1.047197551   36.412144822    8.452545490   28.016037575
    1.047197551    1.047197551   39.468268924   26.529515584   28.080619074
    1.221730476    1.047197551   45.563211574   42.510653535   26.107269490
    1.396263402    1.047197551   53.955178959   52.346472815   22.569826930
    1.570796327    1.047197551   63.352358092   53.827771064   18.141511956
    1.745329252    1.047197551   72.255014899   46.814137695   13.452510504
    1.919862177    1.047197551   79.279339329   32.615665598    8.953039114
    2.094395102    1.047197551   83.353509315   13.392295853    4.893821298
    2.268928028    1.047197551   83.816779593   -8.312405699    1.400793591
    2.443460953    1.047197551   80.467606230  -29.826253764   -1.446763850
    2.617993878    1.047197551   73.583921672  -48.402968701   -3.575641498
    2.792526803    1.047197551   63.921950520  -61.221757854   -4.919812264
    2.967059728    1.047197551   52.691196181  -66.091167839   -5.461586199

   -3.141592654    1.396263402   36.540906512  -61.009802717  -10.861904490
   -2.967059728    1.396263402   26.959261351  -47.898291782   -9.351657802
   -2.792526803    1.396263402   20.021201784  -31.490998676   -7.430360697
   -2.617993878    1.396263402   15.879992812  -16.632222163   -5.462412407
   -2.443460953    1.396263402   13.883773487   -7.414782324   -3.705941068
   -2.268928028    1.396263402   12.862830427   -5.464147778   -2.255603746
   -2.094395102    1.396263402   11.628647458   -9.386120545   -1.067108743
   -1.919862177    1.396263402    9.466568206  -15.325917862   -0.065128585
   -1.745329252    1.396263402    6.442918321  -18.497324623    0.738020701
   -1.570796327    1.396263402    3.396091957  -15.161537427    1.210474947
   -1.396263402    1.396263402    1.597812883   -4.309038911    1.188768573
   -1.221730476    1.396263402    2.209260063   11.789443019    0.645262382
   -1.047197551    1.396263402    5.766796042   28.603723082   -0.191770587
   -0.872664626    1.396263402   11.970037891   41.401214859   -0.861211406
   -0.698131701    1.396263402   19.829955627   47.288629364   -0.823135412
   -0.523598776    1.396263402   28.068438248   45.894953807    0.345356032
   -0.349065850    1.396263402   35.520015371   38.605226100    2.822389046
   -0.174532925    1.396263402   41.337096620   27.502175354    6.512096238
    0.000000000    1.396263402   45.043743236   14.817224984   11.077137067
    0.174532925    1.396263402   46.565446940    2.880790405   15.985601409
    0.349065850    1.396263402   46.262791434   -5.667098814   20.554054298
    0.523598776    1.396263402   44.950457020   -8.337024607   24.035608169
    0.698131701    1.396263402   43.791931321   -3.883847102   25.775500974
    0.872664626    1.396263402   43.992928790    6.931121335   25.407620511
    1.047197551    1.396263402   46.434887542   21.210852047   23.008585259
    1.221730476    1.396263402   51.373797290   34.849339440   19.086735420
    1.396263402    1.396263402   58.340745693   43.910784781   14.378621751
    1.570796327    1.396263402   66.282682112   45.704665562    9.574712811
    1.745329252    1.396263402   73.828394032   39.396437761    5.108468818
    1.919862177    1.396263402   79.612877863   25.779065585    1.128655040
    2.094395102    1.396263402   82.525544888    6.891430536   -2.396912568
    2.268928028    1.396263402   81.877755255  -14.517434994   -5.513923335
    2.443460953    1.396263402   77.489401941  -35.452372993   -8.173138024
    2.617993878    1.396263402   69.710295109  -52.927878793  -10.209982722
    2.792526803    1.396263402   59.393386782  -64.105742276  -11.407136266
    2.967059728    1.396263402   47.828823608  -66.976120390  -11.619496561

   -3.141592654    1.745329252   30.317113794  -58.669329937  -17.071225262
   -2.967059728    1.745329252   21.301322560  -43.878919184  -15.779983044
   -2.792526803    1.745329252   15.148599084  -26.667031105  -13.891202944
   -2.617993878    1.745329252   11.855957207  -11.855907957  -11.709338033
   -2.443460953    1.745329252   10.645734414   -3.245230389   -9.460188076
   -2.268928028    1.745329252   10.285909766   -2.057354863   -7.230974621
   -2.094395102    1.745329252    9.586268519   -6.646862712   -4.987038618
   -1.919862177    1.745329252    7.850157018  -13.197522876   -2.682479827
   -1.745329252    1.745329252    5.133631068  -17.164491087   -0.392202084
   -1.570796327    1.745329252    2.224927352  -14.976729558    1.643387825
   -1.396263402    1.745329252    0.344995323   -5.428579081    3.123117915
   -1.221730476    1.745329252    0.673116032    9.775531797    3.890462482
   -1.047197551    1.745329252    3.875156519   26.748969765    4.096045159
   -0.872664626    1.745329252    9.867960251   41.064468035    4.182521772
   -0.698131701    1.745329252   17.886638345   49.586222429    4.696801632
   -0.523598776    1.745329252   26.793505025   51.260819437    6.047095559
   -0.349065850    1.745329252   35.428896924   46.678777506    8.343233135
   -0.174532925    1.745329252   42.819971837   37.247841165   11.382395973
    0.000000000    1.745329252   48.268588088   24.763933449   14.715943271
    0.174532925    1.745329252   51.423813556   11.367432261   17.742960791
    0.349065850    1.745329252   52.359041163   -0.207270684   19.804041510
    0.523598776    1.745329252   51.648336827   -7.024474824   20.314803812
    0.698131701    1.745329252   50.327260159   -7.018545060   18.942118750
    0.872664626    1.745329252   49.638692606    0.075729961   15.767550642
    1.047197551    1.745329252   50.669394999   12.192551796   11.325138887
    1.221730476    1.745329252   53.978687262   25.471216401    6.434072333
    1.396263402    1.745329252   59.382998576   35.543599542    1.879520424
    1.570796327    1.745329252   65.997419925   38.867421074   -1.873658680
    1.745329252    1.745329252   72.467101035   33.808702064   -4.791579587
    1.919862177    1.745329252   77.336379489   20.760961125   -7.151653167
    2.094395102    1.745329252   79.377511676    1.864674852   -9.313419983
    2.268928028    1.745329252   77.836882190  -19.690748019  -11.495388977
    2.443460953    1.745329252   72.557256825  -40.382842260  -13.677034066
    2.617993878    1.745329252   63.991224774  -56.858423418  -15.622324729
    2.792526803    1.745329252   53.132342458  -66.254781513  -16.992694740
    2.967059728    1.745329252   41.385782517  -66.861075048  -17.511857287

   -3.141592654    2.094395102   23.336459120  -57.410206134  -18.561902028
   -2.967059728    2.094395102   14.676526482  -41.140507167  -17.322992901
   -2.792526803    2.094395102    9.091975621  -22.999692155  -15.411945403
   -2.617993878    2.094395102    6.481189349   -7.787606139  -13.092383308
   -2.443460953    2.094395102    5.991089125    0.905593611  -10.561204904
   -2.268928028    2.094395102    6.359312688    2.144231474   -7.878528868
   -2.094395102    2.094395102    6.406906353   -2.268175297   -4.978471653
   -1.919862177    2.094395102    5.455415136   -8.605589201   -1.785684165
   -1.745329252    2.094395102    3.543557536  -12.610956333    1.631426588
   -1.570796327    2.094395102    1.391501376  -10.957938655    4.990994941
   -1.396263402    2.094395102    0.133865765   -2.373788109    7.893035393
   -1.221730476    2.094395102    0.908213564   11.870667960   10.036128254
   -1.047197551    2.094395102    4.430732290   28.449996310   11.403347700
   -0.872664626    2.094395102   10.750294848   43.256550940   12.272359532
   -0.698131701    2.094395102   19.251988889   53.022296535   13.039408761
   -0.523598776    2.094395102   28.888570581   56.166183967   13.985931369
   -0.349065850    2.094395102   38.483952428   52.653180848   15.129429965
   -0.174532925    2.094395102   46.946400218   43.360969569   16.231689470
    0.000000000    2.094395102   53.385947650   29.784536772   16.885927565
    0.174532925    2.094395102   57.228130894   14.005969619   16.627794984
    0.349065850    2.094395102   58.335529388   -1.015671839   15.051266758
    0.523598776    2.094395102   57.140458553  -11.776283818   11.951363532
    0.698131701    2.094395102   54.666392751  -15.321463144    7.471263260
    0.872664626    2.094395102   52.310853826  -10.426476067    2.172250034
    1.047197551    2.094395102   51.456996520    1.437403646   -3.080716851
    1.221730476    2.094395102   53.004477192   16.289984731   -7.421763139
    1.396263402    2.094395102   57.025816119   28.959376518  -10.329093382
    1.570796327    2.094395102   62.720081580   34.813930754  -11.812934781
    1.745329252    2.094395102   68.640143296   31.375250475  -12.345000495
    1.919862177    2.094395102   73.138311067   18.757643339  -12.589308159
    2.094395102    2.094395102   74.796881325   -0.609305917  -13.102361249
    2.268928028    2.094395102   72.756498921  -22.926705244  -14.136318415
    2.443460953    2.094395102   66.866104661  -44.039157012  -15.606752960
    2.617993878    2.094395102   57.677394243  -60.181494825  -17.177690643
    2.792526803    2.094395102   46.325866304  -68.446051546  -18.410338033
    2.967059728    2.094395102   34.337549546  -67.377667468  -18.935383513

   -3.141592654    2.443460953   17.116431974  -56.719151668  -12.540538072
   -2.967059728    2.443460953    8.704598763  -39.025818334  -11.266740291
   -2.792526803    2.443460953    3.595265428  -19.733062043   -9.541954133
   -2.617993878    2.443460953    1.632436307   -3.680028290   -7.534027252
   -2.443460953    2.443460953    1.917292275    5.656036018   -5.332467990
   -2.268928028    2.443460953    3.169609381    7.531598989   -2.898076413
   -2.094395102    2.443460953    4.220983151    3.857454256   -0.081293969
   -1.919862177    2.443460953    4.404406989   -1.755581862    3.266439653
   -1.745329252    2.443460953    3.730232334   -5.371168669    7.135270136
   -1.570796327    2.443460953    2.830559537   -3.977719063   11.258145885
   -1.396263402    2.443460953    2.717576353    3.654290275   15.163477541
   -1.221730476    2.443460953    4.431053400   16.573677756   18.361364338
   -1.047197551    2.443460953    8.664830381   31.948664193   20.549604741
   -0.872664626    2.443460953   15.522018820   45.999239340   21.696834928
   -0.698131701    2.443460953   24.467430234   55.408179406   21.959193091
   -0.523598776    2.443460953   34.494152072   58.210275006   21.514996672
   -0.349065850    2.443460953   44.388888581   53.933051029   20.430532115
   -0.174532925    2.443460953   52.956350613   43.148922385   18.642448050
    0.000000000    2.443460953   59.170877660   27.290034489   16.006015779
    0.174532925    2.443460953   62.332614793    8.625969720   12.375384301
    0.349065850    2.443460953   62.232752950   -9.446172840    7.702418592
    0.523598776    2.443460953   59.331180208  -22.741930843    2.151122555
    0.698131701    2.443460953   54.811002288  -27.513403184   -3.815373873
    0.872664626    2.443460953   50.355234043  -21.956038107   -9.448784283
    1.047197551    2.443460953   47.687153667   -7.543156271  -13.908697860
    1.221730476    2.443460953   47.982359096   11.028769201  -16.578067828
    1.396263402    2.443460953   51.418882822   27.425786157  -17.322885958
    1.570796327    2.443460953   57.097953891   35.938168577  -16.546208343
    1.745329252    2.443460953   63.328621056   33.540718819  -14.991652885
    1.919862177    2.443460953   68.182833739   20.470383443  -13.434542755
    2.094395102    2.443460953   70.028997964   -0.249961333  -12.413304799
    2.268928028    2.443460953   67.915499582  -24.086146442  -12.112392498
    2.443460953    2.443460953   61.719473170  -46.265805362  -12.395856953
    2.617993878    2.443460953   52.105236168  -62.677653081  -12.925671468
    2.792526803    2.443460953   40.355184392  -70.388845858  -13.306791292
    2.967059728    2.443460953   28.124150162  -68.145745653  -13.228818657

   -3.141592654    2.792526803   14.445096952  -55.469697857    0.937202655
   -2.967059728    2.792526803    6.298724056  -37.254980896    2.530427684
   -2.792526803    2.792526803    1.538679358  -17.519983166    4.031509234
   -2.617993878    2.792526803    0.000000000   -1.026382390    5.418734537
   -2.443460953    2.792526803    0.796054873    8.892539322    6.798799026
   -2.268928028    2.792526803    2.685018952   11.642108843    8.393276105
   -2.094395102    2.792526803    4.555888805    9.184342181   10.471798166
   -1.919862177    2.792526803    5.790998863    4.970695462   13.236390499
   -1.745329252    2.792526803    6.401691890    2.547326350   16.688055593
   -1.570796327    2.792526803    6.942061463    4.452165000   20.542250025
   -1.396263402    2.792526803    8.273698852   11.598957485   24.271892206
   -1.221730476    2.792526803   11.258730752   23.054595811   27.268518428
   -1.047197551    2.792526803   16.444953892   36.307918210   29.048507040
   -0.872664626    2.792526803   23.856358772   47.976708968   29.379659091
   -0.698131701    2.792526803   32.937332155   54.995277340   28.275555216
   -0.523598776    2.792526803   42.685261554   55.424933713   25.894665823
   -0.349065850    2.792526803   51.884659520   48.738477904   22.426298314
   -0.174532925    2.792526803   59.331275040   35.499741565   18.046021151
    0.000000000    2.792526803   64.001286304   17.272759768   12.915855632
    0.174532925    2.792526803   65.232861832   -3.385130102    7.208670622
    0.349065850    2.792526803   62.915832969  -22.669772285    1.163471192
    0.523598776    2.792526803   57.686518158  -35.945191711   -4.852787071
    0.698131701    2.792526803   50.976899548  -39.108912538  -10.313686600
    0.872664626    2.792526803   44.754112914  -30.358442459  -14.592217911
    1.047197551    2.792526803   40.980406153  -11.697868610  -17.150641341
    1.221730476    2.792526803   40.934666220   11.209097243  -17.774595192
    1.396263402    2.792526803   44.716775117   30.982853921  -16.690002839
    1.570796327    2.792526803   51.194969181   41.258603435  -14.486742206
    1.745329252    2.792526803   58.383815140   38.960357417  -11.869857023
    1.919862177    2.792526803   64.100925766   24.806432401   -9.410964939
    2.094395102    2.792526803   66.568372868    2.516949733   -7.399144097
    2.268928028    2.792526803   64.806439709  -22.761467499   -5.846790084
    2.443460953    2.792526803   58.750900737  -45.882189729   -4.587621645
    2.617993878    2.792526803   49.166118844  -62.625482882   -3.401578391
    2.792526803    2.792526803   37.434591837  -70.167265232   -2.110190334
    2.967059728    2.792526803   25.281733411  -67.456175126   -0.647944278
