#! FIELDS phi psi file.free der_phi der_psi
#! SET min_phi -pi
#! SET max_phi pi
#! SET nbins_phi  36
#! SET periodic_phi true
#! SET min_psi -pi
#! SET max_psi pi
#! SET nbins_psi  18
#! SET periodic_psi true
   -3.141592654   -3.141592654   18.454802379  -54.318671231   15.103113274
   -2.967059728   -3.141592654   10.360617726  -37.703549178   17.453553985
   -2.792526803   -3.141592654    5.435688782  -18.794544092   19.148044632
   -2.617993878   -3.141592654    3.670836765   -2.174090801   20.169088205
   -2.443460953   -3.141592654    4.344537249    8.788486420   20.745508749
   -2.268928028   -3.141592654    6.358041145   13.272203347   21.281205886
   -2.094395102   -3.141592654    8.693847573   12.915099123   22.202100702
   -1.919862177   -3.141592654   10.762639673   10.747868333   23.778975508
   -1.745329252   -3.141592654   12.521583256    9.801045186   26.002567237
   -1.570796327   -3.141592654   14.378381074   12.077945701   28.542826817
   -1.396263402   -3.141592654   16.967287673   18.139794545   30.828200364
   -1.221730476   -3.141592654   20.890240862   27.064047758   32.213259913
   -1.047197551   -3.141592654   26.473804241   36.746740715   32.186100765
   -0.872664626   -3.141592654   33.614311028   44.434459595   30.512306981
   -0.698131701   -3.141592654   41.737837762   47.650344835   27.272717521
   -0.523598776   -3.141592654   49.910670078   44.854008213   22.788621653
   -0.349065850   -3.141592654   57.042770743   35.795125068   17.485121485
   -0.174532925   -3.141592654   62.101609886   21.298431212   11.780519370
    0.000000000   -3.141592654   64.278164394    3.147034281    6.021640294
    0.174532925   -3.141592654   63.153406328  -16.011876047    0.462886503
    0.349065850   -3.141592654   58.858191016  -32.496571725   -4.683484772
    0.523598776   -3.141592654   52.231027768  -41.993566240   -9.180214578
    0.698131701   -3.141592654   44.834942443  -40.867769159  -12.726090626
    0.872664626   -3.141592654   38.673554353  -27.951030807  -14.990537793
    1.047197551   -3.141592654   35.623538935   -6.001171944  -15.746944157
    1.221730476   -3.141592654   36.747540590   18.636630886  -15.013404362
    1.396263402   -3.141592654   41.840912778   38.298544614  -13.080300649
    1.570796327   -3.141592654   49.473758934   47.026331642  -10.408043441
    1.745329252   -3.141592654   57.490560342   42.721784558   -7.444089982
    1.919862177   -3.141592654   63.729381994   27.221845032   -4.495059550
    2.094395102   -3.141592654   66.593256043    4.872770658   -1.682620400
    2.268928028   -3.141592654   65.320770551  -19.384533401    1.013027933
    2.443460953   -3.141592654   59.968038554  -41.253762905    3.689852468
    2.617993878   -3.141592654   51.255091459  -57.431149331    6.453860899
    2.792526803   -3.141592654   40.396247566  -65.559818897    9.354157981
    2.967059728   -3.141592654   28.923273563  -64.396799403   12.309759690

   -3.141592654   -2.792526803   25.428081822  -49.398940937   22.989434277
   -2.967059728   -2.792526803   18.052515310  -34.447004407   25.255854303
   -2.792526803   -2.792526803   13.540882371  -17.296567710   26.572776270
   -2.617993878   -2.792526803   11.907944262   -2.062232728   27.073197087
   -2.443460953   -2.792526803   12.534813828    8.285602449   27.121282754
   -2.268928028   -2.792526803   14.474316117   13.075314831   27.190327015
   -2.094395102   -2.792526803   16.860778833   13.791484822   27.682888603
   -1.919862177   -2.792526803   19.205989289   13.059316979   28.770560181
   -1.745329252   -2.792526803   21.483003773   13.346238202   30.321634551
   -1.570796327   -2.792526803   24.013236820   16.082043652   31.918774727
   -1.396263402   -2.792526803   27.255397719   21.402712941   32.974885382
   -1.221730476   -2.792526803   31.585388518   28.268590484   32.897425623
   -1.047197551   -2.792526803   37.118173942   34.838414948   31.273869138
   -0.872664626   -2.792526803   43.614121994   38.947457830   27.990314602
   -0.698131701   -2.792526803   50.478810879   38.819553123   23.256329630
   -0.523598776   -2.792526803   56.874145455   33.497773983   17.522862207
   -0.349065850   -2.792526803   61.886218349   23.068473339   11.336072428
   -0.174532925   -2.792526803   64.692699886    8.421444711    5.206270357
    0.000000000   -2.792526803   64.687467299   -8.815309373   -0.464310251
    0.174532925   -2.792526803   61.615718696  -26.239978398   -5.406855308
    0.349065850   -2.792526803   55.728319741  -40.429559052   -9.438719229
    0.523598776   -2.792526803   47.942796313  -47.284334425  -12.416505185
    0.698131701   -2.792526803   39.865998306  -43.358210235  -14.218730350
    0.872664626   -2.792526803   33.508434236  -27.733809277  -14.775516324
    1.047197551   -2.792526803   30.703964907   -3.486633101  -14.144850767
    1.221730476   -2.792526803   32.418317629   22.773026046  -12.547588369
    1.396263402   -2.792526803   38.319696087   43.312112784  -10.303535449
    1.570796327   -2.792526803   46.861535416   52.368957613   -7.708506103
    1.745329252   -2.792526803   55.820473289   48.163860314   -4.924755726
    1.919862177   -2.792526803   63.019871989   32.809395316   -1.972406368
    2.094395102   -2.792526803   66.882855232   10.753882726    1.207767675
    2.268928028   -2.792526803   66.671302970  -13.105617633    4.666509960
    2.443460953   -2.792526803   62.449885963  -34.592756169    8.394387290
    2.617993878   -2.792526803   54.922707958  -50.548020097   12.302709082
    2.792526803   -2.792526803   45.261759024  -58.799789625   16.221141517
    2.967059728   -2.792526803   34.923347233  -58.268302248   19.888259557

   -3.141592654   -2.443460953   33.466241264  -44.398785309   21.891204853
   -2.967059728   -2.443460953   26.815926423  -31.168782348   23.754972901
   -2.792526803   -2.443460953   22.728014956  -15.674211805   24.811681809
   -2.617993878   -2.443460953   21.266191526   -1.614487068   25.193854030
   -2.443460953   -2.443460953   21.924012842    8.327005186   25.174318353
   -2.268928028   -2.443460953   23.892025711   13.469245730   25.078097338
   -2.094395102   -2.443460953   26.413534611   14.980287069   25.155031172
   -1.919862177   -2.443460953   29.034917442   14.983956011   25.468791074
   -1.745329252   -2.443460953   31.672365796   15.419636259   25.860890259
   -1.570796327   -2.443460953   34.508632111   17.341414898   25.985500577
   -1.396263402   -2.443460953   37.819996758   20.767923395   25.419770105
   -1.221730476   -2.443460953   41.805842120   24.859602670   23.792689435
   -1.047197551   -2.443460953   46.466841214   28.254803457   20.915395073
   -0.872664626   -2.443460953   51.548934111   29.432554629   16.843504869
   -0.698131701   -2.443460953   56.552865203   27.199763039   11.868504941
   -0.523598776   -2.443460953   60.820170204   20.952056446    6.434458236
   -0.349065850   -2.443460953   63.650589140   10.811632269    1.017783497
   -0.174532925   -2.443460953   64.417097648   -2.547523528   -3.974389229
    0.000000000   -2.443460953   62.657987256  -17.864282467   -8.250653476
    0.174532925   -2.443460953   58.197094841  -33.074966019  -11.650912658
    0.349065850   -2.443460953   51.314523338  -44.987093924  -14.102642866
    0.523598776   -2.443460953   42.928981585  -49.604272732  -15.581264294
    0.698131701   -2.443460953   34.635671581  -43.529417154  -16.088570657
    0.872664626   -2.443460953   28.420765874  -25.962528444  -15.662936328
    1.047197551   -2.443460953   26.066872029   -0.165024996  -14.420688472
    1.221730476   -2.443460953   28.457567353   27.117181212  -12.560388974
    1.396263402   -2.443460953   35.169244941   48.188113185  -10.299846942
    1.570796327   -2.443460953   44.587362349   57.515488172   -7.790827888
    1.745329252   -2.443460953   54.467753954   53.592877026   -5.069254664
    1.919862177   -2.443460953   62.652129282   38.694489587   -2.091653717
    2.094395102   -2.443460953   67.594565343   17.248307038    1.191598178
    2.268928028   -2.443460953   68.571822162   -5.999458697    4.767704337
    2.443460953   -2.443460953   65.633582044  -27.048168124    8.543009905
    2.617993878   -2.443460953   59.439125320  -42.892287753   12.356092286
    2.792526803   -2.443460953   51.091956599  -51.498430656   16.003836671
    2.967059728   -2.443460953   41.959402599  -51.864982669   19.257082708

   -3.141592654   -2.094395102   39.741956539  -40.687402085   13.874199834
   -2.967059728   -2.094395102   33.636496227  -28.648984185   14.918928829
   -2.792526803   -2.094395102   29.888307900  -14.275748832   15.577400333
   -2.617993878   -2.094395102   28.590250252   -1.082170676   15.926675487
   -2.443460953   -2.094395102   29.293479898    8.380728515   16.053630560
   -2.268928028   -2.094395102   31.255606677   13.395256034   16.036299878
   -2.094395102   -2.094395102   33.764514802   14.906276095   15.904956427
   -1.919862177   -2.094395102   36.360366122   14.707071758   15.601798309
   -1.745329252   -2.094395102   38.896092380   14.430610279   14.976072606
   -1.570796327   -2.094395102   41.450334337   14.997637882   13.817692268
   -1.396263402   -2.094395102   44.192387434   16.521252587   11.937304309
   -1.221730476   -2.094395102   47.249697517   18.472162846    9.243854397
   -1.047197551   -2.094395102   50.618509003   19.913427834    5.806939340
   -0.872664626   -2.094395102   54.116323748   19.757823517    1.859515754
   -0.698131701   -2.094395102   57.379407726   17.098107200   -2.251129921
   -0.523598776   -2.094395102   59.917258125   11.401431011   -6.150911687
   -0.349065850   -2.094395102   61.188948190    2.619932061   -9.533506183
   -0.174532925   -2.094395102   60.681780699   -8.891225639  -12.227424359
    0.000000000   -2.094395102   57.986799337  -22.251031486  -14.204974083
    0.174532925   -2.094395102   52.918393410  -35.689719322  -15.559901915
    0.349065850   -2.094395102   45.710111053  -46.148828303  -16.429046483
    0.523598776   -2.094395102   37.227003048  -49.591258331  -16.915129938
    0.698131701   -2.094395102   29.026354797  -42.487640503  -17.033795092
    0.872664626   -2.094395102   23.077180879  -23.961622606  -16.715941723
    1.047197551   -2.094395102   21.150292615    2.711066913  -15.872503132
    1.221730476   -2.094395102   24.110240038   30.740893577  -14.463221902
    1.396263402   -2.094395102   31.510595962   52.437851257  -12.513543716
    1.570796327   -2.094395102   41.721328520   62.343814805  -10.096596559
    1.745329252   -2.094395102   52.496239079   59.010179776   -7.303146881
    1.919862177   -2.094395102   61.677812032   44.686448281   -4.237649547
    2.094395102   -2.094395102   67.709305744   23.698730973   -1.023033207
    2.268928028   -2.094395102   69.837205721    0.683701254    2.195440972
    2.443460953   -2.094395102   68.065962756  -20.415880128    5.265792528
    2.617993878   -2.094395102   63.003956873  -36.600572001    8.050660128
    2.792526803   -2.094395102   55.705404013  -45.828832963   10.446642778
    2.967059728   -2.094395102   47.490846100  -47.076600771   12.394538927

   -3.141592654   -1.745329252   42.076737030  -39.584938101    5.874268502
   -2.967059728   -1.745329252   36.144079209  -27.748347617    6.220614844
   -2.792526803   -1.745329252   32.545264286  -13.462368408    6.504580833
   -2.617993878   -1.745329252   31.379145611   -0.405957915    6.714729163
   -2.443460953   -1.745329252   32.176959002    8.753517044    6.753996991
   -2.268928028   -1.745329252   34.160369001   13.224454171    6.478138856
   -2.094395102   -1.745329252   36.570718490   13.895706234    5.733658145
   -1.919862177   -1.745329252   38.892369881   12.520053312    4.391091491
   -1.745329252   -1.745329252   40.919825934   10.748174722    2.384644899
   -1.570796327   -1.745329252   42.686633377    9.653265799   -0.248652061
   -1.396263402   -1.745329252   44.357264842    9.643015535   -3.340755975
   -1.221730476   -1.745329252   46.113772778   10.565885758   -6.617103446
   -1.047197551   -1.745329252   48.071153434   11.806767335   -9.760139271
   -0.872664626   -1.745329252   50.208130111   12.431518263  -12.487432041
   -0.698131701   -1.745329252   52.325555290   11.421475002  -14.600331732
   -0.523598776   -1.745329252   54.058181781    7.908579886  -15.996478429
   -0.349065850   -1.745329252   54.918229603    1.370771698  -16.666756775
   -0.174532925   -1.745329252   54.362583750   -8.289004600  -16.702533103
    0.000000000   -1.745329252   51.882847569  -20.523437928  -16.300722819
    0.174532925   -1.745329252   47.152733463  -33.670947359  -15.748619457
    0.349065850   -1.745329252   40.269174356  -44.532278855  -15.340798065
    0.523598776   -1.745329252   32.006304421  -48.697785304  -15.262392041
    0.698131701   -1.745329252   23.906139733  -42.167672043  -15.490078534
    0.872664626   -1.745329252   17.998155379  -23.705886238  -15.782478178
    1.047197551   -1.745329252   16.156400658    3.523913232  -15.783353954
    1.221730476   -1.745329252   19.344822102   32.596645608  -15.177146580
    1.396263402   -1.745329252   27.177684076   55.538376610  -13.799325519
    1.570796327   -1.745329252   38.033663554   66.591070251  -11.677712161
    1.745329252   -1.745329252   49.628507340   64.082297363   -8.997715384
    1.919862177   -1.745329252   59.735846094   50.135180489   -6.038275257
    2.094395102   -1.745329252   66.717320051   29.052572567   -3.097631887
    2.268928028   -1.745329252   69.741271316    5.533639659   -0.433856526
    2.443460953   -1.745329252   68.750948818  -16.357158639    1.778039528
    2.617993878   -1.745329252   64.317618466  -33.466355141    3.461742143
    2.792526803   -1.745329252   57.487023223  -43.586763322    4.634547291
    2.967059728   -1.745329252   49.599965573  -45.545695194    5.394007923

   -3.141592654   -1.396263402   41.721291115  -40.027959074    1.711705166
   -2.967059728   -1.396263402   35.732892694  -27.930865398    1.398414582
   -2.792526803   -1.396263402   32.125797739  -13.411952066    1.074607348
   -2.617993878   -1.396263402   30.966932662   -0.451096052    0.743421568
   -2.443460953   -1.396263402   31.712157051    8.105541479    0.289658107
   -2.268928028   -1.396263402   33.490747195   11.447708416   -0.494204016
   -2.094395102   -1.396263402   35.462110895   10.595980013   -1.856812087
   -1.919862177   -1.396263402   37.062093951    7.553096023   -4.001682306
   -1.745329252   -1.396263402   38.088841870    4.312692407   -6.982386727
   -1.570796327   -1.396263402   38.644738246    2.344352034  -10.617181518
   -1.396263402   -1.396263402   39.028841686    2.382639973  -14.482051909
   -1.221730476   -1.396263402   39.598398652    4.393945179  -18.016844754
   -1.047197551   -1.396263402   40.638903508    7.585874788  -20.701064858
   -0.872664626   -1.396263402   42.247295310   10.631968370  -22.203637290
   -0.698131701   -1.396263402   44.264919511   12.041941651  -22.438599338
   -0.523598776   -1.396263402   46.291673456   10.572354622  -21.529853748
   -0.349065850   -1.396263402   47.750116505    5.448706126  -19.746606592
   -0.174532925   -1.396263402   47.973271800   -3.579378505  -17.458331684
    0.000000000   -1.396263402   46.307590067  -16.054574572  -15.102911243
    0.174532925   -1.396263402   42.273816165  -30.290111215  -13.129499981
    0.349065850   -1.396263402   35.837647414  -42.855976111  -11.884895756
    0.523598776   -1.396263402   27.704619488  -48.862451720  -11.488776648
    0.698131701   -1.396263402   19.446185224  -43.696100694  -11.765855539
    0.872664626   -1.396263402   13.221657542  -25.624679524  -12.299924747
    1.047197551   -1.396263402   11.094295011    2.334070890  -12.598594307
    1.221730476   -1.396263402   14.206515005   33.008841504  -12.284541874
    1.396263402   -1.396263402   22.280982314   57.892875107  -11.207067947
    1.570796327   -1.396263402   33.703730817   70.639942082   -9.448566195
    1.745329252   -1.396263402   46.106144141   69.142697250   -7.249971302
    1.919862177   -1.396263402   57.123064087   55.347266119   -4.910582251
    2.094395102   -1.396263402   64.969926946   33.639725292   -2.707065442
    2.268928028   -1.396263402   68.700394704    8.980481553   -0.846247550
    2.443460953   -1.396263402   68.195774519  -14.242278652    0.552583743
    2.617993878   -1.396263402   64.021096744  -32.579781634    1.451779508
    2.792526803   -1.396263402   57.261311651  -43.595549780    1.878010046
    2.967059728   -1.396263402   49.328519556  -45.998909313    1.922106637

   -3.141592654   -1.047197551   39.546684345  -42.501757825    2.444070054
   -2.967059728   -1.047197551   33.155046808  -30.026554852    1.276911173
   -2.792526803   -1.047197551   29.233194241  -14.914452336   -0.131385143
   -2.617993878   -1.047197551   27.858380545   -1.473718269   -1.645809843
   -2.443460953   -1.047197551   28.436920034    7.123187501   -3.233767149
   -2.268928028   -1.047197551   30.000464691    9.851286508   -5.002654572
   -2.094395102   -1.047197551   31.590807437    7.734149550   -7.176339196
   -1.919862177   -1.047197551   32.550079685    3.046727370   -9.975128316
   -1.745329252   -1.047197551   32.653021958   -1.691426651  -13.444733400
   -1.570796327   -1.047197551   32.083074835   -4.374481658  -17.318463386
   -1.396263402   -1.047197551   31.321842433   -3.790371860  -21.024475965
   -1.221730476   -1.047197551   30.960703112    0.103811263  -23.860598012
   -1.047197551   -1.047197551   31.490201181    6.125012510  -25.260971266
   -0.872664626   -1.047197551   33.116353890   12.278582298  -24.991412770
   -0.698131701   -1.047197551   35.668720745   16.406631995  -23.188110090
   -0.523598776   -1.047197551   38.635648984   16.810687818  -20.258868805
   -0.349065850   -1.047197551   41.268540754   12.479075627  -16.736622294
   -0.174532925   -1.047197551   42.704072247    3.089542054  -13.164802160
    0.000000000   -1.047197551   42.091110768  -10.828574677  -10.022547290
    0.174532925   -1.047197551   38.781545390  -27.317610670   -7.647335117
    0.349065850   -1.047197551   32.641901737  -42.423444622   -6.161324736
    0.523598776   -1.047197551   24.388180579  -50.555534976   -5.440062203
    0.698131701   -1.047197551   15.723168396  -46.459199378   -5.166441874
    0.872664626   -1.047197551    9.022274059  -28.110158564   -4.971794876
    1.047197551   -1.047197551    6.573558083    1.274170283   -4.588692812
    1.221730476   -1.047197551    9.672539194   33.941973124   -3.927893489
    1.396263402   -1.047197551   18.079735793   60.692927385   -3.043945793
    1.570796327   -1.047197551   30.109436438   74.650658374   -2.043253411
    1.745329252   -1.047197551   43.254640185   73.490674201   -1.009974257
    1.919862177   -1.047197551   54.999671498   59.220391815    0.018193819
    2.094395102   -1.047197551   63.437726725   36.468582805    1.022435699
    2.268928028   -1.047197551   67.548555149   10.487543470    1.967150281
    2.443460953   -1.047197551   67.187926521  -14.081133581    2.777254570
    2.617993878   -1.047197551   62.934102276  -33.614309494    3.338868678
    2.792526803   -1.047197551   55.910203291  -45.531963625    3.517908345
    2.967059728   -1.047197551   47.589939351  -48.442148710    3.223502728

   -3.141592654   -0.698131701   39.256334693  -46.016630162    2.506022622
   -2.967059728   -0.698131701   32.191416256  -34.149676804    0.527547161
   -2.792526803   -0.698131701   27.530983718  -19.178466943   -1.839940783
   -2.617993878   -0.698131701   25.425742993   -5.547270135   -4.340361558
   -2.443460953   -0.698131701   25.313400924    3.253287067   -6.814326582
   -2.268928028   -0.698131701   26.196005308    5.839957333   -9.277564586
   -2.094395102   -0.698131701   27.036281405    3.070814779  -11.900997774
   -1.919862177   -0.698131701   27.098946973   -2.577018097  -14.861619454
   -1.745329252   -0.698131701   26.150812244   -8.007237354  -18.142528147
   -1.570796327   -0.698131701   24.483933175  -10.418966162  -21.394073541
   -1.396263402   -0.698131701   22.790705155   -8.183397381  -23.983747714
   -1.221730476   -0.698131701   21.900581848   -1.400099135  -25.228741632
   -1.047197551   -0.698131701   22.467546378    8.081992060  -24.704931632
   -0.872664626   -0.698131701   24.722091950   17.404731374  -22.432598716
   -0.698131701   -0.698131701   28.378110460   23.718611823  -18.855950900
   -0.523598776   -0.698131701   32.718549324   25.008190326  -14.658908926
   -0.349065850   -0.698131701   36.765109242   20.281208514  -10.532123063
   -0.174532925   -0.698131701   39.450815212    9.465112332   -7.001400333
    0.000000000   -0.698131701   39.777590870   -6.501041709   -4.337181193
    0.174532925   -0.698131701   37.032959858  -25.140391154   -2.509020904
    0.349065850   -0.698131701   31.115318322  -41.942603078   -1.225143279
    0.523598776   -0.698131701   22.860458912  -50.893195000   -0.063166352
    0.698131701   -0.698131701   14.138058997  -46.645592395    1.323968235
    0.872664626   -0.698131701    7.471662315  -27.472837568    3.017535206
    1.047197551   -0.698131701    5.221466946    2.877403538    4.785576641
    1.221730476   -0.698131701    8.663884950   36.184578566    6.225249590
    1.396263402   -0.698131701   17.481031609   63.058177810    7.001503624
    1.570796327   -0.698131701   29.903047745   76.727034178    7.031845428
    1.745329252   -0.698131701   43.372243196   75.119537608    6.507538732
    1.919862177   -0.698131701   55.364773271   60.445717470    5.775681879
    2.094395102   -0.698131701   63.989210726   37.392007565    5.163912782
    2.268928028   -0.698131701   68.237287236   11.129783168    4.848461271
    2.443460953   -0.698131701   67.955016332  -13.855364541    4.804185275
    2.617993878   -0.698131701   63.685137031  -34.081357997    4.828647226
    2.792526803   -0.698131701   56.498942066  -46.966999447    4.614738399
    2.967059728   -0.698131701   47.832381457  -50.982170423    3.887206305

   -3.141592654   -0.349065850   39.926784602  -50.297780692    3.151988286
   -2.967059728   -0.349065850   32.009789050  -39.531726979    0.660809972
   -2.792526803   -0.349065850   26.359397172  -25.020118848   -2.294461774
   -2.617993878   -0.349065850   23.239349174  -11.254354369   -5.378425691
   -2.443460953   -0.349065850   22.164868378   -2.052190587   -8.345985893
   -2.268928028   -0.349065850   22.148492106    0.794138013  -11.138235363
   -2.094395102   -0.349065850   22.105552697   -2.057165605  -13.851022038
   -1.919862177   -0.349065850   21.252088608   -7.932679339  -16.569970520
   -1.745329252   -0.349065850   19.374901085  -13.170204955  -19.177996905
   -1.570796327   -0.349065850   16.895486886  -14.356166864  -21.263296354
   -1.396263402   -0.349065850   14.714854046   -9.624436419  -22.234454867
   -1.221730476   -0.349065850   13.861054519    0.546085243  -21.588402918
   -1.047197551   -0.349065850   15.072234760   13.439986144  -19.198715692
   -0.872664626   -0.349065850   18.498791989   25.258847825  -15.421907603
   -0.698131701   -0.349065850   23.636667562   32.563156710  -10.977409791
   -0.523598776   -0.349065850   29.492345444   33.278713703   -6.680323513
   -0.349065850   -0.349065850   34.841760343   26.786372054   -3.160442595
   -0.174532925   -0.349065850   38.463199620   13.640237570   -0.694506809
    0.000000000   -0.349065850   39.322768305   -4.484617229    0.840507756
    0.174532925   -0.349065850   36.798846831  -24.442346455    1.922367014
    0.349065850   -0.349065850   30.978196943  -41.316426023    3.203094816
    0.523598776   -0.349065850   22.915443491  -49.172669881    5.233158098
    0.698131701   -0.349065850   14.635377198  -43.299790422    8.170685663
    0.872664626   -0.349065850    8.673492085  -22.903989514   11.630127473
    1.047197551   -0.349065850    7.247643621    7.520140530   14.809300198
    1.221730476   -0.349065850   11.410662703   39.603177603   16.859066310
    1.396263402   -0.349065850   20.654128219   64.455883660   17.279604150
    1.570796327   -0.349065850   33.139515822   76.125108356   16.126837795
    1.745329252   -0.349065850   46.377549882   73.229194287   13.932101213
    1.919862177   -0.349065850   57.998177578   58.235352542   11.430953070
    2.094395102   -0.349065850   66.268034903   35.634112370    9.262253292
    2.268928028   -0.349065850   70.274437308   10.124073687    7.769401027
    2.443460953   -0.349065850   69.868228583  -14.343120000    6.946390918
    2.617993878   -0.349065850   65.514716333  -34.685712053    6.497248976
    2.792526803   -0.349065850   58.159740969  -48.413873723    5.965474556
    2.967059728   -0.349065850   49.125430405  -53.797700753    4.928634182

   -3.141592654    0.000000000   41.318827819  -54.267450190    2.734803990
   -2.967059728    0.000000000   32.593046276  -44.738445316    0.373655050
   -2.792526803    0.000000000   25.967314913  -30.869232375   -2.326553549
   -2.617993878    0.000000000   21.816036139  -17.132179977   -5.065909062
   -2.443460953    0.000000000   19.740623137   -7.612749957   -7.637659129
   -2.268928028    0.000000000   18.784331818   -4.431511725   -9.999030983
   -2.094395102    0.000000000   17.851089500   -7.038109323  -12.212503229
   -1.919862177    0.000000000   16.157844886  -12.509746195  -14.282369911
   -1.745329252    0.000000000   13.561157585  -16.682632283  -16.004642793
   -1.570796327    0.000000000   10.637217189  -15.747057099  -16.944846604
   -1.396263402    0.000000000    8.472870119   -7.915255709  -16.608168172
   -1.221730476    0.000000000    8.216666986    5.655859938  -14.709716673
   -1.047197551    0.000000000   10.572253408   21.243161678  -11.400614011
   -0.872664626    0.000000000   15.485897955   34.191344514   -7.278149083
   -0.698131701    0.000000000   22.147574662   40.789133416   -3.175726240
   -0.523598776    0.000000000   29.268718746   39.371002783    0.153066728
   -0.349065850    0.000000000   35.445998559   30.163556192    2.311293117
   -0.174532925    0.000000000   39.442324018   14.691884378    3.365615573
    0.000000000    0.000000000   40.367014693   -4.535657972    3.804055934
    0.174532925    0.000000000   37.858125432  -23.933731925    4.387700292
    0.349065850    0.000000000   32.291053361  -38.719420616    5.881904984
    0.523598776    0.000000000   24.926231877  -43.760203816    8.739103503
    0.698131701    0.000000000   17.807480585  -35.623826863   12.831695084
    0.872664626    0.000000000   13.262982544  -14.713309629   17.393273648
    1.047197551    0.000000000   13.147930255   13.985294314   21.279165666
    1.221730476    0.000000000   18.154310706   42.602464205   23.449076440
    1.396263402    0.000000000   27.570888215   63.473200381   23.402507099
    1.570796327    0.000000000   39.586595104   71.947931486   21.345877512
    1.745329252    0.000000000   51.929880644   67.451007275   18.029223749
    1.919862177    0.000000000   62.526307855   52.532470963   14.391434069
    2.094395102    0.000000000   69.898343246   31.184903250   11.211246731
    2.268928028    0.000000000   73.273994108    7.350649458    8.896664317
    2.443460953    0.000000000   72.511310879  -15.755362276    7.448168738
    2.617993878    0.000000000   67.973035569  -35.562669947    6.547236175
    2.792526803    0.000000000   60.441278010  -49.717128221    5.715958905
    2.967059728    0.000000000   51.082342501  -56.285440587    4.522182799

   -3.141592654    0.349065850   42.675228559  -57.756235479    1.624259231
   -2.967059728    0.349065850   33.251247735  -49.162373599    0.145973383
   -2.792526803    0.349065850   25.809996725  -35.676290595   -1.470058650
   -2.617993878    0.349065850   20.828405994  -21.755303082   -3.077087283
   -2.443460953    0.349065850   17.987213283  -11.736506890   -4.590973214
   -2.268928028    0.349065850   16.357756358   -8.034340803   -6.018503190
   -2.094395102    0.349065850   14.835555656  -10.184765930   -7.395585767
   -1.919862177    0.349065850   12.641369750  -15.045153182   -8.670881564
   -1.745329252    0.349065850    9.692095669  -18.065703715   -9.628006581
   -1.570796327    0.349065850    6.682420871  -15.219924211   -9.917326436
   -1.396263402    0.349065850    4.818939422   -4.944515570   -9.218555366
   -1.221730476    0.349065850    5.290059778   10.927388953   -7.438028514
   -1.047197551    0.349065850    8.702719581   27.869263202   -4.829534749
   -0.872664626    0.349065850   14.785694795   40.706212763   -1.930409412
   -0.698131701    0.349065850   22.470928160   45.797048071    0.652321763
   -0.523598776    0.349065850   30.272567706   42.097331991    2.496885429
   -0.349065850    0.349065850   36.727727635   30.710625636    3.545049715
   -0.174532925    0.349065850   40.693614438   14.005537246    4.112260431
    0.000000000    0.349065850   41.499678917   -4.925454449    4.779976940
    0.174532925    0.349065850   39.070798609  -22.370596958    6.211197633
    0.349065850    0.349065850   34.041244555  -34.003272941    8.899728446
    0.523598776    0.349065850   27.795347943  -35.753120099   12.925914607
    0.698131701    0.349065850   22.280998730  -25.575514148   17.810114915
    0.872664626    0.349065850   19.503268890   -4.967586969   22.573800129
    1.047197551    0.349065850   20.873421096   20.877003153   26.067997307
    1.221730476    0.349065850   26.698529746   44.926955250   27.427466123
    1.396263402    0.349065850   36.094573430   61.011681830   26.397657682
    1.570796327    0.349065850   47.342170512   65.898878509   23.386253909
    1.745329252    0.349065850   58.457726403   59.781888728   19.235544383
    1.919862177    0.349065850   67.717435280   45.167224597   14.878969802
    2.094395102    0.349065850   73.930204310   25.408092431   11.049315893
    2.268928028    0.349065850   76.473330577    3.586358679    8.127987223
    2.443460953    0.349065850   75.207915877  -17.861921404    6.139470537
    2.617993878    0.349065850   70.387446359  -36.859985221    4.840291694
    2.792526803    0.349065850   62.629412441  -51.161560356    3.858142280
    2.967059728    0.349065850   52.947051560  -58.607262773    2.851595213

   -3.141592654    0.698131701   44.144627279  -59.352402955   -0.709391893
   -2.967059728    0.698131701   34.387030983  -51.351360185   -1.130436212
   -2.792526803    0.698131701   26.526395954  -38.236814364   -1.423159854
   -2.617993878    0.698131701   21.084798884  -24.421124083   -1.627236449
   -2.443460953    0.698131701   17.782279102  -14.334401810   -1.814968376
   -2.268928028    0.698131701   15.710989579  -10.489958358   -2.074900328
   -2.094395102    0.698131701   13.778249592  -12.410017013   -2.460678587
   -1.919862177    0.698131701   11.231552069  -16.802720983   -2.933843002
   -1.745329252    0.698131701    8.045187074  -18.945534073   -3.352990968
   -1.570796327    0.698131701    4.989835319  -14.804666742   -3.522349422
   -1.396263402    0.698131701    3.325853452   -3.079135019   -3.293142922
   -1.221730476    0.698131701    4.230301256   13.935897913   -2.648094722
   -1.047197551    0.698131701    8.217168436   31.296011172   -1.719795211
   -0.872664626    0.698131701   14.870803904   43.683255103   -0.718363800
   -0.698131701    0.698131701   22.989168527   47.715846889    0.189568805
   -0.523598776    0.698131701   31.024933804   42.905757373    0.985642359
   -0.349065850    0.698131701   37.561523539   30.972827789    1.845000306
   -0.174532925    0.698131701   41.598917016   14.755632625    3.086800726
    0.000000000    0.698131701   42.665975842   -2.489893214    5.078405287
    0.174532925    0.698131701   40.882229195  -17.298313230    8.106255634
    0.349065850    0.698131701   36.995031055  -26.025285839   12.217214472
    0.523598776    0.698131701   32.349423386  -25.614019663   17.091267201
    0.698131701    0.698131701   28.670390814  -15.053103057   22.016721550
    0.872664626    0.698131701   27.594506628    3.615197723   26.031915338
    1.047197551    0.698131701   30.139188614   25.488934686   28.245581008
    1.221730476    0.698131701   36.341979242   44.600086594   28.178957647
    1.396263402    0.698131701   45.270575794   56.160921317   25.929212419
    1.570796327    0.698131701   55.381505324   58.036199147   22.091696615
    1.745329252    0.698131701   65.004708651   50.872313635   17.494609329
    1.919862177    0.698131701   72.749592987   36.966603534   12.918401715
    2.094395102    0.698131701   77.680357347   19.039269716    8.910247506
    2.268928028    0.698131701   79.303318818   -0.589909137    5.732073277
    2.443460953    0.698131701   77.482048027  -20.148126291    3.401118601
    2.617993878    0.698131701   72.377459721  -37.966150020    1.776484819
    2.792526803    0.698131701   64.469556401  -51.891186198    0.657684646
    2.967059728    0.698131701   54.641567442  -59.600558677   -0.134323173

   -3.141592654    1.047197551   42.890469161  -59.422627376   -5.697006744
   -2.967059728    1.047197551   33.192542299  -50.626153776   -5.148543960
   -2.792526803    1.047197551   25.505550357  -37.028619488   -4.241898745
   -2.617993878    1.047197551   20.287502909  -23.132031492   -3.205841748
   -2.443460953    1.047197551   17.188577735  -13.338821854   -2.260496904
   -2.268928028    1.047197551   15.248406688  -10.000104446   -1.556593354
   -2.094395102    1.047197551   13.355999464  -12.417140102   -1.138815866
   -1.919862177    1.047197551   10.777255869  -17.124390064   -0.958846486
   -1.745329252    1.047197551    7.525027495  -19.341344716   -0.938075181
   -1.570796327    1.047197551    4.406943592  -15.111400265   -1.027795728
   -1.396263402    1.047197551    2.700164020   -3.272335193   -1.228534110
   -1.221730476    1.047197551    3.575955077   13.779430229   -1.544728366
   -1.047197551    1.047197551    7.533907643   31.111629774   -1.913580969
   -0.872664626    1.047197551   14.156145152   43.529812621   -2.165559462
   -0.698131701    1.047197551   22.268130388   47.854509012   -2.045972085
   -0.523598776    1.047197551   30.385487696   43.793174337   -1.282460092
   -0.349065850    1.047197551   37.183422829   33.175624930    0.349239196
   -0.174532925    1.047197551   41.760411742   18.811736690    2.975985223
    0.000000000    1.047197551   43.723251217    3.747592059    6.600066608
    0.174532925    1.047197551   43.215801040   -8.973079526   11.066507477
    0.349065850    1.047197551   40.918702195  -16.305807292   16.008313471
    0.523598776    1.047197551   37.998009129  -15.836409059   20.826101390
    0.698131701    1.047197551   35.903689512   -6.975757606   24.757591142
    0.872664626    1.047197551   35.965977157    8.346253846   27.062676067
    1.047197551    1.047197551   38.969364128   25.946492785   27.284371947
    1.221730476    1.047197551   44.880171994   40.905998960   25.428806509
    1.396263402    1.047197551   52.873756384   49.370547167   21.940015751
    1.570796327    1.047197551   61.637650189   49.642703262   17.504306104
    1.745329252    1.047197551   69.760085080   42.268869434   12.793214184
    1.919862177    1.047197551   76.058648767   29.110951108    8.302237207
    2.094395102    1.047197551   79.720699731   12.398350969    4.312324762
    2.268928028    1.047197551   80.299330722   -5.920518023    0.950015864
    2.443460953    1.047197551   77.655320486  -24.266611469   -1.742139479
    2.617993878    1.047197551   71.927546180  -41.000930830   -3.752729984
    2.792526803    1.047197551   63.577823433  -53.912060021   -5.073408488
    2.967059728    1.047197551   53.482252122  -60.619483469   -5.709495365

   -3.141592654    1.396263402   38.212245355  -59.260013531  -11.368188606
   -2.967059728    1.396263402   28.704156228  -48.663650894  -10.243289471
   -2.792526803    1.396263402   21.482663195  -33.762090160   -8.592093092
   -2.617993878    1.396263402   16.896934697  -19.276114923   -6.777995177
   -2.443460953    1.396263402   14.469017973   -9.608631483   -5.094625531
   -2.268928028    1.396263402   13.131136904   -6.883819318   -3.679518630
   -2.094395102    1.396263402   11.713488212  -10.102038445   -2.514179974
   -1.919862177    1.396263402    9.468913145  -15.607160273   -1.516349371
   -1.745329252    1.396263402    6.413088010  -18.619294428   -0.665193666
   -1.570796327    1.396263402    3.345168725  -15.284077095   -0.056271330
   -1.396263402    1.396263402    1.523166421   -4.428629713    0.160296051
   -1.221730476    1.396263402    2.121307366   11.803783093   -0.066198695
   -1.047197551    1.396263402    5.703491149   28.904358424   -0.559333474
   -0.872664626    1.396263402   11.986902447   42.019500734   -0.921108668
   -0.698131701    1.396263402   19.969778389   48.036557368   -0.674189947
   -0.523598776    1.396263402   28.322974845   46.401715196    0.550054628
   -0.349065850    1.396263402   35.812049837   38.487295067    2.892323442
   -0.174532925    1.396263402   41.538650280   26.591062760    6.259359281
    0.000000000    1.396263402   45.025781468   13.280699422   10.374348733
    0.174532925    1.396263402   46.255451511    1.174407243   14.822703548
    0.349065850    1.396263402   45.678987874   -7.001334558   19.059345477
    0.523598776    1.396263402   44.195025437   -8.919707585   22.443863945
    0.698131701    1.396263402   43.004828985   -3.684115817   24.354372369
    0.872664626    1.396263402   43.283589437    7.535891638   24.379281804
    1.047197551    1.396263402   45.817161676   21.532058597   22.501006852
    1.221730476    1.396263402   50.730718657   34.130483773   19.125455350
    1.396263402    1.396263402   57.441975631   41.669910941   14.908419756
    1.570796327    1.396263402   64.862402936   42.068935680   10.488820938
    1.745329252    1.396263402   71.709678474   35.251967837    6.278068054
    1.919862177    1.396263402   76.830244995   22.594143978    2.425778017
    2.094395102    1.396263402   79.382974485    6.177342892   -1.084288109
    2.268928028    1.396263402   78.894217964  -11.918723558   -4.281248500
    2.443460953    1.396263402   75.233435274  -29.865758430   -7.114030662
    2.617993878    1.396263402   68.590286320  -45.798840889   -9.428072292
    2.792526803    1.396263402   59.507680018  -57.414270604  -11.006355443
    2.967059728    1.396263402   48.945216739  -62.388299130  -11.670411615

   -3.141592654    1.745329252   32.030635725  -58.144496311  -17.346468631
   -2.967059728    1.745329252   22.898891917  -45.570714839  -16.505713187
   -2.792526803    1.745329252   16.332652409  -29.500269051  -14.872642266
   -2.617993878    1.745329252   12.526647752  -14.740481855  -12.782597574
   -2.443460953    1.745329252   10.863167756   -5.462780884  -10.530659517
   -2.268928028    1.745329252   10.193220924   -3.388042285   -8.271455349
   -2.094395102    1.745329252    9.331293247   -7.211191758   -6.006633975
   -1.919862177    1.745329252    7.545509862  -13.245817304   -3.684401533
   -1.745329252    1.745329252    4.848649557  -16.913672830   -1.344221891
   -1.570796327    1.745329252    1.999327864  -14.544744987    0.810218180
   -1.396263402    1.745329252    0.207032418   -4.836042967    2.484335215
   -1.221730476    1.745329252    0.653192370   10.560510972    3.485409932
   -1.047197551    1.745329252    4.009136703   27.733788564    3.898013211
   -0.872664626    1.745329252   10.183039313   42.130651421    4.096622514
   -0.698131701    1.745329252   18.373066540   50.423657830    4.580405235
   -0.523598776    1.745329252   27.373142892   51.423536796    5.742396168
   -0.349065850    1.745329252   35.947564627   45.785030076    7.709777185
   -0.174532925    1.745329252   43.082428399   35.241253606   10.333673262
    0.000000000    1.745329252   48.108573798   22.043657542   13.254134859
    0.174532925    1.745329252   50.779446680    8.692727397   15.981617218
    0.349065850    1.745329252   51.311849055   -2.012821589   17.960140364
    0.523598776    1.745329252   50.403662190   -7.420586311   18.665461292
    0.698131701    1.745329252   49.141673787   -5.981364879   17.759266583
    0.872664626    1.745329252   48.723326604    2.014426838   15.258758809
    1.047197551    1.745329252   50.104943417   14.110606870   11.601084898
    1.221730476    1.745329252   53.672618556   26.368899595    7.504792172
    1.396263402    1.745329252   59.089490846   34.728608407    3.668843592
    1.570796327    1.745329252   65.402926100   36.314058410    0.490967033
    1.745329252    1.745329252   71.326251793   30.319197288   -2.039581710
    1.919862177    1.745329252   75.607482788   17.795732458   -4.221485122
    2.094395102    1.745329252   77.292236630    0.981164167   -6.413425716
    2.268928028    1.745329252   75.851292001  -17.597142026   -8.820841786
    2.443460953    1.745329252   71.184237061  -35.607035867  -11.407858131
    2.617993878    1.745329252   63.587618946  -50.821958252  -13.915369163
    2.792526803    1.745329252   53.752500780  -60.865475255  -15.956846723
    2.967059728    1.745329252   42.772919294  -63.634529216  -17.171573530

   -3.141592654    2.094395102   25.067757219  -58.035129340  -18.673657634
   -2.967059728    2.094395102   16.130175360  -43.526908929  -17.835858879
   -2.792526803    2.094395102   10.050126169  -26.091081606  -16.122287520
   -2.617993878    2.094395102    6.909813511  -10.626149031  -13.844450290
   -2.443460953    2.094395102    5.988610482   -1.128792479  -11.268700964
   -2.268928028    2.094395102    6.080619011    1.005987022   -8.513388174
   -2.094395102    2.094395102    5.996212562   -2.676753334   -5.541206152
   -1.919862177    2.094395102    5.020849012   -8.503376845   -2.277661333
   -1.745329252    2.094395102    3.159055676  -12.149424505    1.222007030
   -1.570796327    2.094395102    1.111137072  -10.221468838    4.682242101
   -1.396263402    2.094395102    0.000000000   -1.425011812    7.682669964
   -1.221730476    2.094395102    0.951080284   12.947200196    9.872932680
   -1.047197551    2.094395102    4.662221449   29.517639146   11.177992255
   -0.872664626    2.094395102   11.150790820   44.088011619   11.839211706
   -0.698131701    2.094395102   19.752556976   53.281160867   12.259454663
   -0.523598776    2.094395102   29.355476772   55.471595151   12.773212197
   -0.349065850    2.094395102   38.726030344   50.769023391   13.479474168
   -0.174532925    2.094395102   46.762376889   40.433806230   14.230407889
    0.000000000    2.094395102   52.641198213   26.436047257   14.700945556
    0.174532925    2.094395102   55.929067129   11.183059864   14.486427373
    0.349065850    2.094395102   56.657665643   -2.391453852   13.205415838
    0.523598776    2.094395102   55.389978163  -11.186444226   10.635413632
    0.698131701    2.094395102   53.187032340  -12.868600231    6.863195616
    0.872664626    2.094395102   51.373136330   -6.823970461    2.373336588
    1.047197551    2.094395102   51.168763494    5.085783279   -2.045571175
    1.221730476    2.094395102   53.270933850   18.829978824   -5.591387234
    1.396263402    2.094395102   57.574252000   29.568863726   -7.794975282
    1.570796327    2.094395102   63.188814569   33.354558562   -8.715419548
    1.745329252    2.094395102   68.717679553   28.557524578   -8.870072813
    1.919862177    2.094395102   72.703962335   15.988019972   -8.959397831
    2.094395102    2.094395102   73.997765693   -1.784309515   -9.557719461
    2.268928028    2.094395102   71.965306750  -21.589050710  -10.913661826
    2.443460953    2.094395102   66.518749875  -40.429547337  -12.917564380
    2.617993878    2.094395102   58.067305751  -55.616244741  -15.181381658
    2.792526803    2.094395102   47.468732865  -64.652711431  -17.183076344
    2.967059728    2.094395102   35.975007373  -65.634763463  -18.445683932

   -3.141592654    2.443460953   18.796306407  -58.114897112  -12.880663202
   -2.967059728    2.443460953   10.009494478  -41.763303894  -11.882464374
   -2.792526803    2.443460953    4.374203861  -22.842245615  -10.233261516
   -2.617993878    2.443460953    1.897667532   -6.341237406   -8.160587215
   -2.443460953    2.443460953    1.789890681    3.868850262   -5.822033993
   -2.268928028    2.443460953    2.809230658    6.636591436   -3.230237004
   -2.094395102    2.443460953    3.768535398    3.664159280   -0.263328663
   -1.919862177    2.443460953    3.963530899   -1.459206012    3.211018484
   -1.745329252    2.443460953    3.371720980   -4.732638263    7.166473169
   -1.570796327    2.443460953    2.603272583   -3.116843098   11.310850840
   -1.396263402    2.443460953    2.647870119    4.586449570   15.135695421
   -1.221730476    2.443460953    4.514348681   17.374000584   18.112810314
   -1.047197551    2.443460953    8.858849349   32.390708248   19.920123420
   -0.872664626    2.443460953   15.744672136   45.857660399   20.547149331
   -0.698131701    2.443460953   24.598319570   54.472754755   20.221420259
   -0.523598776    2.443460953   34.379440138   56.323702955   19.234283955
   -0.349065850    2.443460953   43.860452048   51.117803875   17.774649703
   -0.174532925    2.443460953   51.878892457   39.774487836   15.874020362
    0.000000000    2.443460953   57.507298907   24.109710051   13.426586609
    0.174532925    2.443460953   60.199401567    6.596537294   10.259051166
    0.349065850    2.443460953   59.906720995   -9.510674862    6.240047141
    0.523598776    2.443460953   57.193232420  -20.512304864    1.422990371
    0.698131701    2.443460953   53.243556190  -23.303179767   -3.831522499
    0.872664626    2.443460953   49.633130171  -16.653960630   -8.837771823
    1.047197551    2.443460953   47.897545095   -2.363107994  -12.766938070
    1.221730476    2.443460953   48.995680514   14.875018812  -14.976092709
    1.396263402    2.443460953   52.919715283   29.076236887  -15.300255863
    1.570796327    2.443460953   58.674269792   35.205289934  -14.136614749
    1.745329252    2.443460953   64.608765616   31.073732995  -12.261654327
    1.919862177    2.443460953   68.975569075   17.622843569  -10.513018026
    2.094395102    2.443460953   70.404148037   -1.953935209   -9.495644948
    2.268928028    2.443460953   68.168557571  -23.702315514   -9.437691119
    2.443460953    2.443460953   62.218873065  -43.945171266  -10.200907585
    2.617993878    2.443460953   53.098820132  -59.576600322  -11.387221880
    2.792526803    2.443460953   41.846306220  -68.019728547  -12.492197287
    2.967059728    2.443460953   29.880710565  -67.571240322  -13.076072967

   -3.141592654    2.792526803   16.037125707  -57.156415478   -0.317291751
   -2.967059728    2.792526803    7.494228739  -39.966359485    1.231522151
   -2.792526803    2.792526803    2.231226641  -20.415111165    2.879102258
   -2.617993878    2.792526803    0.222732680   -3.415529600    4.522756183
   -2.443460953    2.792526803    0.672567758    7.357565573    6.191698387
   -2.268928028    2.792526803    2.368901752   10.959234567    8.052275352
   -2.094395102    2.792526803    4.180929738    9.160065719   10.343162314
   -1.919862177    2.792526803    5.451758447    5.368958892   13.240614945
   -1.745329252    2.792526803    6.152230373    3.157156449   16.716181273
   -1.570796327    2.792526803    6.800649600    5.060180855   20.453754765
   -1.396263402    2.792526803    8.219580975   11.964664259   23.902559480
   -1.221730476    2.792526803   11.227977644   22.934228531   26.452996265
   -1.047197551    2.792526803   16.335965151   35.522070223   27.655266941
   -0.872664626    2.792526803   23.545453706   46.456002696   27.352860337
   -0.698131701    2.792526803   32.298607021   52.781940100   25.672142465
   -0.523598776    2.792526803   41.607922491   52.652310347   22.903236574
   -0.349065850    2.792526803   50.291613295   45.672049688   19.349792710
   -0.174532925    2.792526803   57.210237379   32.621726272   15.240959695
    0.000000000    2.792526803   61.442714990   15.272478885   10.703505731
    0.174532925    2.792526803   62.454421215   -3.781616275    5.785973149
    0.349065850    2.792526803   60.245693871  -20.972788544    0.550234317
    0.523598776    2.792526803   55.499840155  -32.137444176   -4.806772768
    0.698131701    2.792526803   49.604485738  -33.703129418   -9.863504699
    0.872664626    2.792526803   44.398381126  -24.280580959  -13.999346527
    1.047197551    2.792526803   41.662721129   -6.058247054  -16.592601701
    1.221730476    2.792526803   42.484541519   15.362997924  -17.297382625
    1.396263402    2.792526803   46.804888883   32.920999744  -16.221347397
    1.570796327    2.792526803   53.410658706   40.829303032  -13.898049285
    1.745329252    2.792526803   60.353572676   36.744117651  -11.060526941
    1.919862177    2.792526803   65.613063237   22.024172768   -8.378203603
    2.094395102    2.792526803   67.648449977    0.563288254   -6.264992060
    2.268928028    2.792526803   65.688672677  -22.996970708   -4.831927395
    2.443460953    2.792526803   59.742824885  -44.486576418   -3.937895258
    2.617993878    2.792526803   50.476283434  -60.578167896   -3.296928568
    2.792526803    2.792526803   39.063839399  -68.750448323   -2.596536739
    2.967059728    2.792526803   27.033534023  -67.541335335   -1.622473819
