#! FIELDS phi psi file.free der_phi der_psi
#! SET min_phi -pi
#! SET max_phi pi
#! SET nbins_phi  36
#! SET periodic_phi true
#! SET min_psi -pi
#! SET max_psi pi
#! SET nbins_psi  18
#! SET periodic_psi true
   -3.141592654   -3.141592654   17.370051504  -52.748738849   18.256917553
   -2.967059728   -3.141592654    9.622743151  -35.505363031   20.351485592
   -2.792526803   -3.141592654    5.062843261  -16.984334952   21.579052110
   -2.617993878   -3.141592654    3.537377069   -1.307848913   22.070512204
   -2.443460953   -3.141592654    4.278703896    8.714629026   22.170245712
   -2.268928028   -3.141592654    6.224761482   12.633213051   22.346461834
   -2.094395102   -3.141592654    8.434008464   12.155101217   23.055725442
   -1.919862177   -3.141592654   10.386829171   10.215116363   24.605782337
   -1.745329252   -3.141592654   12.093268880    9.747716317   27.044376708
   -1.570796327   -3.141592654   14.003946159   12.768695427   30.097358282
   -1.396263402   -3.141592654   16.802037215   19.868421265   33.204813936
   -1.221730476   -3.141592654   21.138876283   30.087210312   35.653045858
   -1.047197551   -3.141592654   27.372885416   41.152039305   36.770147584
   -0.872664626   -3.141592654   35.394163495   50.051625988   36.092106334
   -0.698131701   -3.141592654   44.573377861   54.011739330   33.444751426
   -0.523598776   -3.141592654   53.870195178   51.204712991   28.932175771
   -0.349065850   -3.141592654   62.040645583   41.141192053   22.873004768
   -0.174532925   -3.141592654   67.867136747   24.554151560   15.754378142
    0.000000000   -3.141592654   70.364527807    3.437429705    8.184115601
    0.174532925   -3.141592654   69.005231620  -19.005498868    0.817464030
    0.349065850   -3.141592654   63.928437168  -38.352509421   -5.709546040
    0.523598776   -3.141592654   56.103032698  -49.683768414  -10.855524547
    0.698131701   -3.141592654   47.299218622  -49.117401015  -14.240032306
    0.872664626   -3.141592654   39.738448441  -35.577139509  -15.701674199
    1.047197551   -3.141592654   35.484182804  -12.055348148  -15.362256569
    1.221730476   -3.141592654   35.744798874   14.880825601  -13.634423631
    1.396263402   -3.141592654   40.418288595   37.261048894  -11.104898994
    1.570796327   -3.141592654   48.103497884   48.557713465   -8.337183910
    1.745329252   -3.141592654   56.550833651   45.882514335   -5.671315110
    1.919862177   -3.141592654   63.371114559   30.423810654   -3.163230453
    2.094395102   -3.141592654   66.677985344    6.520769122   -0.655392375
    2.268928028   -3.141592654   65.493174419  -20.067124588    2.064626369
    2.443460953   -3.141592654   59.845124312  -43.786450619    5.127167470
    2.617993878   -3.141592654   50.630530071  -60.395790862    8.508359034
    2.792526803   -3.141592654   39.332339009  -67.438066631   12.030667195
    2.967059728   -3.141592654   27.691594048  -64.419663007   15.393522241

   -3.141592654   -2.792526803   25.269719097  -48.504215797   26.636924045
   -2.967059728   -2.792526803   18.084673534  -33.319843153   28.436654311
   -2.792526803   -2.792526803   13.736482867  -16.676813317   29.148090369
   -2.617993878   -2.792526803   12.142520439   -2.271772333   29.068511359
   -2.443460953   -2.792526803   12.669771599    7.385620702   28.674171111
   -2.268928028   -2.792526803   14.424175355   11.920947364   28.492194460
   -2.094395102   -2.792526803   16.625963457   12.895512666   28.946879637
   -1.919862177   -2.792526803   18.873056017   12.891383652   30.235013945
   -1.745329252   -2.792526803   21.215111019   14.295654163   32.255172591
   -1.570796327   -2.792526803   24.034590039   18.464443830   34.592893094
   -1.396263402   -2.792526803   27.832615033   25.374635211   36.593564492
   -1.221730476   -2.792526803   32.991142068   33.726015250   37.510081171
   -1.047197551   -2.792526803   39.578401444   41.344577174   36.709392856
   -0.872664626   -2.792526803   47.251027245   45.763311277   33.845818991
   -0.698131701   -2.792526803   55.266432779   45.008915633   28.945939678
   -0.523598776   -2.792526803   62.617604142   38.082817934   22.378531110
   -0.349065850   -2.792526803   68.228279232   25.199458725   14.747879494
   -0.174532925   -2.792526803   71.152222689    7.565331039    6.783460129
    0.000000000   -2.792526803   70.733535520  -12.667642437   -0.755918700
    0.174532925   -2.792526803   66.771293250  -32.459234747   -7.188580139
    0.349065850   -2.792526803   59.675083809  -47.868478535  -11.986126095
    0.523598776   -2.792526803   50.581604601  -54.651591505  -14.849682983
    0.698131701   -2.792526803   41.303501925  -49.652316331  -15.753479514
    0.872664626   -2.792526803   33.981863642  -32.464067056  -14.940857651
    1.047197551   -2.792526803   30.497815785   -6.563354793  -12.887847522
    1.221730476   -2.792526803   31.819613295   21.338473504  -10.192039826
    1.396263402   -2.792526803   37.616564616   43.538301187   -7.388557964
    1.570796327   -2.792526803   46.337038987   54.123927950   -4.776286385
    1.745329252   -2.792526803   55.699066987   50.871779262   -2.332312994
    1.919862177   -2.792526803   63.379976472   35.409181826    0.207890275
    2.094395102   -2.792526803   67.603163758   12.114656469    3.171476404
    2.268928028   -2.792526803   67.474891060  -13.545524731    6.758103817
    2.443460953   -2.792526803   63.041982790  -36.451925516   10.933901067
    2.617993878   -2.792526803   55.145017134  -52.745583960   15.433490888
    2.792526803   -2.792526803   45.157789709  -60.210819866   19.843807522
    2.967059728   -2.792526803   34.686537346  -58.383518081   23.706416286

   -3.141592654   -2.443460953   34.317689794  -44.294572454   24.243748795
   -2.967059728   -2.443460953   27.688935217  -31.136058824   25.691960303
   -2.792526803   -2.443460953   23.568492865  -16.157451482   26.282680724
   -2.617993878   -2.443460953   21.969834719   -2.707399119   26.272389643
   -2.443460953   -2.443460953   22.402550815    6.884944998   26.001930336
   -2.268928028   -2.443460953   24.124480374   12.163004614   25.818743695
   -2.094395102   -2.443460953   26.471765815   14.364307997   25.979954370
   -1.919862177   -2.443460953   29.085639686   15.583198737   26.564816917
   -1.745329252   -2.443460953   31.966157805   17.638258414   27.426508433
   -1.570796327   -2.443460953   35.349692601   21.379567039   28.187093198
   -1.396263402   -2.443460953   39.518826078   26.482575558   28.313778372
   -1.221730476   -2.443460953   44.612652733   31.696968023   27.253109077
   -1.047197551   -2.443460953   50.502066702   35.300008854   24.609757042
   -0.872664626   -2.443460953   56.753806890   35.584532715   20.279384771
   -0.698131701   -2.443460953   62.676173980   31.392922727   14.495096264
   -0.523598776   -2.443460953   67.444680682   22.377551569    7.767815514
   -0.349065850   -2.443460953   70.253626202    9.100850359    0.763387003
   -0.174532925   -2.443460953   70.459584797   -7.194424881   -5.821694668
    0.000000000   -2.443460953   67.690191304  -24.631774674  -11.359871401
    0.174532925   -2.443460953   61.958341557  -40.650529595  -15.395525554
    0.349065850   -2.443460953   53.791845064  -51.920849377  -17.698817759
    0.523598776   -2.443460953   44.338183238  -54.803346975  -18.296192319
    0.698131701   -2.443460953   35.323109977  -46.627687723  -17.444014473
    0.872664626   -2.443460953   28.730004885  -27.316644070  -15.552289568
    1.047197551   -2.443460953   26.243283433   -0.459191139  -13.098599114
    1.221730476   -2.443460953   28.637684363   27.396848681  -10.517027965
    1.396263402   -2.443460953   35.442003392   48.978568066   -8.077861202
    1.570796327   -2.443460953   45.054437812   58.955799449   -5.814663208
    1.745329252   -2.443460953   55.240541811   55.590172582   -3.533983324
    1.919862177   -2.443460953   63.785723370   40.697658168   -0.938123791
    2.094395102   -2.443460953   69.022444919   18.486807680    2.215915970
    2.268928028   -2.443460953   70.111821177   -6.003334441    5.984076319
    2.443460953   -2.443460953   67.074193077  -28.116687673   10.195870155
    2.617993878   -2.443460953   60.651557857  -44.329110763   14.505748927
    2.792526803   -2.443460953   52.080042677  -52.554278588   18.505157277
    2.967059728   -2.443460953   42.825278593  -52.224710676   21.830023102

   -3.141592654   -2.094395102   40.926113720  -40.958934281   14.275188855
   -2.967059728   -2.094395102   34.761846152  -29.125024216   15.206283729
   -2.792526803   -2.094395102   30.894625951  -15.215040068   15.744813630
   -2.617993878   -2.094395102   29.393454605   -2.467503210   16.012707038
   -2.443460953   -2.094395102   29.838017231    6.848490012   16.105337873
   -2.268928028   -2.094395102   31.557031034   12.214973273   16.095331032
   -2.094395102   -2.094395102   33.934672279   14.662961682   16.019484538
   -1.919862177   -2.094395102   36.612376101   15.961388921   15.843250892
   -1.745329252   -2.094395102   39.528696662   17.556000411   15.430149356
   -1.570796327   -2.094395102   42.798857813   20.020224664   14.534071783
   -1.396263402   -2.094395102   46.553963907   22.968721204   12.859372186
   -1.221730476   -2.094395102   50.796027517   25.392883949   10.161631844
   -1.047197551   -2.094395102   55.327366060   26.082998384    6.372969266
   -0.872664626   -2.094395102   59.750105933   23.989467305    1.671897136
   -0.698131701   -2.094395102   63.517589860   18.522555878   -3.531163920
   -0.523598776   -2.094395102   66.030555939    9.658490352   -8.691842815
   -0.349065850   -2.094395102   66.736864999   -2.045648049  -13.264875017
   -0.174532925   -2.094395102   65.219636959  -15.630620254  -16.820611529
    0.000000000   -2.094395102   61.263820656  -29.730924328  -19.111997995
    0.174532925   -2.094395102   54.939649924  -42.373437336  -20.118857616
    0.349065850   -2.094395102   46.733048796  -50.766758982  -20.022226477
    0.523598776   -2.094395102   37.671611993  -51.612522074  -19.140352413
    0.698131701   -2.094395102   29.323103392  -42.319307676  -17.821794141
    0.872664626   -2.094395102   23.518696932  -22.693258992  -16.337740440
    1.047197551   -2.094395102   21.823776342    3.928739995  -14.832816319
    1.221730476   -2.094395102   24.944544002   31.325838767  -13.326312884
    1.396263402   -2.094395102   32.401186588   52.568264414  -11.734602259
    1.570796327   -2.094395102   42.639091400   62.613002089   -9.917516219
    1.745329252   -2.094395102   53.507991430   59.832279138   -7.726896307
    1.919862177   -2.094395102   62.876469986   45.924147411   -5.072660159
    2.094395102   -2.094395102   69.121820582   24.790960492   -1.972922665
    2.268928028   -2.094395102   71.389158352    1.106143936    1.423453988
    2.443460953   -2.094395102   69.625125972  -20.748258680    4.862403829
    2.617993878   -2.094395102   64.464725770  -37.343371828    8.052131469
    2.792526803   -2.094395102   57.037624518  -46.513374429   10.749303651
    2.967059728   -2.094395102   48.728859806  -47.484216571   12.824770355

   -3.141592654   -1.745329252   42.945025616  -39.551423828    5.038237385
   -2.967059728   -1.745329252   37.001293975  -27.975387378    5.585752886
   -2.792526803   -1.745329252   33.323459797  -14.193948564    6.082895456
   -2.617993878   -1.745329252   31.985516770   -1.645386002    6.482666415
   -2.443460953   -1.745329252   32.543417911    7.289151616    6.639236915
   -2.268928028   -1.745329252   34.290348638   12.060159476    6.377352725
   -2.094395102   -1.745329252   36.572367329   13.681163643    5.549922467
   -1.919862177   -1.745329252   38.986238266   13.867231807    4.061984205
   -1.745329252   -1.745329252   41.413955191   13.987023424    1.877845074
   -1.570796327   -1.745329252   43.905882798   14.627291113   -0.975030527
   -1.396263402   -1.745329252   46.546597705   15.597629517   -4.385368956
   -1.221730476   -1.745329252   49.344031282   16.300049412   -8.153666641
   -1.047197551   -1.745329252   52.190028862   16.033861567  -12.001215510
   -0.872664626   -1.745329252   54.860264362   14.174966834  -15.604345957
   -0.698131701   -1.745329252   57.031714987   10.262628363  -18.636422279
   -0.523598776   -1.745329252   58.321203687    4.050827147  -20.811986713
   -0.349065850   -1.745329252   58.326465652   -4.420766153  -21.932148612
   -0.174532925   -1.745329252   56.677079368  -14.823627254  -21.939224357
    0.000000000   -1.745329252   53.095588271  -26.399933114  -20.963583893
    0.174532925   -1.745329252   47.495959512  -37.600076461  -19.344414525
    0.349065850   -1.745329252   40.157925942  -45.782295138  -17.557689495
    0.523598776   -1.745329252   31.906763553  -47.449078675  -16.069935038
    0.698131701   -1.745329252   24.169867401  -39.511264173  -15.162413288
    0.872664626   -1.745329252   18.737439618  -21.180329089  -14.820902712
    1.047197551   -1.745329252   17.230701453    4.682900287  -14.765171363
    1.221730476   -1.745329252   20.472037977   32.070971427  -14.592748537
    1.396263402   -1.745329252   28.109825465   53.984118433  -13.940171265
    1.570796327   -1.745329252   38.687426050   65.121654663  -12.606623468
    1.745329252   -1.745329252   50.099843612   63.528739213  -10.585265937
    1.919862177   -1.745329252   60.204622403   50.597245315   -8.037766810
    2.094395102   -1.745329252   67.321442887   30.008424240   -5.229813195
    2.268928028   -1.745329252   70.508481674    6.327034921   -2.461948623
    2.443460953   -1.745329252   69.617870397  -16.044129057   -0.002654332
    2.617993878   -1.745329252   65.204937188  -33.525863457    1.968194473
    2.792526803   -1.745329252   58.356120645  -43.703914640    3.397695202
    2.967059728   -1.745329252   50.460202538  -45.538450941    4.367495190

   -3.141592654   -1.396263402   41.994397896  -39.294982125    0.925971842
   -2.967059728   -1.396263402   36.117402481  -27.462951849    0.942090460
   -2.792526803   -1.396263402   32.547074641  -13.528736710    1.025411677
   -2.617993878   -1.396263402   31.309741977   -1.250077576    1.077462207
   -2.443460953   -1.396263402   31.871836795    6.843638428    0.875253432
   -2.268928028   -1.396263402   33.427949658   10.244174039    0.142786279
   -2.094395102   -1.396263402   35.245513934   10.134166879   -1.377260379
   -1.919862177   -1.396263402   36.878341148    8.465372271   -3.852168415
   -1.745329252   -1.396263402   38.210484504    6.884045993   -7.289391354
   -1.570796327   -1.396263402   39.346859354    6.306862340  -11.480993116
   -1.396263402   -1.396263402   40.486041081    6.871741067  -16.000229665
   -1.221730476   -1.396263402   41.800276843    8.212011089  -20.284763114
   -1.047197551   -1.396263402   43.368641690    9.643775794  -23.776424247
   -0.872664626   -1.396263402   45.136286318   10.332990314  -26.050030311
   -0.698131701   -1.396263402   46.896008029    9.427111130  -26.879529157
   -0.523598776   -1.396263402   48.306667622    6.243181126  -26.239169814
   -0.349065850   -1.396263402   48.931598784    0.390648203  -24.285540613
   -0.174532925   -1.396263402   48.294509114   -8.194907184  -21.350897173
    0.000000000   -1.396263402   45.947338688  -19.099782926  -17.934801360
    0.174532925   -1.396263402   41.583128198  -30.971566281  -14.649400095
    0.349065850   -1.396263402   35.250109933  -41.073587809  -12.079470282
    0.523598776   -1.396263402   27.593279295  -45.415696469  -10.601066447
    0.698131701   -1.396263402   19.975951605  -40.098788169  -10.240842031
    0.872664626   -1.396263402   14.272305893  -23.504453786  -10.665760601
    1.047197551   -1.396263402   12.308954854    2.006375970  -11.324270763
    1.221730476   -1.396263402   15.156091755   30.417541526  -11.668391656
    1.396263402   -1.396263402   22.665287320   54.243727302  -11.333375467
    1.570796327   -1.396263402   33.474767805   67.481265721  -10.218428095
    1.745329252   -1.396263402   45.454034846   67.538857788   -8.455090768
    1.919862177   -1.396263402   56.344753566   55.431505708   -6.318373741
    2.094395102   -1.396263402   64.312271575   34.774819154   -4.129872106
    2.268928028   -1.396263402   68.271871140   10.314632779   -2.179849844
    2.443460953   -1.396263402   67.977999305  -13.227272956   -0.672722619
    2.617993878   -1.396263402   63.949244251  -31.915763082    0.304991371
    2.792526803   -1.396263402   57.294882542  -43.017824796    0.790414755
    2.967059728   -1.396263402   49.472959405  -45.307534660    0.933008825

   -3.141592654   -1.047197551   39.183367764  -41.043609551    2.639263541
   -2.967059728   -1.047197551   33.054370972  -28.575787931    1.592750136
   -2.792526803   -1.047197551   29.349605382  -13.989411842    0.488872871
   -2.617993878   -1.047197551   28.065110096   -1.421090281   -0.659716932
   -2.443460953   -1.047197551   28.577417893    6.322258365   -1.962482867
   -2.268928028   -1.047197551   29.957232399    8.623725288   -3.629817018
   -2.094395102   -1.047197551   31.346983339    6.767061527   -5.920483412
   -1.919862177   -1.047197551   32.212942455    3.029080435   -9.035055956
   -1.745329252   -1.047197551   32.427144294   -0.404745149  -12.976511754
   -1.570796327   -1.047197551   32.188124389   -1.972026173  -17.436374100
   -1.396263402   -1.047197551   31.894041636   -1.016168771  -21.806199909
   -1.221730476   -1.047197551   31.978884500    2.251931094  -25.337678323
   -1.047197551   -1.047197551   32.768629901    6.835014202  -27.390056869
   -0.872664626   -1.047197551   34.368889493   11.253073393  -27.620167362
   -0.698131701   -1.047197551   36.608870021   13.924745138  -26.041260070
   -0.523598776   -1.047197551   39.066292931   13.572787956  -22.962064970
   -0.349065850   -1.047197551   41.134900550    9.386115102  -18.883936748
   -0.174532925   -1.047197551   42.110909244    1.043160794  -14.413461372
    0.000000000   -1.047197551   41.287961787  -11.117667364  -10.186224769
    0.174532925   -1.047197551   38.109836885  -25.545169101   -6.754832258
    0.349065850   -1.047197551   32.441471569  -38.943350652   -4.458213881
    0.523598776   -1.047197551   24.870519796  -46.472354776   -3.325809243
    0.698131701   -1.047197551   16.858385361  -43.352528223   -3.086977975
    0.872664626   -1.047197551   10.507071778  -27.410353546   -3.299077333
    1.047197551   -1.047197551    7.921831804   -1.001340640   -3.526126760
    1.221730476   -1.047197551   10.404941112   29.355252045   -3.472910274
    1.396263402   -1.047197551   17.925496454   55.408702940   -3.016371494
    1.570796327   -1.047197551   29.106666202   70.449369230   -2.166094799
    1.745329252   -1.047197551   41.701414085   71.455814178   -1.008334269
    1.919862177   -1.047197551   53.288289005   59.333022839    0.330164337
    2.094395102   -1.047197551   61.875079061   37.856306590    1.690451124
    2.268928028   -1.047197551   66.262389024   12.083219266    2.892959579
    2.443460953   -1.047197551   66.149688184  -12.907032583    3.764278623
    2.617993878   -1.047197551   62.061695236  -32.861997063    4.176484770
    2.792526803   -1.047197551   55.162269956  -44.792948469    4.077748748
    2.967059728   -1.047197551   46.999814446  -47.349182315    3.522188686

   -3.141592654   -0.698131701   38.685236265  -44.835240012    2.853153855
   -2.967059728   -0.698131701   31.887466059  -32.388444912    0.718693786
   -2.792526803   -0.698131701   27.535960812  -17.563721128   -1.488487475
   -2.617993878   -0.698131701   25.649774181   -4.768761458   -3.650030884
   -2.443460953   -0.698131701   25.576973726    2.893365507   -5.781216646
   -2.268928028   -0.698131701   26.313254190    4.583983063   -8.038191760
   -2.094395102   -0.698131701   26.904047363    1.580917002  -10.659499067
   -1.919862177   -0.698131701   26.745337348   -3.516241315  -13.823508082
   -1.745329252   -0.698131701   25.724290048   -7.879657138  -17.472924848
   -1.570796327   -0.698131701   24.178386670   -9.231485986  -21.195101572
   -1.396263402   -0.698131701   22.748771366   -6.497034257  -24.282994550
   -1.221730476   -0.698131701   22.139103681   -0.034635699  -25.970283428
   -1.047197551   -0.698131701   22.868535212    8.477845498  -25.744443638
   -0.872664626   -0.698131701   25.092924106   16.660799351  -23.543725958
   -0.698131701   -0.698131701   28.542628519   22.173947759  -19.756358217
   -0.523598776   -0.698131701   32.591563687   23.312777738  -15.057885392
   -0.349065850   -0.698131701   36.382675866   19.140876805  -10.198471048
   -0.174532925   -0.698131701   38.961617491    9.442963779   -5.834625187
    0.000000000   -0.698131701   39.407617391   -5.112215124   -2.417330977
    0.174532925   -0.698131701   37.028290336  -22.420322464   -0.097610566
    0.349065850   -0.698131701   31.666136237  -38.462224177    1.291376252
    0.523598776   -0.698131701   24.011911465  -47.724857081    2.152002579
    0.698131701   -0.698131701   15.721971455  -45.087242493    2.927994119
    0.872664626   -0.698131701    9.111444907  -28.510414239    3.887771255
    1.047197551   -0.698131701    6.439899634   -0.852227019    5.021966262
    1.221730476   -0.698131701    9.065245234   30.791267061    6.120719183
    1.396263402   -0.698131701   16.924984038   57.774857529    6.958367141
    1.570796327   -0.698131701   28.565521177   73.260916229    7.447819512
    1.745329252   -0.698131701   41.657808459   74.278824532    7.662253405
    1.919862177   -0.698131701   53.712467558   61.819497975    7.747300828
    2.094395102   -0.698131701   62.682005618   39.709390464    7.800446376
    2.268928028   -0.698131701   67.317589327   13.037787005    7.804701149
    2.443460953   -0.698131701   67.276134376  -13.065934769    7.641587303
    2.617993878   -0.698131701   63.054572550  -34.241658239    7.149958792
    2.792526803   -0.698131701   55.813055894  -47.304389734    6.192897638
    2.967059728   -0.698131701   47.132963142  -50.711772592    4.734425600

   -3.141592654   -0.349065850   39.362153905  -50.196604521    3.247464948
   -2.967059728   -0.349065850   31.594403405  -38.049535161    0.319600809
   -2.792526803   -0.349065850   26.263545912  -23.055204727   -2.650450296
   -2.617993878   -0.349065850   23.453116058   -9.853840389   -5.475911139
   -2.443460953   -0.349065850   22.522938883   -1.887501849   -8.105039219
   -2.268928028   -0.349065850   22.424116234   -0.278325019  -10.641028854
   -2.094395102   -0.349065850   22.127340094   -3.775607081  -13.266708358
   -1.919862177   -0.349065850   20.981330415   -9.435674303  -16.079347905
   -1.745329252   -0.349065850   18.915672393  -13.767368931  -18.914538663
   -1.570796327   -0.349065850   16.431806402  -13.843718955  -21.273020003
   -1.396263402   -0.349065850   14.416308741   -8.360963447  -22.460312325
   -1.221730476   -0.349065850   13.803093895    1.896226221  -21.880363730
   -1.047197551   -0.349065850   15.216107263   14.306564827  -19.348681448
   -0.872664626   -0.349065850   18.736843176   25.457650495  -15.213834328
   -0.698131701   -0.349065850   23.866760250   32.323363899  -10.236741570
   -0.523598776   -0.349065850   29.675828037   33.044180833   -5.311228519
   -0.349065850   -0.349065850   35.017709254   26.973916428   -1.172291422
   -0.174532925   -0.349065850   38.728616964   14.484795075    1.782817473
    0.000000000   -0.349065850   39.797279593   -2.969006313    3.557871149
    0.174532925   -0.349065850   37.585400386  -22.463286518    4.542368148
    0.349065850   -0.349065850   32.120890824  -39.342071156    5.364253117
    0.523598776   -0.349065850   24.352002149  -47.944239891    6.642744238
    0.698131701   -0.349065850   16.162003423  -43.643180807    8.699250030
    0.872664626   -0.349065850    9.962764727  -25.327523142   11.376118603
    1.047197551   -0.349065850    7.945963958    3.277002279   14.106070969
    1.221730476   -0.349065850   11.291455464   34.725116939   16.212932199
    1.396263402   -0.349065850   19.753689442   60.645567371   17.249379170
    1.570796327   -0.349065850   31.779021039   74.806592533   17.176444740
    1.745329252   -0.349065850   45.042159256   74.764049465   16.295752357
    1.919862177   -0.349065850   57.121353189   61.690361547   15.033701890
    2.094395102   -0.349065850   66.037868128   39.258453767   13.723539320
    2.268928028   -0.349065850   70.568240888   12.261463863   12.492459291
    2.443460953   -0.349065850   70.344609556  -14.427496595   11.273819899
    2.617993878   -0.349065850   65.809096751  -36.541145530    9.886479545
    2.792526803   -0.349065850   58.067413800  -50.758307583    8.132316838
    2.967059728   -0.349065850   48.683825662  -55.280242119    5.906694899

   -3.141592654    0.000000000   40.651813594  -55.806756946    2.574238327
   -2.967059728    0.000000000   31.875196879  -43.917689699   -0.317310361
   -2.792526803    0.000000000   25.527872683  -28.765627979   -3.112269992
   -2.617993878    0.000000000   21.754259627  -15.156961807   -5.658753437
   -2.443460953    0.000000000   19.932918188   -6.820923544   -7.935213336
   -2.268928028    0.000000000   18.987023809   -5.095722831  -10.052562002
   -2.094395102    0.000000000   17.842753930   -8.674660438  -12.157014121
   -1.919862177    0.000000000   15.845241889  -14.207151101  -14.262886613
   -1.745329252    0.000000000   13.013946840  -17.574098881  -16.113377647
   -1.570796327    0.000000000   10.042649049  -15.388600085  -17.176070034
   -1.396263402    0.000000000    8.045977915   -6.437104057  -16.847138721
   -1.221730476    0.000000000    8.110496970    7.717345649  -14.762196494
   -1.047197551    0.000000000   10.834381407   23.284573606  -11.058052810
   -0.872664626    0.000000000   16.074834966   35.837329468   -6.394189621
   -0.698131701    0.000000000   22.984174854   41.980322629   -1.718423134
   -0.523598776    0.000000000   30.284565932   40.246985043    2.092482830
   -0.349065850    0.000000000   36.601361579   30.891463137    4.544390355
   -0.174532925    0.000000000   40.719860417   15.353467006    5.645521086
    0.000000000    0.000000000   41.755502269   -3.955811737    5.861303699
    0.174532925    0.000000000   39.336215256  -23.538229061    5.962981966
    0.349065850    0.000000000   33.809405905  -38.728914693    6.763393191
    0.523598776    0.000000000   26.383827766  -44.543314756    8.815316035
    0.698131701    0.000000000   19.033790151  -37.564577179   12.150148057
    0.872664626    0.000000000   14.040547005  -17.899557842   16.200950758
    1.047197551    0.000000000   13.296888095   10.106466820   20.015129111
    1.221730476    0.000000000   17.654596993   39.284830548   22.672685634
    1.396263402    0.000000000   26.653796337   62.216909444   23.664975889
    1.570796327    0.000000000   38.709880768   73.716967187   23.042215168
    1.745329252    0.000000000   51.618612529   71.980063834   21.272658281
    1.919862177    0.000000000   63.140238244   58.241372440   18.956938602
    2.094395102    0.000000000   71.449271905   35.820082442   16.570437569
    2.268928028    0.000000000   75.398382987    9.037580069   14.338244240
    2.443460953    0.000000000   74.619090523  -17.620608896   12.253649643
    2.617993878    0.000000000   69.502874109  -40.077950564   10.169323353
    2.792526803    0.000000000   61.089707279  -54.957759473    7.905689994
    2.967059728    0.000000000   50.903088187  -60.258764311    5.362844305

   -3.141592654    0.349065850   41.908467594  -60.930551902    1.467708567
   -2.967059728    0.349065850   32.229340745  -49.065133701   -0.427318875
   -2.792526803    0.349065850   25.006476223  -33.586077355   -2.083103114
   -2.617993878    0.349065850   20.438382125  -19.412750955   -3.493048915
   -2.443460953    0.349065850   17.924852044  -10.511105098   -4.727709987
   -2.268928028    0.349065850   16.371102724   -8.401992842   -5.914259170
   -2.094395102    0.349065850   14.671953497  -11.722094945   -7.153239345
   -1.919862177    0.349065850   12.177523200  -16.772017928   -8.403235583
   -1.745329252    0.349065850    8.988654285  -18.948019420   -9.410124281
   -1.570796327    0.349065850    5.951293194  -14.611693817   -9.750079155
   -1.396263402    0.349065850    4.332004341   -2.825192934   -9.021496339
   -1.221730476    0.349065850    5.271825146   14.028150770   -7.080558411
   -1.047197551    0.349065850    9.257172204   31.168413522   -4.193322225
   -0.872664626    0.349065850   15.883338615   43.515451110   -0.974122770
   -0.698131701    0.349065850   23.986891362   47.733416620    1.867331856
   -0.523598776    0.349065850   32.044636696   43.088869955    3.832818622
   -0.349065850    0.349065850   38.600551047   30.886580877    4.843342651
   -0.174532925    0.349065850   42.541872563   13.564622219    5.238905165
    0.000000000    0.349065850   43.233156469   -5.792540910    5.637882744
    0.174532925    0.349065850   40.627836255  -23.538671114    6.728217046
    0.349065850    0.349065850   35.372017619  -35.466150516    9.020813241
    0.523598776    0.349065850   28.838482152  -37.644068510   12.637884651
    0.698131701    0.349065850   22.947989660  -28.027120258   17.195519801
    0.872664626    0.349065850   19.702166610   -7.829590514   21.860446212
    1.047197551    0.349065850   20.585207377   18.309886920   25.632498080
    1.221730476    0.349065850   26.076514487   43.884055897   27.729215887
    1.396263402    0.349065850   35.519133496   62.737233752   27.854541451
    1.570796327    0.349065850   47.355625430   70.878645432   26.239015212
    1.745329252    0.349065850   59.573217648   67.144965098   23.446785356
    1.919862177    0.349065850   70.176340437   52.747812713   20.110252989
    2.094395102    0.349065850   77.537280586   30.546120543   16.725115888
    2.268928028    0.349065850   80.612199881    4.303611524   13.568196982
    2.443460953    0.349065850   79.047449806  -21.931477743   10.723683470
    2.617993878    0.349065850   73.192714500  -44.297698630    8.154886702
    2.792526803    0.349065850   64.027302820  -59.399448111    5.781152337
    2.967059728    0.349065850   53.031119941  -65.072996777    3.549951959

   -3.141592654    0.698131701   43.390886585  -63.810992697   -0.138471767
   -2.967059728    0.698131701   33.213299355  -51.874734440   -0.704765276
   -2.792526803    0.698131701   25.510631880  -36.250367699   -0.951852440
   -2.617993878    0.698131701   20.494701914  -21.866432144   -1.016096692
   -2.443460953    0.698131701   17.570907741  -12.757401905   -1.043007172
   -2.268928028    0.698131701   15.639836702  -10.479410028   -1.160483144
   -2.094395102    0.698131701   13.594160060  -13.593203474   -1.438232140
   -1.919862177    0.698131701   10.806334328  -18.200108731   -1.846884276
   -1.745329252    0.698131701    7.437934940  -19.486187196   -2.251654540
   -1.570796327    0.698131701    4.418749658  -13.800859033   -2.454490110
   -1.396263402    0.698131701    3.073389410   -0.510995122   -2.296592703
   -1.221730476    0.698131701    4.523702914   17.448402067   -1.752619640
   -1.047197551    0.698131701    9.139370387   34.792970971   -0.959324748
   -0.872664626    0.698131701   16.338453603   46.295797644   -0.140505034
   -0.698131701    0.698131701   24.799883872   48.988780162    0.539561741
   -0.523598776    0.698131701   32.941295647   42.868741495    1.103023737
   -0.349065850    0.698131701   39.384490747   29.998195361    1.797706382
   -0.174532925    0.698131701   43.206153975   13.313520386    3.006623023
    0.000000000    0.698131701   44.010916226   -4.028397834    5.107477333
    0.174532925    0.698131701   41.965938584  -18.770741729    8.330496334
    0.349065850    0.698131701   37.827510882  -27.482554875   12.632161237
    0.523598776    0.698131701   32.918335374  -27.237498285   17.631386301
    0.698131701    0.698131701   28.934864365  -16.935504954   22.634058304
    0.872664626    0.698131701   27.525519356    1.752157193   26.776480720
    1.047197551    0.698131701   29.804677463   24.478541190   29.295302225
    1.221730476    0.698131701   35.995687162   45.676832778   29.794874872
    1.396263402    0.698131701   45.377248868   60.376424960   28.351403320
    1.570796327    0.698131701   56.517175317   65.493718563   25.427769731
    1.745329252    0.698131701   67.639911618   60.232973653   21.645587197
    1.919862177    0.698131701   77.003855613   45.649611709   17.577795238
    2.094395102    0.698131701   83.178235424   24.147021148   13.633999420
    2.268928028    0.698131701   85.227935459   -1.023907454   10.053754447
    2.443460953    0.698131701   82.825802057  -26.231695937    6.953830266
    2.617993878    0.698131701   76.290800455  -47.848630479    4.381841915
    2.792526803    0.698131701   66.546639932  -62.521701823    2.351163897
    2.967059728    0.698131701   55.021806979  -68.010208433    0.853890669

   -3.141592654    1.047197551   42.132492009  -63.948894269   -4.852731431
   -2.967059728    1.047197551   32.023982074  -51.000721191   -4.091794220
   -2.792526803    1.047197551   24.529218143  -34.816754043   -3.026737534
   -2.617993878    1.047197551   19.777186638  -20.342487508   -1.909114607
   -2.443460953    1.047197551   17.098662364  -11.511569930   -0.916599108
   -2.268928028    1.047197551   15.345969203   -9.692128590   -0.136258217
   -2.094395102    1.047197551   13.396649123  -13.260031080    0.420225241
   -1.919862177    1.047197551   10.635018980  -18.210118655    0.772230505
   -1.745329252    1.047197551    7.244006387  -19.718199982    0.917264416
   -1.570796327    1.047197551    4.168722807  -14.214405117    0.810957551
   -1.396263402    1.047197551    2.732025125   -1.165676775    0.390788964
   -1.221730476    1.047197551    4.040020480   16.452717297   -0.352215613
   -1.047197551    1.047197551    8.450201370   33.440230771   -1.300503263
   -0.872664626    1.047197551   15.394849041   44.788291957   -2.184353847
   -0.698131701    1.047197551   23.614646349   47.834461604   -2.618403015
   -0.523598776    1.047197551   31.639863530   42.835898226   -2.192337117
   -0.349065850    1.047197551   38.237130045   31.926625534   -0.573418890
   -0.174532925    1.047197551   42.616525888   17.849772125    2.396568386
    0.000000000    1.047197551   44.459230881    3.317244600    6.647138120
    0.174532925    1.047197551   43.916100717   -9.032204445   11.862961072
    0.349065850    1.047197551   41.613280385  -16.419898127   17.489925250
    0.523598776    1.047197551   38.636969618  -16.445966283   22.793202543
    0.698131701    1.047197551   36.381561898   -8.217217406   26.978268937
    0.872664626    1.047197551   36.199771623    6.903618727   29.372642017
    1.047197551    1.047197551   39.008562742   25.366044275   29.633736926
    1.221730476    1.047197551   44.996270203   42.583276695   27.859146648
    1.396263402    1.047197551   53.563848786   54.358092906   24.510983614
    1.570796327    1.047197551   63.495426976   57.877396284   20.217937263
    1.745329252    1.047197551   73.235678922   52.161428124   15.551553987
    1.919862177    1.047197551   81.208110188   37.859248164   10.922038239
    2.094395102    1.047197551   86.076531720   17.011951286    6.586119165
    2.268928028    1.047197551   86.951703208   -7.324024664    2.727123093
    2.443460953    1.047197551   83.532536038  -31.557538611   -0.489703418
    2.617993878    1.047197551   76.164672225  -52.028973752   -2.911454043
    2.792526803    1.047197551   65.802848155  -65.380559029   -4.431101436
    2.967059728    1.047197551   53.899707916  -69.455929320   -5.041545447

   -3.141592654    1.396263402   37.202198050  -62.583071345  -10.455334346
   -2.967059728    1.396263402   27.472886960  -48.111262089   -8.885207776
   -2.792526803    1.396263402   20.570338871  -31.025911866   -7.049821401
   -2.617993878    1.396263402   16.512776625  -16.265387538   -5.256845436
   -2.443460953    1.396263402   14.533285468   -7.641376487   -3.659095309
   -2.268928028    1.396263402   13.414630446   -6.331261864   -2.252883803
   -2.094395102    1.396263402   11.994941764  -10.574204263   -0.955668509
   -1.919862177    1.396263402    9.632147366  -16.363365820    0.266718631
   -1.745329252    1.396263402    6.471722862  -18.983152952    1.301561563
   -1.570796327    1.396263402    3.403072097  -14.931843099    1.902362819
   -1.396263402    1.396263402    1.700057028   -3.508318239    1.826748562
   -1.221730476    1.396263402    2.475135717   12.776769524    1.036855844
   -1.047197551    1.396263402    6.189540906   29.332055578   -0.173672943
   -0.872664626    1.396263402   12.476516496   41.601977358   -1.224644695
   -0.698131701    1.396263402   20.326524172   47.002480363   -1.444338058
   -0.523598776    1.396263402   28.494048091   45.427822642   -0.310009411
   -0.349065850    1.396263402   35.877382664   38.338946620    2.389405771
   -0.174532925    1.396263402   41.685995123   27.679020242    6.514999194
    0.000000000    1.396263402   45.463501333   15.414803485   11.628946077
    0.174532925    1.396263402   47.108136233    3.617574218   17.082466237
    0.349065850    1.396263402   46.917652980   -5.200938604   22.099212104
    0.523598776    1.396263402   45.636513447   -8.506380628   25.887619215
    0.698131701    1.396263402   44.382960719   -4.805125667   27.796840597
    0.872664626    1.396263402   44.375435642    5.540206102   27.494195614
    1.047197551    1.396263402   46.582994708   20.051949182   25.092860303
    1.221730476    1.396263402   51.406852170   34.830557210   21.119134924
    1.396263402    1.396263402   58.524780253   45.722109495   16.299926432
    1.570796327    1.396263402   66.952162957   49.379890770   11.297982423
    1.745329252    1.396263402   75.250454176   44.138264017    6.525000445
    1.919862177    1.396263402   81.857846325   30.204713161    2.141194357
    2.094395102    1.396263402   85.411644432    9.602650691   -1.827178763
    2.268928028    1.396263402   85.022821714  -14.339574021   -5.332786943
    2.443460953    1.396263402   80.444746938  -37.720828711   -8.234995526
    2.617993878    1.396263402   72.118417698  -56.735490097  -10.320582095
    2.792526803    1.396263402   61.098326840  -68.139229887  -11.393468733
    2.967059728    1.396263402   48.899021612  -70.066519305  -11.394656063

   -3.141592654    1.745329252   30.903987913  -59.723297649  -17.047850451
   -2.967059728    1.745329252   21.799629477  -43.944332663  -15.639141092
   -2.792526803    1.745329252   15.676683167  -26.392447878  -13.826585660
   -2.617993878    1.745329252   12.418243573  -11.823810162  -11.825463967
   -2.443460953    1.745329252   11.171713348   -3.705859840   -9.729384411
   -2.268928028    1.745329252   10.694958568   -2.895807634   -7.518744596
   -2.094395102    1.745329252    9.839148001   -7.543550734   -5.130524174
   -1.919862177    1.745329252    7.965593860  -13.837830355   -2.579691800
   -1.745329252    1.745329252    5.173736154  -17.384080302   -0.057621312
   -1.570796327    1.745329252    2.263005284  -14.812559699    2.077917754
   -1.396263402    1.745329252    0.431827282   -5.094086055    3.462662830
   -1.221730476    1.745329252    0.813598766    9.999870548    3.960757366
   -1.047197551    1.745329252    4.030538107   26.664434176    3.823525783
   -0.872664626    1.745329252    9.982908449   40.705435240    3.637572395
   -0.698131701    1.745329252   17.935186378   49.244069087    4.080721580
   -0.523598776    1.745329252   26.814400244   51.347488366    5.629428186
   -0.349065850    1.745329252   35.527101440   47.498333407    8.371891830
   -0.174532925    1.745329252   43.129797264   38.812547317   12.003334786
    0.000000000    1.745329252   48.896379547   26.755628020   15.933317169
    0.174532925    1.745329252   52.398802367   13.245187407   19.434687735
    0.349065850    1.745329252   53.611533194    0.999970399   21.779859245
    0.523598776    1.745329252   53.024421985   -6.867746864   22.385657138
    0.698131701    1.745329252   51.634350493   -7.948521989   20.969008648
    0.872664626    1.745329252   50.714660214   -1.547752599   17.671390073
    1.047197551    1.745329252   51.457195532   10.658113424   13.062958132
    1.221730476    1.745329252   54.575474491   24.953903859    7.961831242
    1.396263402    1.745329252   60.031035572   36.701531667    3.124752986
    1.570796327    1.745329252   67.000372636   41.695536107   -1.012841735
    1.745329252    1.745329252   74.058279258   37.523161717   -4.417887720
    1.919862177    1.745329252   79.562399757   24.085384704   -7.321442301
    2.094395102    1.745329252   82.059492977    3.593024155   -9.990160195
    2.268928028    1.745329252   80.632505577  -20.160441591  -12.529925185
    2.443460953    1.745329252   75.091186131  -42.811992392  -14.831419725
    2.617993878    1.745329252   65.994183790  -60.331977978  -16.636395713
    2.792526803    1.745329252   54.523179785  -69.617127443  -17.671784644
    2.967059728    1.745329252   42.268828423  -69.217525607  -17.795042027

   -3.141592654    2.094395102   23.783671704  -57.923967202  -18.966664453
   -2.967059728    2.094395102   15.092010731  -41.093115018  -17.597990978
   -2.792526803    2.094395102    9.525658278  -22.937811656  -15.733038179
   -2.617993878    2.094395102    6.900278304   -8.057292025  -13.552147777
   -2.443460953    2.094395102    6.331670744    0.296679047  -11.137491469
   -2.268928028    2.094395102    6.580751882    1.435106322   -8.464374174
   -2.094395102    2.094395102    6.516778218   -2.806591736   -5.452642534
   -1.919862177    2.094395102    5.497588609   -8.843716561   -2.083654150
   -1.745329252    2.094395102    3.567888104  -12.609978947    1.483669930
   -1.570796327    2.094395102    1.424700121  -10.904008336    4.891833520
   -1.396263402    2.094395102    0.166799927   -2.476260808    7.721443714
   -1.221730476    2.094395102    0.901424448   11.501964796    9.720746425
   -1.047197551    2.094395102    4.341297773   27.891996796   10.974008754
   -0.872664626    2.094395102   10.568467422   42.814884323   11.870256816
   -0.698131701    2.094395102   19.036207641   53.146044948   12.876065188
   -0.523598776    2.094395102   28.774057930   57.242539896   14.268194000
   -0.349065850    2.094395102   38.651355532   54.780846141   15.978158656
   -0.174532925    2.094395102   47.559234768   46.241504722   17.629685218
    0.000000000    2.094395102   54.524729906   32.800930293   18.678722873
    0.174532925    2.094395102   58.853230100   16.437672410   18.579147611
    0.349065850    2.094395102   60.291645200    0.263286729   16.928770861
    0.523598776    2.094395102   59.198980891  -11.904513178   13.600959280
    0.698131701    2.094395102   56.587690726  -16.720553146    8.846831473
    0.872664626    2.094395102   53.912807251  -12.578950235    3.309137007
    1.047197551    2.094395102   52.675833329   -0.661204176   -2.126992488
    1.221730476    2.094395102   53.926995190   15.114819131   -6.635790344
    1.396263402    2.094395102   57.870741323   29.286597273   -9.763927942
    1.570796327    2.094395102   63.757295638   36.612157861  -11.575929183
    1.745329252    2.094395102   70.072922797   33.933325818  -12.550766514
    1.919862177    2.094395102   75.004997445   20.972741765  -13.301914159
    2.094395102    2.094395102   76.946347756    0.284008029  -14.287711153
    2.268928028    2.094395102   74.912837136  -23.756456414  -15.647219341
    2.443460953    2.094395102   68.746775081  -46.265089426  -17.210620868
    2.617993878    2.094395102   59.107265716  -62.968195795  -18.623991301
    2.792526803    2.094395102   47.289430553  -70.873877966  -19.515787697
    2.967059728    2.094395102   34.955215138  -68.865495155  -19.646636640

   -3.141592654    2.443460953   17.393618220  -56.857972644  -13.033756141
   -2.967059728    2.443460953    8.983650843  -38.962657572  -11.640539603
   -2.792526803    2.443460953    3.870633195  -19.907944970   -9.926936083
   -2.617993878    2.443460953    1.844312827   -4.237510913   -7.999947480
   -2.443460953    2.443460953    2.010190881    4.894453880   -5.874009861
   -2.268928028    2.443460953    3.135284091    6.884079276   -3.461412810
   -2.094395102    2.443460953    4.101642846    3.542051346   -0.609525007
   -1.919862177    2.443460953    4.260816976   -1.745432052    2.798062263
   -1.745329252    2.443460953    3.604145262   -5.232509596    6.714927526
   -1.570796327    2.443460953    2.723104249   -3.949203753   10.861707888
   -1.396263402    2.443460953    2.595197945    3.430205291   14.793404318
   -1.221730476    2.443460953    4.251059223   16.154683426   18.077218602
   -1.047197551    2.443460953    8.413976428   31.607797915   20.472578975
   -0.872664626    2.443460953   15.250221112   46.170698798   21.982120529
   -0.698131701    2.443460953   24.303643598   56.528785702   22.739708285
   -0.523598776    2.443460953   34.627522208   60.491691714   22.839259451
   -0.349065850    2.443460953   45.011925919   57.182280993   22.219656671
   -0.174532925    2.443460953   54.190730842   46.763941483   20.690006439
    0.000000000    2.443460953   61.010318271   30.460564514   18.028504560
    0.174532925    2.443460953   64.633085797   10.631644596   14.099496153
    0.349065850    2.443460953   64.752132332   -8.980886032    8.955224378
    0.523598776    2.443460953   61.798217972  -23.778985852    2.911332382
    0.698131701    2.443460953   56.993207860  -29.662996781   -3.430524653
    0.872664626    2.443460953   52.109844971  -24.596815627   -9.256647116
    1.047197551    2.443460953   48.992264542   -9.938614177  -13.756863608
    1.221730476    2.443460953   48.943668766    9.573168362  -16.415348798
    1.396263402    2.443460953   52.242339134   27.320514722  -17.213781447
    1.570796327    2.443460953   58.018798670   37.081245375  -16.629678890
    1.745329252    2.443460953   64.514614705   35.280566142  -15.409616904
    1.919862177    2.443460953   69.657021059   21.869539441  -14.264979731
    2.094395102    2.443460953   71.658719232    0.037571197  -13.629828635
    2.268928028    2.443460953   69.477791706  -25.137557386  -13.583362922
    2.443460953    2.443460953   63.006852126  -48.260548921  -13.920833984
    2.617993878    2.443460953   53.017209701  -64.858790919  -14.298501032
    2.792526803    2.443460953   40.924878058  -72.044427336  -14.384985698
    2.967059728    2.443460953   28.478065960  -68.957482159  -13.977698779

   -3.141592654    2.792526803   14.507344344  -55.377935266    1.063535751
   -2.967059728    2.792526803    6.386833675  -37.143400330    2.714936474
   -2.792526803    2.792526803    1.619364915  -17.770961465    4.173415923
   -2.617993878    2.792526803    0.000000000   -1.689897181    5.461794838
   -2.443460953    2.792526803    0.661767133    8.068576306    6.732303314
   -2.268928028    2.792526803    2.418126106   10.992943908    8.232435916
   -2.094395102    2.792526803    4.207166298    8.899590729   10.238697511
   -1.919862177    2.792526803    5.423910879    5.014415607   12.956572956
   -1.745329252    2.792526803    6.058723894    2.734702559   16.405101871
   -1.570796327    2.792526803    6.632470006    4.617078753   20.337046107
   -1.396263402    2.792526803    7.988506240   11.708343724   24.269874324
   -1.221730476    2.792526803   10.998628865   23.261430776   27.624377706
   -1.047197551    2.792526803   16.251038306   36.907313843   29.906778021
   -0.872664626    2.792526803   23.827038641   49.307510156   30.823977714
   -0.698131701    2.792526803   33.222716319   57.280646876   30.279930400
   -0.523598776    2.792526803   43.451142628   58.592569670   28.299169935
   -0.349065850    2.792526803   53.250600912   52.328725938   24.951618758
   -0.174532925    2.792526803   61.308479833   38.762701697   20.351904374
    0.000000000    2.792526803   66.463258430   19.441588801   14.692069114
    0.174532925    2.792526803   67.940797499   -2.787886983    8.269271336
    0.349065850    2.792526803   65.587779310  -23.651792603    1.508930964
    0.523598776    2.792526803   60.076928595  -38.110040945   -5.036097213
    0.698131701    2.792526803   52.930428307  -41.856071649  -10.723055122
    0.872664626    2.792526803   46.222971116  -33.076222322  -14.922947069
    1.047197551    2.792526803   42.017994669  -13.851995351  -17.207711220
    1.221730476    2.792526803   41.677979364   10.034176553  -17.533062302
    1.396263402    2.792526803   45.357411829   30.973129703  -16.280080273
    1.570796327    2.792526803   51.925861887   42.224163811  -14.117588605
    1.745329252    2.792526803   59.327969125   40.303148631  -11.732231236
    1.919862177    2.792526803   65.254795705   25.733553946   -9.602955939
    2.094395102    2.792526803   67.800904324    2.423236413   -7.898015704
    2.268928028    2.792526803   65.922632112  -23.975568141   -6.528639016
    2.443460953    2.792526803   59.587151849  -47.771446017   -5.278664933
    2.617993878    2.792526803   49.666343740  -64.478069578   -3.940864150
    2.792526803    2.792526803   37.661114954  -71.391616379   -2.403747971
    2.967059728    2.792526803   25.365876589  -67.881834473   -0.693228195
