#! FIELDS phi psi file.free der_phi der_psi
#! SET min_phi -pi
#! SET max_phi pi
#! SET nbins_phi  36
#! SET periodic_phi true
#! SET min_psi -pi
#! SET max_psi pi
#! SET nbins_psi  18
#! SET periodic_psi true
   -3.141592654   -3.141592654   18.301410906  -53.614533869   14.364546885
   -2.967059728   -3.141592654   10.282333808  -37.515396473   16.693207809
   -2.792526803   -3.141592654    5.361459313  -18.884852258   18.408203124
   -2.617993878   -3.141592654    3.576705891   -2.268462925   19.474246962
   -2.443460953   -3.141592654    4.248842979    8.886664453   20.104054872
   -2.268928028   -3.141592654    6.300770924   13.612195875   20.692482731
   -2.094395102   -3.141592654    8.710745545   13.399755328   21.660917337
   -1.919862177   -3.141592654   10.863756996   11.199518053   23.273141604
   -1.745329252   -3.141592654   12.684234943   10.027779613   25.505815132
   -1.570796327   -3.141592654   14.550913164   11.953826028   28.009795286
   -1.396263402   -3.141592654   17.085039421   17.648101083   30.196883217
   -1.221730476   -3.141592654   20.894886623   26.282814325   31.418369202
   -1.047197551   -3.141592654   26.325276723   35.796168124   31.181192143
   -0.872664626   -3.141592654   33.291933439   43.406490352   29.295246157
   -0.698131701   -3.141592654   41.232206081   46.586419276   25.905068678
   -0.523598776   -3.141592654   49.218919989   43.799206591   21.396669895
   -0.349065850   -3.141592654   56.174590154   34.854532085   16.235708095
   -0.174532925   -3.141592654   61.090669358   20.636865395   10.833889585
    0.000000000   -3.141592654   63.186385584    2.902630726    5.476359713
    0.174532925   -3.141592654   62.057430411  -15.822932006    0.317267493
    0.349065850   -3.141592654   57.824010752  -32.006133710   -4.533051142
    0.523598776   -3.141592654   51.291939391  -41.431538585   -8.898267039
    0.698131701   -3.141592654   43.982587565  -40.463611520  -12.471801470
    0.872664626   -3.141592654   37.864735106  -27.877579330  -14.857298503
    1.047197551   -3.141592654   34.791248144   -6.349364558  -15.737131751
    1.221730476   -3.141592654   35.816232323   17.860670497  -15.057561299
    1.396263402   -3.141592654   40.743124575   37.198294875  -13.086526230
    1.570796327   -3.141592654   48.171209254   45.832746245  -10.315437243
    1.745329252   -3.141592654   55.994694145   41.760330573   -7.253889751
    1.919862177   -3.141592654   62.109977190   26.816264929   -4.267853086
    2.094395102   -3.141592654   64.967696476    5.228195072   -1.509146377
    2.268928028   -3.141592654   63.825613292  -18.261566973    1.048874877
    2.443460953   -3.141592654   58.722506090  -39.560832978    3.536889046
    2.617993878   -3.141592654   50.330068005  -55.510963060    6.101003093
    2.792526803   -3.141592654   39.797789119  -63.798225351    8.824113100
    2.967059728   -3.141592654   28.595139820  -63.098820455   11.647577706

   -3.141592654   -2.792526803   25.009067930  -48.736328288   21.963999374
   -2.967059728   -2.792526803   17.708402746  -34.225066653   24.192614601
   -2.792526803   -2.792526803   13.211087591  -17.308096266   25.517294418
   -2.617993878   -2.792526803   11.573868175   -2.059773688   26.052895289
   -2.443460953   -2.792526803   12.216375690    8.483661167   26.145930741
   -2.268928028   -2.792526803   14.211421436   13.511584714   26.258029308
   -2.094395102   -2.792526803   16.687914390   14.359209962   26.784284623
   -1.919862177   -2.792526803   19.129174373   13.557289494   27.889588878
   -1.745329252   -2.792526803   21.470114750   13.547144412   29.434470502
   -1.570796327   -2.792526803   23.996756229   15.824085199   30.996597899
   -1.396263402   -2.792526803   27.149948871   20.653008806   31.989312072
   -1.221730476   -2.792526803   31.312124070   27.125286300   31.828717994
   -1.047197551   -2.792526803   36.624147495   33.490245129   30.119826798
   -0.872664626   -2.792526803   42.881745631   37.599558938   26.776740866
   -0.698131701   -2.792526803   49.523781098   37.645731251   22.046490510
   -0.523598776   -2.792526803   55.740267989   32.648672951   16.416514373
   -0.349065850   -2.792526803   60.642040839   22.674996661   10.450967872
   -0.174532925   -2.792526803   63.425703164    8.562354637    4.641881793
    0.000000000   -2.792526803   63.488881525   -8.188908200   -0.669089618
    0.174532925   -2.792526803   60.554339486  -25.337097628   -5.299544272
    0.349065850   -2.792526803   54.826324846  -39.554248089   -9.146085588
    0.523598776   -2.792526803   47.170101313  -46.710138217  -12.100745029
    0.698131701   -2.792526803   39.156113686  -43.213505269  -14.014633838
    0.872664626   -2.792526803   32.786772704  -28.000100330  -14.738732516
    1.047197551   -2.792526803   29.906582892   -4.068884299  -14.237494087
    1.221730476   -2.792526803   31.498100719   21.962794331  -12.668961833
    1.396263402   -2.792526803   37.243060876   42.345954429  -10.348862044
    1.570796327   -2.792526803   45.609593390   51.352904883   -7.625611266
    1.745329252   -2.792526803   54.399503157   47.281456134   -4.740485871
    1.919862177   -2.792526803   61.473711032   32.297995492   -1.777642344
    2.094395102   -2.792526803   65.295489564   10.821262618    1.300509681
    2.268928028   -2.792526803   65.153049109  -12.380470296    4.566987517
    2.443460953   -2.792526803   61.109114770  -33.312294673    8.058039399
    2.617993878   -2.792526803   53.834845113  -48.979591081   11.730117518
    2.792526803   -2.792526803   44.447504451  -57.289485999   15.444480507
    2.967059728   -2.792526803   34.345232481  -57.111414073   18.957895096

   -3.141592654   -2.443460953   32.704991401  -43.858507189   21.037483722
   -2.967059728   -2.443460953   26.117516917  -30.966730760   22.811338160
   -2.792526803   -2.443460953   22.047436209  -15.631526305   23.817482493
   -2.617993878   -2.443460953   20.594582501   -1.520115207   24.182678855
   -2.443460953   -2.443460953   21.284894827    8.622993512   24.169029888
   -2.268928028   -2.443460953   23.324230662   13.985397245   24.089650711
   -2.094395102   -2.443460953   25.946810654   15.591773846   24.181958713
   -1.919862177   -2.443460953   28.667694003   15.475029480   24.500488462
   -1.745329252   -2.443460953   31.363184067   15.560688633   24.884189650
   -1.570796327   -2.443460953   34.181797669   16.985993681   24.995689300
   -1.396263402   -2.443460953   37.386176835   19.915715476   24.427109242
   -1.221730476   -2.443460953   41.188795265   23.648849394   22.821406458
   -1.047197551   -2.443460953   45.623467078   26.916516976   19.995325906
   -0.872664626   -2.443460953   50.478793681   28.214454244   16.004134126
   -0.698131701   -2.443460953   55.295931707   26.312078055   11.140855277
   -0.523598776   -2.443460953   59.449157181   20.557645903    5.855305971
   -0.349065850   -2.443460953   62.261173655   11.004889617    0.626752743
   -0.174532925   -2.443460953   63.112237228   -1.785186455   -4.150706690
    0.000000000   -2.443460953   61.522915943  -16.722463192   -8.222667795
    0.174532925   -2.443460953   57.269745584  -31.897654957  -11.480325354
    0.349065850   -2.443460953   50.567719231  -44.146649182  -13.893548640
    0.523598776   -2.443460953   42.280491320  -49.334875578  -15.444760062
    0.698131701   -2.443460953   33.982972744  -43.819093128  -16.095378342
    0.872664626   -2.443460953   27.682724425  -26.607039955  -15.809734690
    1.047197551   -2.443460953   25.203566592   -0.919174466  -14.629872467
    1.221730476   -2.443460953   27.463808714   26.388519148  -12.717573602
    1.396263402   -2.443460953   34.050793700   47.482678320  -10.310608935
    1.570796327   -2.443460953   43.343675642   56.783069952   -7.627587281
    1.745329252   -2.443460953   53.094776936   52.859705973   -4.784229995
    1.919862177   -2.443460953   61.161237419   38.111085469   -1.790150252
    2.094395102   -2.443460953   66.030605105   17.031948524    1.398097233
    2.268928028   -2.443460953   67.014339073   -5.691436671    4.800915711
    2.443460953   -2.443460953   64.176072596  -26.222997394    8.369860486
    2.617993878   -2.443460953   58.157284891  -41.743665682   11.978007684
    2.792526803   -2.443460953   50.016981957  -50.327627440   15.439095533
    2.967059728   -2.443460953   41.070200339  -50.943158103   18.531631030

   -3.141592654   -2.094395102   38.760151447  -40.461194690   13.423140546
   -2.967059728   -2.094395102   32.668129250  -28.693685950   14.322007721
   -2.792526803   -2.094395102   28.902509926  -14.388205048   14.871920725
   -2.617993878   -2.094395102   27.594393564   -1.052633008   15.159398080
   -2.443460953   -2.094395102   28.325008106    8.678909025   15.267180228
   -2.268928028   -2.094395102   30.362057862   13.943898960   15.258352936
   -2.094395102   -2.094395102   32.977838418   15.547058074   15.142649578
   -1.919862177   -2.094395102   35.676752641   15.208864676   14.847939997
   -1.745329252   -2.094395102   38.271790428   14.581124695   14.224160753
   -1.570796327   -2.094395102   40.813052362   14.694594079   13.080699417
   -1.396263402   -2.094395102   43.464487520   15.811180960   11.254818415
   -1.221730476   -2.094395102   46.372849754   17.511813261    8.672126286
   -1.047197551   -2.094395102   49.567408440   18.914878246    5.394728212
   -0.872664626   -2.094395102   52.902507151   18.926094602    1.627537016
   -0.698131701   -2.094395102   56.047082001   16.600240011   -2.315080970
   -0.523598776   -2.094395102   58.536772117   11.367635012   -6.082492507
   -0.349065850   -2.094395102   59.848432056    3.115587385   -9.378556982
   -0.174532925   -2.094395102   59.470963313   -7.922783188  -12.034654492
    0.000000000   -2.094395102   56.969884940  -21.046698711  -14.026672079
    0.174532925   -2.094395102   52.104724401  -34.628669938  -15.450768638
    0.349065850   -2.094395102   45.041333841  -45.593926820  -16.436681145
    0.523598776   -2.094395102   36.597024818  -49.701046027  -17.061274452
    0.698131701   -2.094395102   28.327005546  -43.122182401  -17.295035861
    0.872664626   -2.094395102   22.245288306  -24.782935915  -17.019021330
    1.047197551   -2.094395102   20.183244748    2.025881415  -16.111446503
    1.221730476   -2.094395102   23.045498134   30.306436248  -14.536977104
    1.396263402   -2.094395102   30.384294749   52.137072049  -12.367390087
    1.570796327   -2.094395102   40.538557572   61.969206492   -9.745857334
    1.745329252   -2.094395102   51.232977292   58.463943190   -6.825915825
    1.919862177   -2.094395102   60.310821976   44.079837032   -3.739001103
    2.094395102   -2.094395102   66.249572793   23.292904326   -0.593112581
    2.268928028   -2.094395102   68.341941717    0.712870483    2.504975082
    2.443460953   -2.094395102   66.618642500  -19.901263240    5.436802639
    2.617993878   -2.094395102   61.676891636  -35.776151906    8.078117845
    2.792526803   -2.094395102   54.527377494  -44.996348164   10.322205030
    2.967059728   -2.094395102   46.438887942  -46.496958730   12.107467697

   -3.141592654   -1.745329252   41.038710034  -39.668093375    5.819765983
   -2.967059728   -1.745329252   35.068286469  -28.063003899    5.974972981
   -2.792526803   -1.745329252   31.411215353  -13.768030368    6.101166390
   -2.617993878   -1.745329252   30.208974346   -0.481860150    6.208444742
   -2.443460953   -1.745329252   31.022278283    9.016825878    6.202732681
   -2.268928028   -1.745329252   33.078142514   13.772458852    5.925913620
   -2.094395102   -1.745329252   35.595763211   14.537585843    5.201887521
   -1.919862177   -1.745329252   38.020140414   13.019251681    3.884863012
   -1.745329252   -1.745329252   40.108601078   10.930897878    1.910040119
   -1.570796327   -1.745329252   41.876046917    9.486148185   -0.664939405
   -1.396263402   -1.745329252   43.493305644    9.230948129   -3.646566024
   -1.221730476   -1.745329252   45.167648871   10.066675411   -6.750231467
   -1.047197551   -1.745329252   47.040828451   11.361318100   -9.679101510
   -0.872664626   -1.745329252   49.111043968   12.124753685  -12.196207039
   -0.698131701   -1.745329252   51.190128090   11.299800206  -14.153399143
   -0.523598776   -1.745329252   52.921156563    8.023553704  -15.483996930
   -0.349065850   -1.745329252   53.825539739    1.768829963  -16.190567355
   -0.174532925   -1.745329252   53.363257717   -7.631334524  -16.354001908
    0.000000000   -1.745329252   51.009300206  -19.775501597  -16.145709823
    0.174532925   -1.745329252   46.396228077  -33.124963033  -15.816147114
    0.349065850   -1.745329252   39.569586927  -44.453907216  -15.615134079
    0.523598776   -1.745329252   31.273051040  -49.146149154  -15.680986103
    0.698131701   -1.745329252   23.062750928  -42.920831601  -15.950765732
    0.872664626   -1.745329252   17.024046879  -24.386245394  -16.164497335
    1.047197551   -1.745329252   15.092926792    3.211990289  -15.977091291
    1.221730476   -1.745329252   18.262338354   32.669594366  -15.115688376
    1.396263402   -1.745329252   26.123630533   55.737552530  -13.478893036
    1.570796327   -1.745329252   36.999717254   66.576693376  -11.155617327
    1.745329252   -1.745329252   48.559217432   63.689334109   -8.366789096
    1.919862177   -1.745329252   58.572319471   49.493556757   -5.388165134
    2.094395102   -1.745329252   65.443794067   28.498910835   -2.485299316
    2.268928028   -1.745329252   68.402209007    5.376394778    0.120182584
    2.443460953   -1.745329252   67.426575195  -16.036472637    2.268641556
    2.617993878   -1.745329252   63.078268001  -32.856738395    3.873546120
    2.792526803   -1.745329252   56.355654313  -43.012402039    4.931286539
    2.967059728   -1.745329252   48.545636946  -45.266576792    5.530699500

   -3.141592654   -1.396263402   40.813945371  -40.547133591    1.817599257
   -2.967059728   -1.396263402   34.711665439  -28.666381848    1.366321564
   -2.792526803   -1.396263402   30.980300557  -14.041613220    0.913117849
   -2.617993878   -1.396263402   29.740562417   -0.712016122    0.481477574
   -2.443460953   -1.396263402   30.480833031    8.314875755   -0.034545876
   -2.268928028   -1.396263402   32.330769912   12.026836108   -0.846590962
   -2.094395102   -1.396263402   34.418420525   11.302646757   -2.214961070
   -1.919862177   -1.396263402   36.133390133    8.128762106   -4.351050741
   -1.745329252   -1.396263402   37.237074473    4.610528198   -7.303133104
   -1.570796327   -1.396263402   37.821274249    2.389405151  -10.869686595
   -1.396263402   -1.396263402   38.200784827    2.321366683  -14.605525524
   -1.221730476   -1.396263402   38.760399700    4.361448180  -17.946017610
   -1.047197551   -1.396263402   39.801831286    7.628461252  -20.396158748
   -0.872664626   -1.396263402   41.420868071   10.701932238  -21.675547702
   -0.698131701   -1.396263402   43.447395518   12.069568774  -21.756424404
   -0.523598776   -1.396263402   45.474064913   10.551123749  -20.808539903
   -0.349065850   -1.396263402   46.928640757    5.437604488  -19.120417001
   -0.174532925   -1.396263402   47.154849585   -3.531923992  -17.048969272
    0.000000000   -1.396263402   45.498862049  -16.005000082  -14.989926754
    0.174532925   -1.396263402   41.462179791  -30.396568401  -13.328502975
    0.349065850   -1.396263402   34.982806189  -43.252583861  -12.340903362
    0.523598776   -1.396263402   26.756458064  -49.507245386  -12.089370182
    0.698131701   -1.396263402   18.381436671  -44.326934081  -12.370268551
    0.872664626   -1.396263402   12.073398836  -25.898587170  -12.776818524
    1.047197551   -1.396263402    9.945195628    2.608819702  -12.858008064
    1.221730476   -1.396263402   13.146131511   33.705421820  -12.296622469
    1.396263402   -1.396263402   21.350870049   58.617293491  -11.002057244
    1.570796327   -1.396263402   32.870353751   70.972044884   -9.098081152
    1.745329252   -1.396263402   45.281845970   68.919350944   -6.835992840
    1.919862177   -1.396263402   56.223345394   54.766275505   -4.494540984
    2.094395102   -1.396263402   63.967267730   33.117873781   -2.313887280
    2.268928028   -1.396263402   67.638303158    8.861237322   -0.471389699
    2.443460953   -1.396263402   67.153825953  -13.907395178    0.919662452
    2.617993878   -1.396263402   63.059740808  -32.047707499    1.805557540
    2.792526803   -1.396263402   56.382352240  -43.241500928    2.189465764
    2.967059728   -1.396263402   48.475482938  -46.079124483    2.149234103

   -3.141592654   -1.047197551   38.776927050  -43.252519787    2.566432995
   -2.967059728   -1.047197551   32.227386405  -31.025457597    1.335290611
   -2.792526803   -1.047197551   28.136522634  -15.784782654   -0.155082049
   -2.617993878   -1.047197551   26.643873963   -1.911534632   -1.754509711
   -2.443460953   -1.047197551   27.193364296    7.233030375   -3.417179083
   -2.268928028   -1.047197551   28.817021475   10.396770833   -5.244686717
   -2.094395102   -1.047197551   30.521901281    8.450652198   -7.459410109
   -1.919862177   -1.047197551   31.600638764    3.664488734  -10.278335820
   -1.745329252   -1.047197551   31.791568985   -1.303737579  -13.736172612
   -1.570796327   -1.047197551   31.272318326   -4.156419760  -17.548555768
   -1.396263402   -1.047197551   30.545933222   -3.570651193  -21.129910292
   -1.221730476   -1.047197551   30.232373592    0.441905035  -23.781470242
   -1.047197551   -1.047197551   30.830399501    6.555718226  -24.965516267
   -0.872664626   -1.047197551   32.528785136   12.647675107  -24.495898638
   -0.698131701   -1.047197551   35.126780116   16.541173477  -22.561709483
   -0.523598776   -1.047197551   38.090576260   16.641832468  -19.612246307
   -0.349065850   -1.047197551   40.671337851   12.068502607  -16.196713803
   -0.174532925   -1.047197551   42.023034028    2.558192783  -12.842891194
    0.000000000   -1.047197551   41.312306607  -11.406206287   -9.983269263
    0.174532925   -1.047197551   37.897465928  -27.943856584   -7.888278561
    0.349065850   -1.047197551   31.643334333  -43.100016357   -6.612671004
    0.523598776   -1.047197551   23.273610494  -51.177363236   -5.987648597
    0.698131701   -1.047197551   14.521002344  -46.793798083   -5.688884925
    0.872664626   -1.047197551    7.804841802  -27.920484551   -5.377957928
    1.047197551   -1.047197551    5.440566682    2.039559229   -4.838722282
    1.221730476   -1.047197551    8.706863159   35.032277390   -4.034288568
    1.396263402   -1.047197551   17.299012777   61.645079106   -3.054954094
    1.570796327   -1.047197551   29.450266537   75.045786151   -2.017214087
    1.745329252   -1.047197551   42.605287617   73.226553677   -0.990388169
    1.919862177   -1.047197551   54.265007071   58.581405403    0.017406059
    2.094395102   -1.047197551   62.593640794   35.938213508    1.016338265
    2.268928028   -1.047197551   66.649433017   10.424072686    1.984974255
    2.443460953   -1.047197551   66.321910965  -13.664077437    2.842545349
    2.617993878   -1.047197551   62.160764118  -33.037502933    3.456140517
    2.792526803   -1.047197551   55.219796372  -45.222390310    3.670138824
    2.967059728   -1.047197551   46.908378313  -48.672257333    3.378938379

   -3.141592654   -0.698131701   38.586157488  -46.718354938    2.674486964
   -2.967059728   -0.698131701   31.363964924  -35.189176287    0.734056457
   -2.792526803   -0.698131701   26.520650334  -20.162863865   -1.653427489
   -2.617993878   -0.698131701   24.273468528   -6.140363547   -4.222192397
   -2.443460953   -0.698131701   24.103905797    3.200099398   -6.790728439
   -2.268928028   -0.698131701   25.019704781    6.243313250   -9.352181722
   -2.094395102   -0.698131701   25.953160864    3.687922148  -12.058994086
   -1.919862177   -0.698131701   26.123094848   -1.995946931  -15.075625653
   -1.745329252   -0.698131701   25.263420165   -7.574321032  -18.376098729
   -1.570796327   -0.698131701   23.663246811  -10.062291796  -21.604116715
   -1.396263402   -0.698131701   22.036725334   -7.741206945  -24.125212756
   -1.221730476   -0.698131701   21.237729958   -0.794042645  -25.263924649
   -1.047197551   -0.698131701   21.919396963    8.761985984  -24.614588721
   -0.872664626   -0.698131701   24.282633005   17.930807230  -22.225906372
   -0.698131701   -0.698131701   27.998959911   23.856190465  -18.573240260
   -0.523598776   -0.698131701   32.320978318   24.659938224  -14.365321783
   -0.349065850   -0.698131701   36.269227378   19.528335706  -10.300881903
   -0.174532925   -0.698131701   38.801882958    8.498789418   -6.890676732
    0.000000000   -0.698131701   38.954621040   -7.498069426   -4.367361519
    0.174532925   -0.698131701   36.041257859  -26.057461087   -2.651472941
    0.349065850   -0.698131701   29.975531292  -42.706374890   -1.410969690
    0.523598776   -0.698131701   21.608197958  -51.392816123   -0.212004263
    0.698131701   -0.698131701   12.833381749  -46.715624637    1.268598847
    0.872664626   -0.698131701    6.202490802  -26.985096285    3.062796711
    1.047197551   -0.698131701    4.083695779    3.867895611    4.888256263
    1.221730476   -0.698131701    7.721210573   37.362572106    6.312207696
    1.396263402   -0.698131701   16.725863712   63.956414169    7.001165669
    1.570796327   -0.698131701   29.250987649   76.976725948    6.901679493
    1.745329252   -0.698131701   42.702275626   74.697019993    6.247283170
    1.919862177   -0.698131701   54.586264708   59.709345693    5.422795771
    2.094395102   -0.698131701   63.092938539   36.867170529    4.777102908
    2.268928028   -0.698131701   67.296297245   11.175209305    4.488861422
    2.443460953   -0.698131701   67.073172056  -13.256513598    4.522149408
    2.617993878   -0.698131701   62.930850394  -33.294961810    4.658557216
    2.792526803   -0.698131701   55.863180234  -46.466118824    4.572349614
    2.967059728   -0.698131701   47.234247933  -51.079045847    3.965933956

   -3.141592654   -0.349065850   39.347346469  -50.708292918    3.275948505
   -2.967059728   -0.349065850   31.312241655  -40.420780373    0.937193103
   -2.792526803   -0.349065850   25.491110000  -26.014945147   -1.946442486
   -2.617993878   -0.349065850   22.215216601  -11.987121182   -5.037885291
   -2.443460953   -0.349065850   21.052246506   -2.313900263   -8.069685215
   -2.268928028   -0.349065850   21.031495792    0.984985250  -10.953768294
   -2.094395102   -0.349065850   21.047866635   -1.609844314  -13.759099257
   -1.919862177   -0.349065850   20.277606085   -7.455463299  -16.553533333
   -1.745329252   -0.349065850   18.476723906  -12.774115458  -19.213004470
   -1.570796327   -0.349065850   16.062523885  -13.983300670  -21.327789540
   -1.396263402   -0.349065850   13.954558897   -9.135125284  -22.313078084
   -1.221730476   -0.349065850   13.201185143    1.208166902  -21.672826775
   -1.047197551   -0.349065850   14.536061586   14.164584251  -19.283710880
   -0.872664626   -0.349065850   18.076814828   25.801597204  -15.503605653
   -0.698131701   -0.349065850   23.274612391   32.678324795  -11.053954465
   -0.523598776   -0.349065850   29.104377879   32.868109178   -6.754075541
   -0.349065850   -0.349065850   34.342238645   25.949110734   -3.236888368
   -0.174532925   -0.349065850   37.796689952   12.607389072   -0.775435830
    0.000000000   -0.349065850   38.476159929   -5.475857019    0.768114376
    0.174532925   -0.349065850   35.794140863  -25.239557581    1.892144238
    0.349065850   -0.349065850   29.856515651  -41.849256231    3.261268542
    0.523598776   -0.349065850   21.727112535  -49.392536222    5.414840037
    0.698131701   -0.349065850   13.440281764  -43.145008306    8.471919036
    0.872664626   -0.349065850    7.540899088  -22.344893840   11.992352910
    1.047197551   -0.349065850    6.241482871    8.380176961   15.129787726
    1.221730476   -0.349065850   10.560400165   40.472015350   17.023109281
    1.396263402   -0.349065850   19.927531344   64.948305222   17.200433309
    1.570796327   -0.349065850   32.444406764   75.976742339   15.774490531
    1.745329252   -0.349065850   45.602217559   72.501655204   13.339058272
    1.919862177   -0.349065850   57.072579026   57.329418425   10.674889311
    2.094395102   -0.349065850   65.207219215   35.077005677    8.438706903
    2.268928028   -0.349065850   69.174195669   10.258913772    6.969627428
    2.443460953   -0.349065850   68.852445918  -13.545916782    6.248305797
    2.617993878   -0.349065850   64.669817911  -33.603755326    5.965053438
    2.792526803   -0.349065850   57.491390745  -47.550622139    5.646190587
    2.967059728   -0.349065850   48.559426838  -53.527400443    4.841122615

   -3.141592654    0.000000000   40.760775849  -54.239781147    2.845734498
   -2.967059728    0.000000000   31.981644450  -45.332709422    0.705267954
   -2.792526803    0.000000000   25.221349798  -31.745563828   -1.860834220
   -2.617993878    0.000000000   20.920682274  -17.902266667   -4.557857508
   -2.443460953    0.000000000   18.740573780   -8.013251557   -7.158812302
   -2.268928028    0.000000000   17.751617814   -4.416590866   -9.589270987
   -2.094395102    0.000000000   16.847540137   -6.754113706  -11.881347237
   -1.919862177    0.000000000   15.211925639  -12.161147573  -14.021146090
   -1.745329252    0.000000000   12.671783910  -16.388046385  -15.803100762
   -1.570796327    0.000000000    9.795904305  -15.474480456  -16.804625272
   -1.396263402    0.000000000    7.685077070   -7.549150255  -16.545192520
   -1.221730476    0.000000000    7.505518346    6.171043751  -14.744720331
   -1.047197551    0.000000000    9.958726248   21.822852383  -11.541162190
   -0.872664626    0.000000000   14.964457404   34.633354267   -7.507060083
   -0.698131701    0.000000000   21.675278208   40.886527356   -3.452484675
   -0.523598776    0.000000000   28.776193865   39.044627862   -0.120858622
   -0.349065850    0.000000000   34.865431295   29.510041902    2.085526457
   -0.174532925    0.000000000   38.734429862   13.927638610    3.220629446
    0.000000000    0.000000000   39.532148278   -5.190081587    3.764075060
    0.174532925    0.000000000   36.928397790  -24.348855963    4.475694746
    0.349065850    0.000000000   31.311933633  -38.870067335    6.118090919
    0.523598776    0.000000000   23.941678074  -43.675448576    9.125041754
    0.698131701    0.000000000   16.855499400  -35.338713432   13.328431975
    0.872664626    0.000000000   12.375036936  -14.275888635   17.910941227
    1.047197551    0.000000000   12.341256067   14.452715653   21.691839943
    1.221730476    0.000000000   17.415165173   42.866989089   23.631561603
    1.396263402    0.000000000   26.840105733   63.271697105   23.272299576
    1.570796327    0.000000000   38.768797494   71.157422464   20.889633461
    1.745329252    0.000000000   50.932681627   66.242693147   17.300745441
    1.919862177    0.000000000   61.312954443   51.355572398   13.485503902
    2.094395102    0.000000000   68.520546242   30.559831723   10.231543206
    2.268928028    0.000000000   71.860529719    7.591003572    7.936152819
    2.443460953    0.000000000   71.214035513  -14.703378935    6.587857533
    2.617993878    0.000000000   66.902775623  -34.095585138    5.862056684
    2.792526803    0.000000000   59.623713687  -48.374415039    5.271562726
    2.967059728    0.000000000   50.454154504  -55.510741168    4.358072145

   -3.141592654    0.349065850   42.105512184  -57.138107484    1.580441330
   -2.967059728    0.349065850   32.720441549  -49.303125571    0.343002998
   -2.792526803    0.349065850   25.207395575  -36.291590331   -1.100769343
   -2.617993878    0.349065850   20.105165641  -22.452160090   -2.617431124
   -2.443460953    0.349065850   17.159142265  -12.202059342   -4.113179448
   -2.268928028    0.349065850   15.478574427   -8.155091308   -5.570914374
   -2.094395102    0.349065850   13.959916066  -10.051861890   -6.999576129
   -1.919862177    0.349065850   11.797556512  -14.841269769   -8.329030401
   -1.745329252    0.349065850    8.879265007  -17.924884769   -9.339623252
   -1.570796327    0.349065850    5.887596341  -15.143695274   -9.692662485
   -1.396263402    0.349065850    4.038241509   -4.834734040   -9.081072207
   -1.221730476    0.349065850    4.537797056   11.155570126   -7.412088694
   -1.047197551    0.349065850    8.000234416   28.202773823   -4.918547086
   -0.872664626    0.349065850   14.142013343   41.025656837   -2.104031492
   -0.698131701    0.349065850   21.869938858   45.947261943    0.451725313
   -0.523598776    0.349065850   29.675866948   41.993496281    2.332126376
   -0.349065850    0.349065850   36.092801112   30.394301233    3.460395852
   -0.174532925    0.349065850   39.994880041   13.621318537    4.124030263
    0.000000000    0.349065850   40.739848400   -5.212506038    4.885683900
    0.174532925    0.349065850   38.276784905  -22.462480773    6.405508300
    0.349065850    0.349065850   33.248551874  -33.901040646    9.181260461
    0.523598776    0.349065850   27.032074436  -35.530451625   13.286187591
    0.698131701    0.349065850   21.559756652  -25.330447457   18.212395690
    0.872664626    0.349065850   18.819437487   -4.800806845   22.940974159
    1.047197551    0.349065850   20.202754472   20.839610749   26.293905293
    1.221730476    0.349065850   25.991264852   44.519106898   27.410147819
    1.396263402    0.349065850   35.272404074   60.092055178   26.077199070
    1.570796327    0.349065850   46.313422710   64.475818002   22.767022666
    1.745329252    0.349065850   57.153609516   58.116415367   18.380144862
    1.919862177    0.349065850   66.134967038   43.735050487   13.879731937
    2.094395102    0.349065850   72.155121003   24.711015471    9.997352725
    2.268928028    0.349065850   74.664247323    3.915291850    7.098043230
    2.443460953    0.349065850   73.544211493  -16.562884442    5.195233102
    2.617993878    0.349065850   69.008241944  -34.981140786    4.045687418
    2.792526803    0.349065850   61.587887624  -49.263800762    3.277514850
    2.967059728    0.349065850   52.199360314  -57.205982877    2.533384021

   -3.141592654    0.698131701   43.501688855  -58.230999756   -0.789070804
   -2.967059728    0.698131701   33.866270913  -51.053561408   -1.017860449
   -2.792526803    0.698131701   26.000195951  -38.537227365   -1.157427195
   -2.617993878    0.698131701   20.480711329  -24.943276489   -1.262012666
   -2.443460953    0.698131701   17.093007034  -14.744075484   -1.405447775
   -2.268928028    0.698131701   14.972994553  -10.631801374   -1.666128541
   -2.094395102    0.698131701   13.036548479  -12.333230569   -2.080359034
   -1.919862177    0.698131701   10.510693733  -16.667513468   -2.592411374
   -1.745329252    0.698131701    7.342029621  -18.891630986   -3.051101376
   -1.570796327    0.698131701    4.286316942  -14.855940114   -3.261259524
   -1.396263402    0.698131701    2.609806590   -3.147691099   -3.078443110
   -1.221730476    0.698131701    3.508966960   13.964213050   -2.482967528
   -1.047197551    0.698131701    7.513338929   31.472608150   -1.591282727
   -0.872664626    0.698131701   14.207144810   43.955136334   -0.591964907
   -0.698131701    0.698131701   22.371846038   47.954742905    0.358051321
   -0.523598776    0.698131701   30.437257615   42.993913299    1.227101130
   -0.349065850    0.698131701   36.972781225   30.877473052    2.157388604
   -0.174532925    0.698131701   40.981964124   14.549562804    3.434349151
    0.000000000    0.698131701   42.012533396   -2.675235351    5.410904196
    0.174532925    0.698131701   40.206089421  -17.357498616    8.383960240
    0.349065850    0.698131701   36.321299198  -25.940834459   12.423720553
    0.523598776    0.698131701   31.697519253  -25.463213639   17.225212848
    0.698131701    0.698131701   28.040983323  -14.966226908   22.069301134
    0.872664626    0.698131701   26.964532925    3.500766180   25.969581326
    1.047197551    0.698131701   29.461910228   25.043414949   28.012768382
    1.221730476    0.698131701   35.549014370   43.705603562   27.722719024
    1.396263402    0.698131701   44.277183903   54.763250945   25.230598659
    1.570796327    0.698131701   54.105279926   56.229102781   21.184773732
    1.745329252    0.698131701   63.397811332   48.960355042   16.459254714
    1.919862177    0.698131701   70.832929860   35.416972162   11.850840833
    2.094395102    0.698131701   75.559273726   18.318635495    7.890972588
    2.268928028    0.698131701   77.150609847   -0.211189034    4.810329038
    2.443460953    0.698131701   75.490623453  -18.711975200    2.603058710
    2.617993878    0.698131701   70.704439482  -35.830832895    1.122939204
    2.792526803    0.698131701   63.190540773  -49.605854076    0.174756887
    2.967059728    0.698131701   53.733260597  -57.715721474   -0.421010782

   -3.141592654    1.047197551   42.264726718  -58.018106141   -5.691160444
   -2.967059728    1.047197551   32.736107983  -50.076216718   -5.056966331
   -2.792526803    1.047197551   25.083011390  -37.134262770   -4.068629164
   -2.617993878    1.047197551   19.814897516  -23.533026579   -2.964827050
   -2.443460953    1.047197551   16.645268340  -13.703907150   -1.973655471
   -2.268928028    1.047197551   14.658143149  -10.163516891   -1.247670646
   -2.094395102    1.047197551   12.754059961  -12.405603845   -0.826222387
   -1.919862177    1.047197551   10.183004487  -17.070139766   -0.650720083
   -1.745329252    1.047197551    6.934716167  -19.361324382   -0.632362089
   -1.570796327    1.047197551    3.805061558  -15.215249896   -0.717284481
   -1.396263402    1.047197551    2.079379433   -3.359333869   -0.904208031
   -1.221730476    1.047197551    2.951091330   13.843711394   -1.195004391
   -1.047197551    1.047197551    6.939123722   31.399423137   -1.520752533
   -0.872664626    1.047197551   13.627716822   43.987290161   -1.708602690
   -0.698131701    1.047197551   21.822292927   48.312794195   -1.514031669
   -0.523598776    1.047197551   30.005098870   44.057875656   -0.691359046
   -0.349065850    1.047197551   36.823018327   33.134499528    0.949038694
   -0.174532925    1.047197551   41.367205176   18.498130988    3.509697432
    0.000000000    1.047197551   43.261914095    3.315972088    6.994187015
    0.174532925    1.047197551   42.681720438   -9.346312891   11.275019882
    0.349065850    1.047197551   40.331984685  -16.527461077   16.024807535
    0.523598776    1.047197551   37.383448794  -15.946503108   20.674555714
    0.698131701    1.047197551   35.269281273   -7.118737076   24.468584623
    0.872664626    1.047197551   35.290413686    7.988840282   26.652355627
    1.047197551    1.047197551   38.200282320   25.212179216   26.749205433
    1.221730476    1.047197551   43.941489129   39.688482542   24.761129808
    1.396263402    1.047197551   51.679295545   47.673981052   21.152119992
    1.570796327    1.047197551   60.115763078   47.635496509   16.644146383
    1.745329252    1.047197551   67.884917986   40.302645188   11.938416257
    1.919862177    1.047197551   73.876890320   27.647556465    7.533591882
    2.094395102    1.047197551   77.358558538   11.856988508    3.684086683
    2.268928028    1.047197551   77.941011766   -5.322400291    0.475141966
    2.443460953    1.047197551   75.497770820  -22.599758731   -2.083101316
    2.617993878    1.047197551   70.129563303  -38.622917905   -3.989811940
    2.792526803    1.047197551   62.218024054  -51.362217842   -5.227375611
    2.967059728    1.047197551   52.541229172  -58.450476003   -5.785685156

   -3.141592654    1.396263402   37.686921836  -57.900843000  -11.228764512
   -2.967059728    1.396263402   28.342434904  -48.128727551  -10.087824988
   -2.792526803    1.396263402   21.156336721  -33.835066929   -8.401747873
   -2.617993878    1.396263402   16.530022459  -19.605502036   -6.540263399
   -2.443460953    1.396263402   14.045661801   -9.886979270   -4.810656281
   -2.268928028    1.396263402   12.675477572   -6.969338496   -3.363062797
   -2.094395102    1.396263402   11.258160984  -10.030703413   -2.184061003
   -1.919862177    1.396263402    9.030691772  -15.501503623   -1.186346681
   -1.745329252    1.396263402    5.988487916  -18.575613962   -0.337110681
   -1.570796327    1.396263402    2.922717645  -15.290769031    0.279272035
   -1.396263402    1.396263402    1.102806631   -4.370576927    0.520022581
   -1.221730476    1.396263402    1.726682250   12.063598698    0.336824407
   -1.047197551    1.396263402    5.376400840   29.421109171   -0.096297650
   -0.872664626    1.396263402   11.765972191   42.693776331   -0.391365363
   -0.698131701    1.396263402   19.863157570   48.628013224   -0.092499299
   -0.523598776    1.396263402   28.292020609   46.638649558    1.139787709
   -0.349065850    1.396263402   35.778167497   38.207660043    3.419937042
   -0.174532925    1.396263402   41.411939976   25.835679931    6.645462381
    0.000000000    1.396263402   44.740854163   12.274758232   10.555567756
    0.174532925    1.396263402   45.793981960    0.205499340   14.772493733
    0.349065850    1.396263402   45.067123146   -7.732082771   18.795193151
    0.523598776    1.396263402   43.479031220   -9.389421676   22.017115091
    0.698131701    1.396263402   42.219710976   -4.036531010   23.827197967
    0.872664626    1.396263402   42.430580389    7.071231428   23.801950078
    1.047197551    1.396263402   44.856489572   20.735336293   21.899759735
    1.221730476    1.396263402   49.591133488   32.868336079   18.509285204
    1.396263402    1.396263402   56.041506553   39.966811025   14.288259150
    1.570796327    1.396263402   63.140198079   40.143181367    9.894471440
    1.745329252    1.396263402   69.659087528   33.493746570    5.759842050
    1.919862177    1.396263402   74.520263048   21.458305752    2.036772210
    2.094395102    1.396263402   76.956253753    6.024201290   -1.312740121
    2.268928028    1.396263402   76.538264512  -10.955959395   -4.354470687
    2.443460953    1.396263402   73.134367800  -27.929951022   -7.069272566
    2.617993878    1.396263402   66.886805073  -43.278455965   -9.316073379
    2.792526803    1.396263402   58.257045829  -54.833566311  -10.870072710
    2.967059728    1.396263402   48.112305096  -60.253591522  -11.532318776

   -3.141592654    1.745329252   31.665770162  -56.896956939  -16.989168219
   -2.967059728    1.745329252   22.682605473  -45.091937747  -16.205317923
   -2.792526803    1.745329252   16.147875123  -29.562292457  -14.595841613
   -2.617993878    1.745329252   12.308032577  -15.009107359  -12.493246174
   -2.443460953    1.745329252   10.600817791   -5.662459989  -10.203538788
   -2.268928028    1.745329252    9.911558968   -3.407091922   -7.897018591
   -2.094395102    1.745329252    9.059388735   -7.098467534   -5.587647170
   -1.919862177    1.745329252    7.296202200  -13.114598997   -3.228218586
   -1.745329252    1.745329252    4.617480464  -16.839766631   -0.856407675
   -1.570796327    1.745329252    1.777511917  -14.495884228    1.326007451
   -1.396263402    1.745329252    0.000000000   -4.687277895    3.023535439
   -1.221730476    1.745329252    0.490476003   10.940026914    4.038987926
   -1.047197551    1.745329252    3.935606997   28.372771817    4.449370152
   -0.872664626    1.745329252   10.233861636   42.881038533    4.619096253
   -0.698131701    1.745329252   18.542931294   50.982651621    5.034921806
   -0.523598776    1.745329252   27.599406285   51.465408968    6.080196750
   -0.349065850    1.745329252   36.120935091   45.129344833    7.882049575
   -0.174532925    1.745329252   43.083610859   33.963534839   10.305954792
    0.000000000    1.745329252   47.853341751   20.451608402   13.019549560
    0.174532925    1.745329252   50.247529487    7.179966868   15.566015182
    0.349065850    1.745329252   50.545428233   -3.150529733   17.418315130
    0.523598776    1.745329252   49.478142893   -8.109489287   18.069776648
    0.698131701    1.745329252   48.125091420   -6.371089845   17.182626429
    0.872664626    1.745329252   47.644514761    1.640511214   14.758408184
    1.047197551    1.745329252   48.940490219   13.465411690   11.207164355
    1.221730476    1.745329252   52.357610874   25.277509024    7.222294490
    1.396263402    1.745329252   57.544989830   33.218642886    3.490869443
    1.570796327    1.745329252   63.574749520   34.638505168    0.414528923
    1.745329252    1.745329252   69.220379179   28.893584427   -2.005453332
    1.919862177    1.745329252   73.306577660   17.057400320   -4.061497099
    2.094395102    1.745329252   74.945276552    1.226486322   -6.120674525
    2.268928028    1.745329252   73.638778407  -16.315923006   -8.409584193
    2.443460953    1.745329252   69.272649542  -33.491385595  -10.915991872
    2.617993878    1.745329252   62.089881868  -48.269905942  -13.396322851
    2.792526803    1.745329252   52.702743460  -58.363736768  -15.463675848
    2.967059728    1.745329252   42.122044745  -61.626220282  -16.741062585

   -3.141592654    2.094395102   24.905911562  -57.012045565  -18.283912621
   -2.967059728    2.094395102   16.080781608  -43.228694476  -17.518598424
   -2.792526803    2.094395102   10.007697315  -26.249192620  -15.837456964
   -2.617993878    2.094395102    6.824855567  -10.900243587  -13.552213017
   -2.443460953    2.094395102    5.865466635   -1.264503652  -10.941076073
   -2.268928028    2.094395102    5.952985507    1.087980850   -8.136729510
   -2.094395102    2.094395102    5.897121515   -2.453075439   -5.112750095
   -1.919862177    2.094395102    4.963389730   -8.266025855   -1.801429433
   -1.745329252    2.094395102    3.137141368  -11.983456279    1.736366661
   -1.570796327    2.094395102    1.112577011  -10.106062195    5.215422453
   -1.396263402    2.094395102    0.024298366   -1.252339872    8.202587821
   -1.221730476    2.094395102    1.018562483   13.286395074   10.335687682
   -1.047197551    2.094395102    4.804772388   30.031954112   11.533674758
   -0.872664626    2.094395102   11.387423842   44.613856295   12.040840568
   -0.698131701    2.094395102   20.059889458   53.511365634   12.272070785
   -0.523598776    2.094395102   29.653810178   55.098092501   12.583256047
   -0.349065850    2.094395102   38.894485211   49.656241937   13.102137285
   -0.174532925    2.094395102   46.679915981   38.723526319   13.710483136
    0.000000000    2.094395102   52.234024530   24.504888231   14.104472265
    0.174532925    2.094395102   55.198231589    9.477895307   13.884423178
    0.349065850    2.094395102   55.673721673   -3.547819928   12.658279888
    0.523598776    2.094395102   54.258863252  -11.723015484   10.185015691
    0.698131701    2.094395102   52.004302097  -12.965209595    6.532199255
    0.872664626    2.094395102   50.187765556   -6.818958664    2.169452071
    1.047197551    2.094395102   49.966545727    4.839105937   -2.126104330
    1.221730476    2.094395102   51.985076315   18.099804671   -5.558131792
    1.396263402    2.094395102   56.116329311   28.354020112   -7.655965122
    1.570796327    2.094395102   61.493125092   31.913505662   -8.471863174
    1.745329252    2.094395102   66.781734836   27.331376147   -8.516549481
    1.919862177    2.094395102   70.606566947   15.436693197   -8.491742530
    2.094395102    2.094395102   71.886271499   -1.362647470   -8.984364552
    2.268928028    2.094395102   70.016565467  -20.165389202  -10.262745880
    2.443460953    2.094395102   64.890134601  -38.242795005  -12.235320127
    2.617993878    2.094395102   56.856423508  -53.094273362  -14.522514656
    2.792526803    2.094395102   46.691294642  -62.285866554  -16.595642205
    2.967059728    2.094395102   35.565874555  -63.834740898  -17.957266964

   -3.141592654    2.443460953   18.784863676  -57.259489977  -12.641756838
   -2.967059728    2.443460953   10.085986019  -41.574997671  -11.735508883
   -2.792526803    2.443460953    4.444326366  -23.043594228  -10.134055522
   -2.617993878    2.443460953    1.922703175   -6.604685058   -8.063708349
   -2.443460953    2.443460953    1.781801961    3.777398367   -5.692949338
   -2.268928028    2.443460953    2.806059181    6.781150852   -3.048488573
   -2.094395102    2.443460953    3.805741593    3.960086418   -0.020494919
   -1.919862177    2.443460953    4.055229652   -1.148375548    3.512272881
   -1.745329252    2.443460953    3.510517013   -4.512288599    7.509736647
   -1.570796327    2.443460953    2.770781512   -3.000432560   11.659720466
   -1.396263402    2.443460953    2.830844939    4.668148086   15.431451514
   -1.221730476    2.443460953    4.714432526   17.502787602   18.281124950
   -1.047197551    2.443460953    9.086518063   32.573265669   19.887032224
   -0.872664626    2.443460953   15.999886971   45.960099473   20.260610335
   -0.698131701    2.443460953   24.846459030   54.247415204   19.670852288
   -0.523598776    2.443460953   34.542107587   55.544227339   18.462237918
   -0.349065850    2.443460953   43.832903249   49.732096901   16.874508638
   -0.174532925    2.443460953   51.568824878   37.981052447   14.970480455
    0.000000000    2.443460953   56.875341292   22.290533193   12.642649370
    0.174532925    2.443460953   59.277258190    5.151731185    9.680915304
    0.349065850    2.443460953   58.784555861  -10.331810924    5.896369348
    0.523598776    2.443460953   55.983837716  -20.706751421    1.288990751
    0.698131701    2.443460953   52.039650218  -23.091163047   -3.810216049
    0.872664626    2.443460953   48.476368250  -16.387660089   -8.715266215
    1.047197551    2.443460953   46.765608583   -2.392374070  -12.577955108
    1.221730476    2.443460953   47.814977257   14.329521630  -14.731095180
    1.396263402    2.443460953   51.597277313   28.026567865  -14.991668727
    1.570796327    2.443460953   57.142108864   33.921615445  -13.750365981
    1.745329252    2.443460953   62.863553014   30.001132233  -11.788018768
    1.919862177    2.443460953   67.094902098   17.212084186   -9.954481183
    2.094395102    2.443460953   68.531399940   -1.425480376   -8.870868768
    2.268928028    2.443460953   66.472333233  -22.231514977   -8.780639203
    2.443460953    2.443460953   60.844209953  -41.791000097   -9.556095167
    2.617993878    2.443460953   52.128933747  -57.168729431  -10.802559114
    2.792526803    2.443460953   41.284245750  -65.827329995  -12.008533828
    2.967059728    2.443460953   29.654182388  -65.965073431  -12.716322419

   -3.141592654    2.792526803   16.056480443  -56.454566484   -0.554001870
   -2.967059728    2.792526803    7.580350118  -39.865072326    0.942624575
   -2.792526803    2.792526803    2.301976529  -20.633600313    2.585246054
   -2.617993878    2.792526803    0.250634041   -3.639333334    4.258928712
   -2.443460953    2.792526803    0.677892987    7.345029972    5.977447375
   -2.268928028    2.792526803    2.395139712   11.207100527    7.896447657
   -2.094395102    2.792526803    4.266601270    9.568268999   10.248679381
   -1.919862177    2.792526803    5.610579620    5.775642259   13.202215152
   -1.745329252    2.792526803    6.370423643    3.413636798   16.712192570
   -1.570796327    2.792526803    7.044621917    5.097896760   20.437376514
   -1.396263402    2.792526803    8.451726056   11.806952463   23.801461838
   -1.221730476    2.792526803   11.420191814   22.651143812   26.181988161
   -1.047197551    2.792526803   16.471374704   35.160560972   27.140118714
   -0.872664626    2.792526803   23.608477420   45.976488209   26.558631233
   -0.698131701    2.792526803   32.259027621   52.067130516   24.626007368
   -0.523598776    2.792526803   41.415333009   51.608844362   21.702015357
   -0.349065850    2.792526803   49.889525621   44.338568044   18.145374855
   -0.174532925    2.792526803   56.563714447   31.205517220   14.202867553
    0.000000000    2.792526803   60.562633201   14.066083888    9.968557971
    0.174532925    2.792526803   61.400175003   -4.539644870    5.414638734
    0.349065850    2.792526803   59.105043788  -21.204223071    0.510589374
    0.523598776    2.792526803   54.357489830  -31.953222907   -4.617527965
    0.698131701    2.792526803   48.513154113  -33.342791714   -9.570682850
    0.872664626    2.792526803   43.364181658  -24.032515693  -13.699580662
    1.047197551    2.792526803   40.643185664   -6.168332641  -16.325215860
    1.221730476    2.792526803   41.403728131   14.767386985  -17.046816741
    1.396263402    2.792526803   45.580225784   31.900449637  -15.943239523
    1.570796327    2.792526803   51.988396725   39.650120475  -13.552972581
    1.745329252    2.792526803   58.740276113   35.809394718  -10.638417004
    1.919862177    2.792526803   63.887346823   21.729425149   -7.904773489
    2.094395102    2.792526803   65.945705907    1.142258280   -5.792080439
    2.268928028    2.792526803   64.163881442  -21.560985800   -4.419522778
    2.443460953    2.792526803   58.526115802  -42.449021051   -3.637403277
    2.617993878    2.792526803   49.638221166  -58.347726784   -3.141021536
    2.792526803    2.792526803   38.599573333  -66.764819755   -2.594168149
    2.967059728    2.792526803   26.868946821  -66.133114788   -1.758069509
