#! FIELDS phi psi file.free der_phi der_psi
#! SET min_phi -pi
#! SET max_phi pi
#! SET nbins_phi  36
#! SET periodic_phi true
#! SET min_psi -pi
#! SET max_psi pi
#! SET nbins_psi  18
#! SET periodic_psi true
   -3.141592654   -3.141592654   18.479086451  -53.033173722   14.072371241
   -2.967059728   -3.141592654   10.519538741  -37.377580147   16.323530601
   -2.792526803   -3.141592654    5.601831178  -18.932119477   18.015683536
   -2.617993878   -3.141592654    3.811551501   -2.250457483   19.121999686
   -2.443460953   -3.141592654    4.501891656    9.082673237   19.845433751
   -2.268928028   -3.141592654    6.599480982   13.916805177   20.550486961
   -2.094395102   -3.141592654    9.060992004   13.663119796   21.612835904
   -1.919862177   -3.141592654   11.248527019   11.326492989   23.247998016
   -1.745329252   -3.141592654   13.080682412   10.051403423   25.400325150
   -1.570796327   -3.141592654   14.948790171   11.958146742   27.717781011
   -1.396263402   -3.141592654   17.482764223   17.631301242   29.642881672
   -1.221730476   -3.141592654   21.276129912   26.074739573   30.582663432
   -1.047197551   -3.141592654   26.634396152   35.142451830   30.108005964
   -0.872664626   -3.141592654   33.435278121   42.158640490   28.083889548
   -0.698131701   -3.141592654   41.111546808   44.852261804   24.687167614
   -0.523598776   -3.141592654   48.777768796   41.934724067   20.308275246
   -0.349065850   -3.141592654   55.428503772   33.295988414   15.390953663
   -0.174532925   -3.141592654   60.123580064   19.701819351   10.305542504
    0.000000000   -3.141592654   62.117933347    2.674853706    5.283957275
    0.174532925   -3.141592654   61.002745658  -15.463547848    0.424916444
    0.349065850   -3.141592654   56.867428506  -31.274823358   -4.208440943
    0.523598776   -3.141592654   50.480692687  -40.526137200   -8.466863877
    0.698131701   -3.141592654   43.332784963  -39.541095523  -12.042908925
    0.872664626   -3.141592654   37.365855662  -27.094710398  -14.512229746
    1.047197551   -3.141592654   34.402844888   -5.894765826  -15.512854623
    1.221730476   -3.141592654   35.464858387   17.812290155  -14.947049067
    1.396263402   -3.141592654   40.333673646   36.589113223  -13.053547982
    1.570796327   -3.141592654   47.615597632   44.811709368  -10.314622788
    1.745329252   -3.141592654   55.248663926   40.667922002   -7.247201380
    1.919862177   -3.141592654   61.197210114   26.065163210   -4.232922042
    2.094395102   -3.141592654   63.978383621    5.140984421   -1.441434347
    2.268928028   -3.141592654   62.888849872  -17.571860376    1.135710341
    2.443460953   -3.141592654   57.965478536  -38.230233260    3.612594438
    2.617993878   -3.141592654   49.837861411  -53.870268615    6.124575643
    2.792526803   -3.141592654   39.589416611  -62.250800493    8.756308292
    2.967059728   -3.141592654   28.623608953  -61.969334339   11.465581517

   -3.141592654   -2.792526803   24.999176689  -48.248128735   21.268450295
   -2.967059728   -2.792526803   17.751455291  -34.066694052   23.479228684
   -2.792526803   -2.792526803   13.271477931  -17.214980055   24.839868485
   -2.617993878   -2.792526803   11.662257100   -1.803664369   25.461068068
   -2.443460953   -2.792526803   12.369331436    8.961418185   25.674163029
   -2.268928028   -2.792526803   14.457135750   14.058252679   25.911375683
   -2.094395102   -2.792526803   17.016818133   14.726627712   26.526513438
   -1.919862177   -2.792526803   19.492497593   13.569175843   27.640068149
   -1.745329252   -2.792526803   21.803374491   13.208729902   29.082909925
   -1.570796327   -2.792526803   24.249767263   15.269212070   30.433387497
   -1.396263402   -2.792526803   27.296449228   20.001155798   31.144898946
   -1.221730476   -2.792526803   31.336262764   26.365208786   30.704784687
   -1.047197551   -2.792526803   36.498043224   32.513832731   28.798551500
   -0.872664626   -2.792526803   42.560529515   36.346426525   25.403008185
   -0.698131701   -2.792526803   48.966601810   36.233059158   20.789092692
   -0.523598776   -2.792526803   54.943146136   31.370192018   15.425161795
   -0.349065850   -2.792526803   59.657765658   21.859973389    9.823746538
   -0.174532925   -2.792526803   62.354962251    8.404651480    4.411117228
    0.000000000   -2.792526803   62.446593067   -7.724498169   -0.535801958
    0.174532925   -2.792526803   59.631636619  -24.470966343   -4.887366221
    0.349065850   -2.792526803   54.068992743  -38.565543611   -8.574578951
    0.523598776   -2.792526803   46.580092859  -45.807009283  -11.499237206
    0.698131701   -2.792526803   38.707708921  -42.503559427  -13.494840978
    0.872664626   -2.792526803   32.440633010  -27.544930439  -14.371928619
    1.047197551   -2.792526803   29.611588918   -3.950840675  -14.044573213
    1.221730476   -2.792526803   31.186834953   21.648609368  -12.627389339
    1.396263402   -2.792526803   36.836186497   41.573106581  -10.412883001
    1.570796327   -2.792526803   45.036180311   50.256783176   -7.748993604
    1.745329252   -2.792526803   53.627654836   46.165264048   -4.892651641
    1.919862177   -2.792526803   60.532481242   31.533834074   -1.948902896
    2.094395102   -2.792526803   64.273846497   10.697679723    1.101708333
    2.268928028   -2.792526803   64.173631422  -11.775422031    4.319470710
    2.443460953   -2.792526803   60.289375300  -32.126593569    7.734996028
    2.617993878   -2.792526803   53.249872643  -47.534306301   11.307896011
    2.792526803   -2.792526803   44.110220911  -55.952972776   14.912945545
    2.967059728   -2.792526803   34.210237674  -56.158090132   18.328100018

   -3.141592654   -2.443460953   32.436222449  -43.321280475   20.197766379
   -2.967059728   -2.443460953   25.915821933  -30.696539469   22.008952486
   -2.792526803   -2.443460953   21.887594905  -15.371244863   23.089497676
   -2.617993878   -2.443460953   20.495770197   -1.055140130   23.557676555
   -2.443460953   -2.443460953   21.288860941    9.323209184   23.664614063
   -2.268928028   -2.443460953   23.457630633   14.719718517   23.705090499
   -2.094395102   -2.443460953   26.188265800   16.043738404   23.889186629
   -1.919862177   -2.443460953   28.944327423   15.401704026   24.237862634
   -1.745329252   -2.443460953   31.577355518   14.935085597   24.563936332
   -1.570796327   -2.443460953   34.249935902   15.976438159   24.526779118
   -1.396263402   -2.443460953   37.261283867   18.750125191   23.751129853
   -1.221730476   -2.443460953   40.858165826   22.474265601   21.943900395
   -1.047197551   -2.443460953   45.090411848   25.778518974   18.996552547
   -0.872664626   -2.443460953   49.751767106   27.143467639   15.019789247
   -0.698131701   -2.443460953   54.395106494   25.420429389   10.319418183
   -0.523598776   -2.443460953   58.422567030   20.044366159    5.312527144
   -0.349065850   -2.443460953   61.191768658   11.051958514    0.415917512
   -0.174532925   -2.443460953   62.103852106   -1.139549542   -4.043450865
    0.000000000   -2.443460953   60.668407689  -15.641549665   -7.863832043
    0.174532925   -2.443460953   56.619714639  -30.684079241  -10.965395738
    0.349065850   -2.443460953   50.117979166  -43.104374071  -13.323992369
    0.523598776   -2.443460953   41.983837492  -48.638202728  -14.908472421
    0.698131701   -2.443460953   33.774923546  -43.493754568  -15.652518175
    0.872664626   -2.443460953   27.501941497  -26.609874527  -15.486818668
    1.047197551   -2.443460953   24.994678763   -1.239210426  -14.424047789
    1.221730476   -2.443460953   27.168365988   25.711218796  -12.609932122
    1.396263402   -2.443460953   33.603978647   46.432154449  -10.283165616
    1.570796327   -2.443460953   42.687985204   55.474945702   -7.674691619
    1.745329252   -2.443460953   52.207333352   51.569952894   -4.914393734
    1.919862177   -2.443460953   60.075965522   37.192601264   -2.019535475
    2.094395102   -2.443460953   64.838924517   16.764021331    1.054370447
    2.268928028   -2.443460953   65.840278305   -5.223156503    4.334308210
    2.443460953   -2.443460953   63.138503591  -25.164279500    7.781026726
    2.617993878   -2.443460953   57.333830218  -40.405541908   11.278842542
    2.792526803   -2.443460953   49.425494181  -49.060701456   14.654181770
    2.967059728   -2.443460953   40.673428167  -50.004814701   17.697684409

   -3.141592654   -2.094395102   38.231488153  -39.865050510   12.779832907
   -2.967059728   -2.094395102   32.221585644  -28.313862144   13.724631599
   -2.792526803   -2.094395102   28.519985077  -13.986081620   14.329814138
   -2.617993878   -2.094395102   27.299605219   -0.424102113   14.675654827
   -2.443460953   -2.094395102   28.162801629    9.554882499   14.846222787
   -2.268928028   -2.094395102   30.359736410   14.846447501   14.906616922
   -2.094395102   -2.094395102   33.109606751   16.120648294   14.861751951
   -1.919862177   -2.094395102   35.857241518   15.161440437   14.623343537
   -1.745329252   -2.094395102   38.383222163   13.850814750   14.020302708
   -1.570796327   -2.094395102   40.749381887   13.464241522   12.848430903
   -1.396263402   -2.094395102   43.164415566   14.386894115   10.955412361
   -1.221730476   -2.094395102   45.827616184   16.165976474    8.303673730
   -1.047197551   -2.094395102   48.806471193   17.811971308    5.006075339
   -0.872664626   -2.094395102   51.976320239   18.150221604    1.306282540
   -0.698131701   -2.094395102   55.019013491   16.223070885   -2.476613032
   -0.523598776   -2.094395102   57.483721705   11.470834338   -6.025063846
   -0.349065850   -2.094395102   58.858642382    3.738595056   -9.098823463
   -0.174532925   -2.094395102   58.630480373   -6.856429127  -11.582928671
    0.000000000   -2.094395102   56.338570214  -19.756872147  -13.485220869
    0.174532925   -2.094395102   51.695613621  -33.416121648  -14.904616122
    0.349065850   -2.094395102   44.817155554  -44.716337272  -15.950183978
    0.523598776   -2.094395102   36.487886078  -49.262651910  -16.665520099
    0.698131701   -2.094395102   28.258687477  -43.074442298  -16.986655028
    0.872664626   -2.094395102   22.158680819  -25.023075336  -16.769779571
    1.047197551   -2.094395102   20.033048101    1.537479425  -15.884926332
    1.221730476   -2.094395102   22.785003748   29.520075898  -14.307780570
    1.396263402   -2.094395102   29.955861492   50.997970606  -12.136165370
    1.570796327   -2.094395102   39.884122845   60.546999593   -9.542193433
    1.745329252   -2.094395102   50.322222539   57.004401077   -6.698293394
    1.919862177   -2.094395102   59.167355631   42.933680485   -3.736635756
    2.094395102   -2.094395102   64.956310895   22.760641369   -0.749110036
    2.268928028   -2.094395102   67.019276952    0.912768257    2.182389282
    2.443460953   -2.094395102   65.387727991  -19.080782265    4.964573730
    2.617993878   -2.094395102   60.623358103  -34.616493135    7.493203294
    2.792526803   -2.094395102   53.681472280  -43.827577414    9.672517635
    2.967059728   -2.094395102   45.778037636  -45.572309862   11.441663605

   -3.141592654   -1.745329252   40.349439750  -39.008947727    5.393019161
   -2.967059728   -1.745329252   34.472844097  -27.616683318    5.566375324
   -2.792526803   -1.745329252   30.890428975  -13.310501306    5.703226326
   -2.617993878   -1.745329252   29.785160345    0.200983865    5.809663884
   -2.443460953   -1.745329252   30.742164577    9.970302598    5.801785910
   -2.268928028   -1.745329252   32.975017363   14.795013330    5.539824301
   -2.094395102   -1.745329252   35.651312512   15.269202297    4.862822372
   -1.919862177   -1.745329252   38.153106182   13.136158427    3.626586227
   -1.745329252   -1.745329252   40.198511245   10.327142146    1.752788082
   -1.570796327   -1.745329252   41.807770548    8.322824164   -0.722595699
   -1.396263402   -1.745329252   43.196452576    7.836583520   -3.618573953
   -1.221730476   -1.745329252   44.632143953    8.777784681   -6.645469423
   -1.047197551   -1.745329252   46.306956548   10.409025819   -9.486474517
   -0.872664626   -1.745329252   48.248514480   11.615664069  -11.887898682
   -0.698131701   -1.745329252   50.279623337   11.260677937  -13.706093307
   -0.523598776   -1.745329252   52.044193997    8.441184427  -14.904480459
   -0.349065850   -1.745329252   53.057242420    2.583117432  -15.529030933
   -0.174532925   -1.745329252   52.762291419   -6.554806374  -15.694661006
    0.000000000   -1.745329252   50.603444986  -18.650618251  -15.579208259
    0.174532925   -1.745329252   46.172658453  -32.191244468  -15.406840497
    0.349065850   -1.745329252   39.478870005  -43.878479388  -15.379350854
    0.523598776   -1.745329252   31.249051232  -48.945699519  -15.583323515
    0.698131701   -1.745329252   23.048222244  -42.987867166  -15.917068718
    0.872664626   -1.745329252   16.983378340  -24.603589363  -16.106896278
    1.047197551   -1.745329252   15.002491139    2.849335584  -15.821921216
    1.221730476   -1.745329252   18.087387079   32.038373924  -14.827361332
    1.396263402   -1.745329252   25.803975063   54.696125546  -13.072621194
    1.570796327   -1.745329252   36.460927223   65.128182473  -10.692651444
    1.745329252   -1.745329252   47.746688051   62.058023869   -7.933862026
    1.919862177   -1.745329252   57.486096632   48.058404273   -5.069047197
    2.094395102   -1.745329252   64.151434687   27.621965169   -2.336784474
    2.268928028   -1.745329252   67.020541732    5.245525601    0.079702603
    2.443460953   -1.745329252   66.084391978  -15.476189408    2.057115774
    2.617993878   -1.745329252   61.876696932  -31.855783620    3.534839839
    2.792526803   -1.745329252   55.343258067  -41.898737291    4.519693427
    2.967059728   -1.745329252   47.716090835  -44.318539205    5.095639344

   -3.141592654   -1.396263402   40.063779738  -39.874917608    1.547851032
   -2.967059728   -1.396263402   34.057424363  -28.215340009    1.078510223
   -2.792526803   -1.396263402   30.398667059  -13.613158457    0.586782577
   -2.617993878   -1.396263402   29.248174137   -0.084083265    0.096294569
   -2.443460953   -1.396263402   30.122944570    9.226508612   -0.481260416
   -2.268928028   -1.396263402   32.147445496   13.071534679   -1.327558825
   -2.094395102   -1.396263402   34.406206708   12.158462766   -2.674745166
   -1.919862177   -1.396263402   36.229748166    8.476827017   -4.721789296
   -1.745329252   -1.396263402   37.337907679    4.312336318   -7.526677272
   -1.570796327   -1.396263402   37.820207978    1.557677780  -10.916000657
   -1.396263402   -1.396263402   38.028192480    1.243802940  -14.473289858
   -1.221730476   -1.396263402   38.401763396    3.357754983  -17.650884106
   -1.047197551   -1.396263402   39.291585750    6.926488532  -19.955187974
   -0.872664626   -1.396263402   40.821935520   10.396618675  -21.104226374
   -0.698131701   -1.396263402   42.829561165   12.151724750  -21.080014743
   -0.523598776   -1.396263402   44.899922410   10.954467982  -20.077923531
   -0.349065850   -1.396263402   46.445557969    6.060044769  -18.417454033
   -0.174532925   -1.396263402   46.789944839   -2.821980934  -16.471682055
    0.000000000   -1.396263402   45.254122237  -15.356724236  -14.621968862
    0.174532925   -1.396263402   41.315046582  -29.935267837  -13.206899770
    0.349065850   -1.396263402   34.895883564  -43.017198448  -12.439728547
    0.523598776   -1.396263402   26.695866784  -49.417081106  -12.326494425
    0.698131701   -1.396263402   18.334084894  -44.241087822  -12.632323149
    0.872664626   -1.396263402   12.047000650  -25.742013634  -12.952629032
    1.047197551   -1.396263402    9.946195128    2.735283511  -12.867554565
    1.221730476   -1.396263402   13.148004019   33.540505404  -12.109676553
    1.396263402   -1.396263402   21.277877976   57.892429174  -10.643306065
    1.570796327   -1.396263402   32.614349081   69.614220351   -8.637258534
    1.745329252   -1.396263402   44.747145681   67.145953480   -6.365655140
    1.919862177   -1.396263402   55.373376739   53.010212993   -4.102238003
    2.094395102   -1.396263402   62.845809595   31.828924693   -2.059405936
    2.268928028   -1.396263402   66.354394810    8.317822064   -0.376287599
    2.443460953   -1.396263402   65.842777084  -13.688462578    0.868658796
    2.617993878   -1.396263402   61.839145157  -31.276845147    1.644921910
    2.792526803   -1.396263402   55.321118314  -42.241846833    1.962854528
    2.967059728   -1.396263402   47.585489936  -45.157589831    1.892570251

   -3.141592654   -1.047197551   38.044738639  -42.653208589    2.308695834
   -2.967059728   -1.047197551   31.574217506  -30.698506606    1.065923258
   -2.792526803   -1.047197551   27.529203835  -15.536378599   -0.454278217
   -2.617993878   -1.047197551   26.091425987   -1.489515816   -2.110603718
   -2.443460953   -1.047197551   26.741488625    7.974777717   -3.848221271
   -2.268928028   -1.047197551   28.518512627   11.380151453   -5.742653606
   -2.094395102   -1.047197551   30.397671245    9.410224040   -7.984311179
   -1.919862177   -1.047197551   31.618780759    4.294597705  -10.766254884
   -1.745329252   -1.047197551   31.876259264   -1.183596448  -14.117586370
   -1.570796327   -1.047197551   31.334417509   -4.511889530  -17.769074677
   -1.396263402   -1.047197551   30.518404740   -4.199185253  -21.160005445
   -1.221730476   -1.047197551   30.089993549   -0.202332839  -23.617163302
   -1.047197551   -1.047197551   30.588693392    6.089944307  -24.622263443
   -0.872664626   -1.047197551   32.227662019   12.439349978  -24.007453168
   -0.698131701   -1.047197551   34.810535165   16.567120398  -21.983402439
   -0.523598776   -1.047197551   37.793798286   16.822047778  -19.023834531
   -0.349065850   -1.047197551   40.412028580   12.302509715  -15.695481974
   -0.174532925   -1.047197551   41.802288365    2.753847532  -12.522814448
    0.000000000   -1.047197551   41.116994673  -11.311653711   -9.906184717
    0.174532925   -1.047197551   37.708155357  -27.958605872   -8.059267234
    0.349065850   -1.047197551   31.446302598  -43.151467666   -6.974207885
    0.523598776   -1.047197551   23.074500659  -51.119661582   -6.436599624
    0.698131701   -1.047197551   14.352004425  -46.487757307   -6.108559346
    0.872664626   -1.047197551    7.712977945  -27.354524958   -5.672302218
    1.047197551   -1.047197551    5.456803241    2.663192024   -4.954306100
    1.221730476   -1.047197551    8.810203627   35.340818938   -3.966266672
    1.396263402   -1.047197551   17.400793837   61.273453510   -2.839268744
    1.570796327   -1.047197551   29.415440386   73.860530361   -1.715218015
    1.745329252   -1.047197551   42.304845045   71.433436349   -0.671537501
    1.919862177   -1.047197551   53.631465894   56.651182676    0.290696178
    2.094395102   -1.047197551   61.649757952   34.391714399    1.198800300
    2.268928028   -1.047197551   65.496620733    9.616726803    2.053344506
    2.443460953   -1.047197551   65.099771443  -13.658279277    2.795620399
    2.617993878   -1.047197551   60.998249959  -32.406479352    3.312137727
    2.792526803   -1.047197551   54.197981917  -44.301511000    3.459699558
    2.967059728   -1.047197551   46.046853021  -47.804782470    3.134233638

   -3.141592654   -0.698131701   37.814178933  -46.133306569    2.400776134
   -2.967059728   -0.698131701   30.667721919  -34.890802830    0.475517256
   -2.792526803   -0.698131701   25.861795880  -19.986367890   -1.907119807
   -2.617993878   -0.698131701   23.652481587   -5.840217230   -4.498123648
   -2.443460953   -0.698131701   23.559493392    3.796029832   -7.117839555
   -2.268928028   -0.698131701   24.604746170    7.108365308   -9.742289343
   -2.094395102   -0.698131701   25.698515402    4.614329879  -12.494497071
   -1.919862177   -0.698131701   26.015437301   -1.275398636  -15.509147533
   -1.745329252   -0.698131701   25.249274035   -7.238541735  -18.742731951
   -1.570796327   -0.698131701   23.672985299  -10.107729239  -21.841239768
   -1.396263402   -0.698131701   22.015569999   -8.016360752  -24.189074946
   -1.221730476   -0.698131701   21.163156960   -1.096030851  -25.140346493
   -1.047197551   -0.698131701   21.800382261    8.573976244  -24.320820047
   -0.872664626   -0.698131701   24.143418772   17.885829330  -21.809532969
   -0.698131701   -0.698131701   27.859814888   23.886468519  -18.106539814
   -0.523598776   -0.698131701   32.186009396   24.658830342  -13.936028281
   -0.349065850   -0.698131701   36.124252244   19.405174271   -9.996773965
   -0.174532925   -0.698131701   38.621833935    8.221189378   -6.778871378
    0.000000000   -0.698131701   38.714678437   -7.888576045   -4.474027223
    0.174532925   -0.698131701   35.730441999  -26.449334275   -2.950205011
    0.349065850   -0.698131701   29.607800006  -42.933619215   -1.828372603
    0.523598776   -0.698131701   21.228071494  -51.277947201   -0.650521453
    0.698131701   -0.698131701   12.511342173  -46.157573075    0.899830916
    0.872664626   -0.698131701    6.012435330  -26.058951756    2.822144200
    1.047197551   -0.698131701    4.066837266    4.862149961    4.791568940
    1.221730476   -0.698131701    7.851138670   37.974932543    6.339230812
    1.396263402   -0.698131701   16.898097312   63.780050886    7.111338245
    1.570796327   -0.698131701   29.310452435   75.870478486    7.049311047
    1.745329252   -0.698131701   42.500737940   72.881836803    6.390891601
    1.919862177   -0.698131701   54.040803967   57.682427180    5.528446442
    2.094395102   -0.698131701   62.215862194   35.178638936    4.818768058
    2.268928028   -0.698131701   66.183720775   10.209049560    4.449578644
    2.443460953   -0.698131701   65.864106584  -13.399594709    4.396595038
    2.617993878   -0.698131701   61.757956679  -32.780962327    4.456251266
    2.792526803   -0.698131701   54.814329888  -45.618346386    4.316804179
    2.967059728   -0.698131701   46.336616894  -50.244355747    3.687910179

   -3.141592654   -0.349065850   38.501242827  -50.030188296    3.012623084
   -2.967059728   -0.349065850   30.558920130  -40.027360545    0.742856756
   -2.792526803   -0.349065850   24.788567155  -25.787158055   -2.080156589
   -2.617993878   -0.349065850   21.553479440  -11.707478473   -5.145369398
   -2.443460953   -0.349065850   20.457323463   -1.805397895   -8.199439668
   -2.268928028   -0.349065850   20.547438985    1.732872947  -11.147768041
   -2.094395102   -0.349065850   20.705134270   -0.774150688  -14.033290544
   -1.919862177   -0.349065850   20.072257348   -6.746563980  -16.887976878
   -1.745329252   -0.349065850   18.372076192  -12.342120181  -19.556415515
   -1.570796327   -0.349065850   16.007954905  -13.828033688  -21.614268169
   -1.396263402   -0.349065850   13.910929875   -9.139900711  -22.483568049
   -1.221730476   -0.349065850   13.153392110    1.190363587  -21.694188029
   -1.047197551   -0.349065850   14.489984864   14.210150440  -19.158192313
   -0.872664626   -0.349065850   18.042678079   25.883039357  -15.269321725
   -0.698131701   -0.349065850   23.250365829   32.691054343  -10.774299591
   -0.523598776   -0.349065850   29.067949027   32.699548686   -6.502200401
   -0.349065850   -0.349065850   34.255499721   25.540091891   -3.077865692
   -0.174532925   -0.349065850   37.619377612   11.992784971   -0.750171056
    0.000000000   -0.349065850   38.182094667   -6.166064574    0.653495311
    0.174532925   -0.349065850   35.386343022  -25.811693604    1.667519153
    0.349065850   -0.349065850   29.374422158  -42.092752795    2.981771168
    0.523598776   -0.349065850   21.243615461  -49.142314171    5.140400992
    0.698131701   -0.349065850   13.047383006  -42.363107514    8.245279666
    0.872664626   -0.349065850    7.320596201  -21.190962717   11.825818206
    1.047197551   -0.349065850    6.229224937    9.537677443   15.006472383
    1.221730476   -0.349065850   10.715283907   41.153878095   16.911035167
    1.396263402   -0.349065850   20.129185004   64.757894153   17.070683360
    1.570796327   -0.349065850   32.525766605   74.803572205   15.612422726
    1.745329252   -0.349065850   45.408404578   70.594884945   13.144253877
    1.919862177   -0.349065850   56.517746446   55.199658594   10.452919383
    2.094395102   -0.349065850   64.302037252   33.276776916    8.191988980
    2.268928028   -0.349065850   68.013580062    9.176675919    6.695010791
    2.443460953   -0.349065850   67.575773512  -13.793970194    5.942405778
    2.617993878   -0.349065850   63.413718493  -33.159140083    5.633203628
    2.792526803   -0.349065850   56.351992616  -46.714930366    5.307315969
    2.967059728   -0.349065850   47.574662669  -52.642088816    4.524922602

   -3.141592654    0.000000000   39.859026576  -53.413869606    2.578430473
   -2.967059728    0.000000000   31.201005568  -44.769068234    0.558164433
   -2.792526803    0.000000000   24.519550126  -31.376094563   -1.912650557
   -2.617993878    0.000000000   20.278129334  -17.560904289   -4.566283126
   -2.443460953    0.000000000   18.166438577   -7.549782305   -7.189371319
   -2.268928028    0.000000000   17.271811366   -3.807525641   -9.699784609
   -2.094395102    0.000000000   16.480129322   -6.100229300  -12.100787550
   -1.919862177    0.000000000   14.951452012  -11.607764894  -14.338036988
   -1.745329252    0.000000000   12.491774752  -16.024318525  -16.169010901
   -1.570796327    0.000000000    9.664042931  -15.272040168  -17.150623455
   -1.396263402    0.000000000    7.581749801   -7.405328039  -16.805994236
   -1.221730476    0.000000000    7.429385734    6.354481534  -14.880055730
   -1.047197551    0.000000000    9.919535655   22.060046643  -11.546230621
   -0.872664626    0.000000000   14.966063796   34.847364226   -7.410847559
   -0.698131701    0.000000000   21.702869055   40.950292739   -3.304381280
   -0.523598776    0.000000000   28.793657525   38.852521012    0.025091859
   -0.349065850    0.000000000   34.823948908   29.031980988    2.184503472
   -0.174532925    0.000000000   38.589169021   13.237379618    3.245745878
    0.000000000    0.000000000   39.258994901   -5.927854502    3.710339615
    0.174532925    0.000000000   36.537160356  -24.922725289    4.357944930
    0.349065850    0.000000000   30.849720393  -39.077637111    5.962544549
    0.523598776    0.000000000   23.485401273  -43.384236618    8.955165979
    0.698131701    0.000000000   16.494275905  -34.553568859   13.151195274
    0.872664626    0.000000000   12.181147155  -13.189076675   17.711307753
    1.047197551    0.000000000   12.336966174   15.468200808   21.438908683
    1.221730476    0.000000000   17.548422028   43.359116598   23.294636622
    1.396263402    0.000000000   26.986294141   62.891895538   22.837629506
    1.570796327    0.000000000   38.765206568   69.841689271   20.367495986
    1.745329252    0.000000000   50.635075001   64.264216075   16.719298160
    1.919862177    0.000000000   60.647603739   49.217289139   12.876972079
    2.094395102    0.000000000   67.506804001   28.784840161    9.619923234
    2.268928028    0.000000000   70.596485559    6.537930052    7.335071120
    2.443460953    0.000000000   69.838270150  -14.930795487    6.007821999
    2.617993878    0.000000000   65.551025921  -33.628597747    5.319778919
    2.792526803    0.000000000   58.394475597  -47.489768966    4.793095750
    2.967059728    0.000000000   49.392106450  -54.527581135    3.973575487

   -3.141592654    0.349065850   41.109582714  -56.043713983    1.434652159
   -2.967059728    0.349065850   31.890415589  -48.503055985    0.318865363
   -2.792526803    0.349065850   24.490990287  -35.768577587   -1.036701298
   -2.617993878    0.349065850   19.464653113  -22.078543291   -2.517784319
   -2.443460953    0.349065850   16.581310531  -11.835308661   -4.040239074
   -2.268928028    0.349065850   14.968968613   -7.740173143   -5.580600553
   -2.094395102    0.349065850   13.524700818   -9.627354087   -7.123440857
   -1.919862177    0.349065850   11.431484948  -14.480799769   -8.562983256
   -1.745329252    0.349065850    8.567544828  -17.660414437   -9.645130844
   -1.570796327    0.349065850    5.616840131  -14.924088414  -10.009201536
   -1.396263402    0.349065850    3.808400570   -4.571430339   -9.347651173
   -1.221730476    0.349065850    4.362031905   11.519926771   -7.586212811
   -1.047197551    0.349065850    7.894887454   28.634633482   -4.985910053
   -0.872664626    0.349065850   14.109909558   41.412277669   -2.076368624
   -0.698131701    0.349065850   21.890568503   46.143642287    0.547907632
   -0.523598776    0.349065850   29.705683667   41.891178913    2.467016230
   -0.349065850    0.349065850   36.075916502   29.968200990    3.608475015
   -0.174532925    0.349065850   39.880507008   12.952382268    4.266041139
    0.000000000    0.349065850   40.499108520   -5.954138450    5.008143494
    0.174532925    0.349065850   37.915161238  -23.065558318    6.497607585
    0.349065850    0.349065850   32.807953332  -34.173861215    9.230728146
    0.523598776    0.349065850   26.581507104  -35.360276459   13.273940148
    0.698131701    0.349065850   21.176756745  -24.741588110   18.109392773
    0.872664626    0.349065850   18.562413608   -3.990550091   22.711898758
    1.047197551    0.349065850   20.081483348   21.520919054   25.907311228
    1.221730476    0.349065850   25.947640798   44.669200550   26.852717005
    1.396263402    0.349065850   35.185863451   59.424095635   25.364203129
    1.570796327    0.349065850   46.035236924   62.973743911   21.942212570
    1.745329252    0.349065850   56.559121973   56.068689631   17.503761427
    1.919862177    0.349065850   65.169594783   41.625097730   13.011244277
    2.094395102    0.349065850   70.852228590   23.026277695    9.181477986
    2.268928028    0.349065850   73.130046315    2.986334148    6.361716848
    2.443460953    0.349065850   71.922119351  -16.640815270    4.554004782
    2.617993878    0.349065850   67.438869350  -34.332812544    3.512191102
    2.792526803    0.349065850   60.176106020  -48.157785579    2.864890936
    2.967059728    0.349065850   50.996711960  -55.965391093    2.252767318

   -3.141592654    0.698131701   42.422944373  -56.837588643   -0.792768259
   -2.967059728    0.698131701   33.003237487  -49.989225210   -0.914775228
   -2.792526803    0.698131701   25.290724333  -37.828398846   -0.988630438
   -2.617993878    0.698131701   19.870152287  -24.496396604   -1.081084671
   -2.443460953    0.698131701   16.546958821  -14.430715321   -1.270409465
   -2.268928028    0.698131701   14.475702967  -10.381711157   -1.626746351
   -2.094395102    0.698131701   12.578077878  -12.142190068   -2.162938664
   -1.919862177    0.698131701   10.079095853  -16.547838200   -2.789659545
   -1.745329252    0.698131701    6.926912969  -18.810615947   -3.323081819
   -1.570796327    0.698131701    3.888752235  -14.716172127   -3.546619311
   -1.396263402    0.698131701    2.249676823   -2.844752608   -3.315340103
   -1.221730476    0.698131701    3.219200212   14.470576224   -2.627853374
   -1.047197551    0.698131701    7.325074635   32.111231863   -1.629325964
   -0.872664626    0.698131701   14.130835518   44.572254132   -0.534583838
   -0.698131701    0.698131701   22.388078148   48.372365302    0.484648251
   -0.523598776    0.698131701   30.498750772   43.081405187    1.394265878
   -0.349065850    0.698131701   37.016814249   30.594758596    2.341749522
   -0.174532925    0.698131701   40.948594532   13.966103001    3.617849561
    0.000000000    0.698131701   41.861956024   -3.399336591    5.577122694
    0.174532925    0.698131701   39.931114883  -18.019948173    8.512415539
    0.349065850    0.698131701   35.949560174  -26.359714302   12.487008988
    0.523598776    0.698131701   31.282195711  -25.533444515   17.188962007
    0.698131701    0.698131701   27.643010615  -14.711071270   21.895538063
    0.872664626    0.698131701   26.627343104    3.902503223   25.624457340
    1.047197551    0.698131701   29.185582003   25.284164588   27.476337434
    1.221730476    0.698131701   35.275128223   43.445989776   26.999253838
    1.396263402    0.698131701   43.896489235   53.782737462   24.354380303
    1.570796327    0.698131701   53.490364489   54.555894584   20.216751160
    1.745329252    0.698131701   62.449695796   46.887782146   15.473398727
    1.919862177    0.698131701   69.520058988   33.394719358   10.915849885
    2.094395102    0.698131701   73.930443686   16.785510337    7.055856242
    2.268928028    0.698131701   75.319727795   -0.960155844    4.101752120
    2.443460953    0.698131701   73.604841483  -18.590871097    2.032555887
    2.617993878    0.698131701   68.908341436  -34.955699787    0.695907048
    2.792526803    0.698131701   61.594774023  -48.236337997   -0.105942225
    2.967059728    0.698131701   52.395512296  -56.180923916   -0.557335839

   -3.141592654    1.047197551   41.234738853  -56.410396515   -5.495134751
   -2.967059728    1.047197551   31.954014151  -48.861137160   -4.828067382
   -2.792526803    1.047197551   24.473917020  -36.356089140   -3.833267933
   -2.617993878    1.047197551   19.308867136  -23.109307820   -2.749554269
   -2.443460953    1.047197551   16.191682818  -13.504778819   -1.804346505
   -2.268928028    1.047197551   14.226964462  -10.095284972   -1.145180098
   -2.094395102    1.047197551   12.327304538  -12.416940656   -0.797719928
   -1.919862177    1.047197551    9.750506991  -17.112464195   -0.681715075
   -1.745329252    1.047197551    6.498086007  -19.347309960   -0.686135085
   -1.570796327    1.047197551    3.384557966  -15.024717079   -0.742974380
   -1.396263402    1.047197551    1.714511054   -2.904243790   -0.856069533
   -1.221730476    1.047197551    2.688628326   14.555486912   -1.051199864
   -1.047197551    1.047197551    6.814573805   32.241566402   -1.294273326
   -0.872664626    1.047197551   13.647339388   44.765576870   -1.441350810
   -0.698131701    1.047197551   21.957644669   48.834623826   -1.258401858
   -0.523598776    1.047197551   30.199258477   44.198813235   -0.489520668
   -0.349065850    1.047197551   37.005525178   32.866954842    1.077268934
   -0.174532925    1.047197551   41.472050941   17.897246065    3.564190037
    0.000000000    1.047197551   43.243254645    2.534655507    6.982679255
    0.174532925    1.047197551   42.524165909  -10.120761344   11.199169934
    0.349065850    1.047197551   40.052207670  -17.127616293   15.874185578
    0.523598776    1.047197551   37.022064382  -16.270797553   20.428981935
    0.698131701    1.047197551   34.875366160   -7.177425327   24.105809474
    0.872664626    1.047197551   34.899232598    8.044879024   26.157527728
    1.047197551    1.047197551   37.809556539   25.113549424   26.122438989
    1.221730476    1.047197551   43.497582046   39.137895250   24.022983092
    1.396263402    1.047197551   51.084894980   46.489431015   20.345242106
    1.570796327    1.047197551   59.261036783   45.869825517   15.828595432
    1.745329252    1.047197551   66.690919314   38.251751617   11.179768044
    1.919862177    1.047197551   72.330549588   25.741239096    6.887565393
    2.094395102    1.047197551   75.522574254   10.504625014    3.184769593
    2.268928028    1.047197551   75.938250098   -5.850510615    0.132883248
    2.443460953    1.047197551   73.481071072  -22.231092987   -2.275614604
    2.617993878    1.047197551   68.247472764  -37.481941183   -4.049750526
    2.792526803    1.047197551   60.583376722  -49.721625270   -5.176707657
    2.967059728    1.047197551   51.210893585  -56.660512593   -5.649157018

   -3.141592654    1.396263402   36.822681177  -56.256600263  -10.779886188
   -2.967059728    1.396263402   27.726501468  -46.943703723   -9.691913100
   -2.792526803    1.396263402   20.703377958  -33.138938168   -8.061151712
   -2.617993878    1.396263402   16.162434712  -19.300131574   -6.246735775
   -2.443460953    1.396263402   13.708016224   -9.824526382   -4.555502293
   -2.268928028    1.396263402   12.336543549   -7.030978765   -3.142046781
   -2.094395102    1.396263402   10.903938653  -10.131392162   -1.992779885
   -1.919862177    1.396263402    8.661324796  -15.557710457   -1.009907198
   -1.745329252    1.396263402    5.620943859  -18.477600596   -0.144798085
   -1.570796327    1.396263402    2.594073023  -14.928220214    0.528817210
   -1.396263402    1.396263402    0.864330716   -3.701772046    0.858579540
   -1.221730476    1.396263402    1.626292984   12.957313581    0.764722913
   -1.047197551    1.396263402    5.437543644   30.342335797    0.377644851
   -0.872664626    1.396263402   11.972918926   43.409618342    0.052441183
   -0.698131701    1.396263402   20.163025531   48.956847849    0.239933246
   -0.523598776    1.396263402   28.609243886   46.508612350    1.305705482
   -0.349065850    1.396263402   36.034376246   37.655540517    3.407596426
   -0.174532925    1.396263402   41.543104833   24.982026391    6.481414925
    0.000000000    1.396263402   44.708251285   11.283747162   10.284166804
    0.174532925    1.396263402   45.588847191   -0.747981014   14.432598454
    0.349065850    1.396263402   44.709870312   -8.497730751   18.408389896
    0.523598776    1.396263402   43.012027073   -9.870300602   21.589315648
    0.698131701    1.396263402   41.694202671   -4.233972761   23.357465600
    0.872664626    1.396263402   41.886153907    7.020349019   23.292463706
    1.047197551    1.396263402   44.297417178   20.572433031   21.361884735
    1.221730476    1.396263402   48.971931483   32.303966054   17.966489866
    1.396263402    1.396263402   55.274392243   38.827329233   13.776456687
    1.570796327    1.396263402   62.126344596   38.489223955    9.458355582
    1.745329252    1.396263402   68.331468648   31.622646794    5.444880893
    1.919862177    1.396263402   72.876939241   19.788785289    1.877941705
    2.094395102    1.396263402   75.068117122    4.944703873   -1.299536546
    2.268928028    1.396263402   74.532274065  -11.199982789   -4.175083825
    2.443460953    1.396263402   71.163270252  -27.289568083   -6.748729644
    2.617993878    1.396263402   65.095049970  -41.900416341   -8.894009840
    2.792526803    1.396263402   56.749570964  -53.011339616  -10.394374193
    2.967059728    1.396263402   46.934865683  -58.352681107  -11.050937894

   -3.141592654    1.745329252   31.047956633  -55.426768066  -16.346207529
   -2.967059728    1.745329252   22.277570718  -44.129812319  -15.648615138
   -2.792526803    1.745329252   15.867039933  -29.078759960  -14.122477909
   -2.617993878    1.745329252   12.079503378  -14.865609343  -12.082328346
   -2.443460953    1.745329252   10.379664372   -5.696058327   -9.828759308
   -2.268928028    1.745329252    9.678158046   -3.498279703   -7.537044053
   -2.094395102    1.745329252    8.811451212   -7.159198021   -5.228700254
   -1.919862177    1.745329252    7.046921926  -13.051132781   -2.858167622
   -1.745329252    1.745329252    4.398453520  -16.535817676   -0.459341063
   -1.570796327    1.745329252    1.639443990  -13.864327584    1.768499527
   -1.396263402    1.745329252    0.000000000   -3.752317304    3.517644885
   -1.221730476    1.745329252    0.667699936   11.998901028    4.561092080
   -1.047197551    1.745329252    4.287549368   29.268767133    4.935913835
   -0.872664626    1.745329252   10.707388249   43.344931103    4.978873460
   -0.698131701    1.745329252   19.047985673   50.872305759    5.179387610
   -0.523598776    1.745329252   28.035677464   50.806316187    5.958470350
   -0.349065850    1.745329252   36.404074293   44.067160198    7.501264160
   -0.174532925    1.745329252   43.160179199   32.694858160    9.726065034
    0.000000000    1.745329252   47.704218870   19.166504393   12.327949673
    0.174532925    1.745329252   49.884593674    6.044311343   14.846845760
    0.349065850    1.745329252   50.006855999   -4.006297126   16.733201570
    0.523598776    1.745329252   48.821054186   -8.602631662   17.454439680
    0.698131701    1.745329252   47.413509035   -6.511766459   16.653754144
    0.872664626    1.745329252   46.929111309    1.704211210   14.323257591
    1.047197551    1.745329252   48.234289551   13.459287031   10.870322790
    1.221730476    1.745329252   51.621268631   24.898954063    6.989397120
    1.396263402    1.745329252   56.695281468   32.289306842    3.370731588
    1.570796327    1.745329252   62.517288234   33.222180530    0.418674134
    1.745329252    1.745329252   67.893370574   27.291026786   -1.865708090
    1.919862177    1.745329252   71.713368982   15.684870472   -3.780286582
    2.094395102    1.745329252   73.160775723    0.460367542   -5.701150096
    2.268928028    1.745329252   71.790908579  -16.253613637   -7.865066881
    2.443460953    1.745329252   67.510102429  -32.586724420  -10.270238272
    2.617993878    1.745329252   60.546104391  -46.711682415  -12.684269014
    2.792526803    1.745329252   51.464616097  -56.481459148  -14.729553068
    2.967059728    1.745329252   41.212982608  -59.795653684  -16.032546091

   -3.141592654    2.094395102   24.557386808  -55.801893808  -17.472717127
   -2.967059728    2.094395102   15.899488625  -42.517848514  -16.824518129
   -2.792526803    2.094395102    9.911816423  -25.950704795  -15.252763294
   -2.617993878    2.094395102    6.757175548  -10.846001408  -13.040484691
   -2.443460953    2.094395102    5.797697296   -1.297440981  -10.455634245
   -2.268928028    2.094395102    5.878719448    1.056223961   -7.639448327
   -2.094395102    2.094395102    5.821344158   -2.427731704   -4.584374797
   -1.919862177    2.094395102    4.902236485   -8.106924644   -1.239752248
   -1.745329252    2.094395102    3.123499032  -11.577031266    2.323382542
   -1.570796327    2.094395102    1.197765341   -9.375722967    5.814259921
   -1.396263402    2.094395102    0.261913287   -0.259960607    8.787808600
   -1.221730476    2.094395102    1.435027868   14.293956989   10.860210048
   -1.047197551    2.094395102    5.372466384   30.701866379   11.924757022
   -0.872664626    2.094395102   12.019778929   44.653336012   12.214978763
   -0.698131701    2.094395102   20.635332099   52.825816152   12.164354873
   -0.523598776    2.094395102   30.054577860   53.822035801   12.178148710
   -0.349065850    2.094395102   39.040191647   48.063063502   12.447224169
   -0.174532925    2.094395102   46.541210449   37.105465794   12.904636778
    0.000000000    2.094395102   51.827345621   23.084976456   13.266880793
    0.174532925    2.094395102   54.571466498    8.397766221   13.120670980
    0.349065850    2.094395102   54.893675957   -4.212586798   12.039320483
    0.523598776    2.094395102   53.401367407  -11.945057353    9.743774681
    0.698131701    2.094395102   51.143581998  -12.794613120    6.271464353
    0.872664626    2.094395102   49.379253356   -6.426558734    2.073371396
    1.047197551    2.094395102   49.225211032    5.167858572   -2.082429553
    1.221730476    2.094395102   51.272208324   18.057733756   -5.401520751
    1.396263402    2.094395102   55.348671653   27.758643868   -7.408493107
    1.570796327    2.094395102   60.575266804   30.821168465   -8.145647026
    1.745329252    2.094395102   65.649253498   26.030916757   -8.111037736
    1.919862177    2.094395102   69.257860028   14.331481953   -7.996176305
    2.094395102    2.094395102   70.389058578   -1.907943766   -8.383688302
    2.268928028    2.094395102   68.489552656  -19.941536405   -9.546917691
    2.443460953    2.094395102   63.470374664  -37.252303547  -11.409832347
    2.617993878    2.094395102   55.662469069  -51.544250714  -13.616493653
    2.792526803    2.094395102   45.792406165  -60.517136953  -15.660765844
    2.967059728    2.094395102   34.967671010  -62.211616236  -17.056742983

   -3.141592654    2.443460953   18.731380423  -56.269363310  -11.898578395
   -2.967059728    2.443460953   10.158893530  -41.099742497  -11.120682538
   -2.792526803    2.443460953    4.565270505  -22.927228931   -9.632352910
   -2.617993878    2.443460953    2.047977383   -6.638220139   -7.631083865
   -2.443460953    2.443460953    1.900139769    3.750608853   -5.275928153
   -2.268928028    2.443460953    2.924708195    6.813654272   -2.605689415
   -2.094395102    2.443460953    3.935608179    4.059787290    0.462593628
   -1.919862177    2.443460953    4.210671353   -0.943176638    4.021640311
   -1.745329252    2.443460953    3.717461587   -4.107980738    8.010981481
   -1.570796327    2.443460953    3.070929665   -2.335120885   12.109166909
   -1.396263402    2.443460953    3.264914405    5.508995360   15.781350133
   -1.221730476    2.443460953    5.290755369   18.236378320   18.480900844
   -1.047197551    2.443460953    9.753441049   32.821113586   19.885065095
   -0.872664626    2.443460953   16.645532755   45.444373983   20.015558869
   -0.698131701    2.443460953   25.331658089   52.947600338   19.169896909
   -0.523598776    2.443460953   34.748741341   53.713057114   17.738006634
   -0.349065850    2.443460953   43.701675321   47.762704315   16.008470285
   -0.174532925    2.443460953   51.108959417   36.239571917   14.077486357
    0.000000000    2.443460953   56.148729404   21.003267807   11.841271780
    0.174532925    2.443460953   58.372135241    4.402314599    9.062843760
    0.349065850    2.443460953   57.794831512  -10.554975212    5.507787952
    0.523598776    2.443460953   54.997264394  -20.459243899    1.129854148
    0.698131701    2.443460953   51.129673012  -22.483387089   -3.773360096
    0.872664626    2.443460953   47.689331295  -15.625439121   -8.530740757
    1.047197551    2.443460953   46.103173238   -1.776255726  -12.292559749
    1.221730476    2.443460953   47.224006012   14.494522499  -14.380040827
    1.396263402    2.443460953   50.981793761   27.574911114  -14.594238812
    1.570796327    2.443460953   56.398073234   32.939019722  -13.310109441
    1.745329252    2.443460953   61.923690072   28.810668253  -11.295445922
    1.919862177    2.443460953   65.960318826   16.245580313   -9.392134698
    2.094395102    2.443460953   67.275944872   -1.793673171   -8.219955223
    2.268928028    2.443460953   65.220239743  -21.810138113   -8.030383723
    2.443460953    2.443460953   59.732695184  -40.625626945   -8.713950272
    2.617993878    2.443460953   51.267915601  -55.519094259   -9.900961174
    2.792526803    2.443460953   40.725952307  -64.074687338  -11.101392423
    2.967059728    2.443460953   29.382972482  -64.478779129  -11.865927502

   -3.141592654    2.792526803   16.223235109  -55.672258544   -0.238466618
   -2.967059728    2.792526803    7.836125186  -39.599058226    1.141561504
   -2.792526803    2.792526803    2.573704663  -20.666600947    2.698312749
   -2.617993878    2.792526803    0.508739243   -3.726051440    4.339876479
   -2.443460953    2.792526803    0.928110499    7.356493528    6.083453088
   -2.268928028    2.792526803    2.657233806   11.323921953    8.065369750
   -2.094395102    2.792526803    4.553838702    9.732016351   10.481828555
   -1.919862177    2.792526803    5.928300774    5.964994391   13.460445510
   -1.745329252    2.792526803    6.727352555    3.690608920   16.927132142
   -1.570796327    2.792526803    7.462407337    5.521418985   20.531950095
   -1.396263402    2.792526803    8.952210493   12.306172664   23.710115522
   -1.221730476    2.792526803   11.996036803   22.963730868   25.864897115
   -1.047197551    2.792526803   17.059393485   34.937098390   26.589456876
   -0.872664626    2.792526803   24.091876949   44.987451041   25.801204524
   -0.698131701    2.792526803   32.504364443   50.365026398   23.722333893
   -0.523598776    2.792526803   41.324260980   49.530415025   20.741325197
   -0.349065850    2.792526803   49.436079233   42.343456508   17.233342288
   -0.174532925    2.792526803   55.798282685   29.679072437   13.441933199
    0.000000000    2.792526803   59.586481378   13.195195735    9.434394623
    0.174532925    2.792526803   60.329713840   -4.756681051    5.137467753
    0.349065850    2.792526803   58.045606658  -20.880351192    0.469134608
    0.523598776    2.792526803   53.391491004  -31.230425166   -4.485392227
    0.698131701    2.792526803   47.696287435  -32.385028098   -9.344857697
    0.872664626    2.792526803   42.718991746  -23.061288895  -13.451665405
    1.047197551    2.792526803   40.147766344   -5.467977066  -16.099502576
    1.221730476    2.792526803   40.986346264   14.930904243  -16.854852078
    1.396263402    2.792526803   45.134206968   31.411176094  -15.770456402
    1.570796327    2.792526803   51.407695712   38.641752033  -13.371164461
    1.745329252    2.792526803   57.963120574   34.640991380  -10.417136513
    1.919862177    2.792526803   62.924964317   20.849552869   -7.618532757
    2.094395102    2.792526803   64.882833350    0.917183464   -5.424644359
    2.268928028    2.792526803   63.132036432  -20.972946629   -3.969200001
    2.443460953    2.792526803   57.662456635  -41.143475881   -3.122426449
    2.617993878    2.792526803   49.043504132  -56.633812852   -2.601248303
    2.792526803    2.792526803   38.309711200  -65.054260218   -2.083194332
    2.967059728    2.792526803   26.849507995  -64.791295941   -1.328184561
