#! FIELDS phi psi file.free der_phi der_psi
#! SET min_phi -pi
#! SET max_phi pi
#! SET nbins_phi  36
#! SET periodic_phi true
#! SET min_psi -pi
#! SET max_psi pi
#! SET nbins_psi  18
#! SET periodic_psi true
   -3.141592654   -3.141592654   17.350807777  -52.785068500   18.026546085
   -2.967059728   -3.141592654    9.600217189  -35.488694561   20.133540934
   -2.792526803   -3.141592654    5.052801940  -16.849902317   21.389763103
   -2.617993878   -3.141592654    3.561007195   -1.056973362   21.911878340
   -2.443460953   -3.141592654    4.352871915    9.035013593   22.036785014
   -2.268928028   -3.141592654    6.357735553   12.983490512   22.234147978
   -2.094395102   -3.141592654    8.629482038   12.523157490   22.967707992
   -1.919862177   -3.141592654   10.647662984   10.595061298   24.548098217
   -1.745329252   -3.141592654   12.418462992   10.094207871   27.015097587
   -1.570796327   -3.141592654   14.379203911   12.977961646   30.075615091
   -1.396263402   -3.141592654   17.192259302   19.812999099   33.149751957
   -1.221730476   -3.141592654   21.489433377   29.683776650   35.515785932
   -1.047197551   -3.141592654   27.622591804   40.411377769   36.515096281
   -0.872664626   -3.141592654   35.491860162   49.074533949   35.715781806
   -0.698131701   -3.141592654   44.490552252   52.948441533   32.983459199
   -0.523598776   -3.141592654   53.605655587   50.213548098   28.453889900
   -0.349065850   -3.141592654   61.619910592   40.367066673   22.455750466
   -0.174532925   -3.141592654   67.338496751   24.108453915   15.459865689
    0.000000000   -3.141592654   69.791079600    3.374946352    8.036297023
    0.174532925   -3.141592654   68.452756373  -18.712141912    0.795547491
    0.349065850   -3.141592654   63.451156636  -37.803791158   -5.661969515
    0.523598776   -3.141592654   55.734171794  -49.006860927  -10.809618392
    0.698131701   -3.141592654   47.051508912  -48.416202606  -14.257058766
    0.872664626   -3.141592654   39.610183550  -34.914934368  -15.813462902
    1.047197551   -3.141592654   35.464243557  -11.484537287  -15.562507356
    1.221730476   -3.141592654   35.810939461   15.283265133  -13.883127866
    1.396263402   -3.141592654   40.533190774   37.405234640  -11.344495172
    1.570796327   -3.141592654   48.217486949   48.407231216   -8.514665850
    1.745329252   -3.141592654   56.617190965   45.510635823   -5.758745567
    1.919862177   -3.141592654   63.365628997   30.006319335   -3.167230608
    2.094395102   -3.141592654   66.609667992    6.244902567   -0.613028354
    2.268928028   -3.141592654   65.396670301  -20.109670323    2.101884361
    2.443460953   -3.141592654   59.758924911  -43.643126492    5.113415182
    2.617993878   -3.141592654   50.575570447  -60.201416936    8.418754000
    2.792526803   -3.141592654   39.305959847  -67.319312674   11.867207275
    2.967059728   -3.141592654   27.676084652  -64.409276123   15.179968464

   -3.141592654   -2.792526803   25.167103565  -48.511512632   26.288860617
   -2.967059728   -2.792526803   17.986397179  -33.250111197   28.101214769
   -2.792526803   -2.792526803   13.660011015  -16.492679996   28.831308861
   -2.617993878   -2.792526803   12.106924465   -1.988505894   28.763639834
   -2.443460953   -2.792526803   12.688973567    7.724640304   28.371497754
   -2.268928028   -2.792526803   14.505316843   12.292011832   28.187460381
   -2.094395102   -2.792526803   16.774368402   13.297747216   28.644197238
   -1.919862177   -2.792526803   19.093657638   13.312111245   29.940285679
   -1.745329252   -2.792526803   21.505782086   14.660516663   31.966541057
   -1.570796327   -2.792526803   24.373855297   18.632898756   34.294158519
   -1.396263402   -2.792526803   28.172922572   25.199323529   36.257781946
   -1.221730476   -2.792526803   33.264905768   33.140574751   37.112243224
   -1.047197551   -2.792526803   39.717904346   40.414863985   36.243197470
   -0.872664626   -2.792526803   47.210422017   44.666088330   33.334639030
   -0.698131701   -2.792526803   55.035461433   43.961773313   28.442775337
   -0.523598776   -2.792526803   62.222073031   37.272461020   21.954052881
   -0.349065850   -2.792526803   67.720907492   24.743832117   14.469084046
   -0.174532925   -2.792526803   70.599160930    7.497667887    6.690854616
    0.000000000   -2.792526803   70.199451836  -12.394627939   -0.664945609
    0.174532925   -2.792526803   66.306235997  -31.962686433   -6.961713655
    0.349065850   -2.792526803   59.305377373  -47.295248689  -11.702421868
    0.523598776   -2.792526803   50.309314911  -54.119081179  -14.595605026
    0.698131701   -2.792526803   41.116313086  -49.207092173  -15.597192658
    0.872664626   -2.792526803   33.865710288  -32.085820995  -14.914049630
    1.047197551   -2.792526803   30.444202645   -6.220981212  -12.979751648
    1.221730476   -2.792526803   31.821588367   21.625970618  -10.356910534
    1.396263402   -2.792526803   37.658557692   43.695467236   -7.564478516
    1.570796327   -2.792526803   46.389457457   54.080961308   -4.909246977
    1.745329252   -2.792526803   55.726189496   50.635901447   -2.397596927
    1.919862177   -2.792526803   63.356265227   35.086204181    0.197238041
    2.094395102   -2.792526803   67.525997964   11.848171726    3.172199787
    2.268928028   -2.792526803   67.363309914  -13.665062295    6.717321066
    2.443460953   -2.792526803   62.922138974  -36.436044348   10.811847168
    2.617993878   -2.792526803   55.033525479  -52.677465238   15.217840169
    2.792526803   -2.792526803   45.056196019  -60.174514194   19.550395546
    2.967059728   -2.792526803   34.586696933  -58.394827715   23.368454478

   -3.141592654   -2.443460953   34.113536166  -44.284452154   23.986099148
   -2.967059728   -2.443460953   27.492800997  -31.046213094   25.427598062
   -2.792526803   -2.443460953   23.396273159  -15.971794939   26.002158892
   -2.617993878   -2.443460953   21.836686350   -2.445126779   25.963148121
   -2.443460953   -2.443460953   22.319318213    7.192102936   25.658659944
   -2.268928028   -2.443460953   24.097977583   12.509641913   25.447656427
   -2.094395102   -2.443460953   26.509702989   14.758417794   25.595838430
   -1.919862177   -2.443460953   29.195372347   16.004326167   26.181177543
   -1.745329252   -2.443460953   32.145233442   17.990158235   27.047530528
   -1.570796327   -2.443460953   35.572393652   21.502081764   27.805963912
   -1.396263402   -2.443460953   39.731544463   26.228664937   27.920071293
   -1.221730476   -2.443460953   44.744205938   31.029360726   26.844494214
   -1.047197551   -2.443460953   50.488169809   34.333329189   24.202139464
   -0.872664626   -2.443460953   56.561085587   34.546318644   19.909192255
   -0.698131701   -2.443460953   62.314353092   30.533456033   14.212305336
   -0.523598776   -2.443460953   66.962436218   21.881471613    7.622439720
   -0.349065850   -2.443460953   69.722610126    9.043475031    0.788087445
   -0.174532925   -2.443460953   69.954316565   -6.856764161   -5.626154313
    0.000000000   -2.443460953   67.268794562  -24.035124007  -11.031001528
    0.174532925   -2.443460953   61.649827684  -39.983976283  -15.002101225
    0.349065850   -2.443460953   53.592374352  -51.361570873  -17.322113971
    0.523598776   -2.443460953   44.218807510  -54.448051473  -18.007180279
    0.698131701   -2.443460953   35.247919475  -46.461635974  -17.284788818
    0.872664626   -2.443460953   28.674039751  -27.239380379  -15.528099361
    1.047197551   -2.443460953   26.201033969   -0.364734632  -13.180612430
    1.221730476   -2.443460953   28.616213060   27.538060569  -10.653719159
    1.396263402   -2.443460953   35.444860304   49.100094833   -8.212133512
    1.570796327   -2.443460953   45.069079391   58.955615542   -5.902678790
    1.745329252   -2.443460953   55.239986968   55.416648022   -3.560668433
    1.919862177   -2.443460953   63.742520272   40.398000625   -0.921414628
    2.094395102   -2.443460953   68.923860744   18.173376811    2.234735818
    2.268928028   -2.443460953   69.964743073   -6.232221364    5.960546228
    2.443460953   -2.443460953   66.896909861  -28.234826736   10.102058653
    2.617993878   -2.443460953   60.460398035  -44.375098173   14.339513093
    2.792526803   -2.443460953   51.882900248  -52.582948982   18.285193428
    2.967059728   -2.443460953   42.623178768  -52.249731677   21.582193261

   -3.141592654   -2.094395102   40.666017268  -40.960046359   14.222109096
   -2.967059728   -2.094395102   34.505668863  -29.074362190   15.112770389
   -2.792526803   -2.094395102   30.652366618  -15.104244881   15.593340902
   -2.617993878   -2.094395102   29.175068483   -2.300182858   15.793831734
   -2.443460953   -2.094395102   29.653177850    7.067754313   15.825264101
   -2.268928028   -2.094395102   31.415899933   12.503331923   15.774170472
   -2.094395102   -2.094395102   33.850823625   15.031836272   15.682540719
   -1.919862177   -2.094395102   36.597893656   16.376316695   15.509697152
   -1.745329252   -2.094395102   39.582683243   17.901155681   15.108050085
   -1.570796327   -2.094395102   42.894590080   20.128716072   14.223715214
   -1.396263402   -2.094395102   46.637617181   22.708882140   12.562900002
   -1.221730476   -2.094395102   50.800640520   24.761875732    9.891480981
   -1.047197551   -2.094395102   55.199280099   25.231256273    6.154741772
   -0.872664626   -2.094395102   59.471696752   23.163830724    1.539681182
   -0.698131701   -2.094395102   63.115272521   17.964265345   -3.544474349
   -0.523598776   -2.094395102   65.565389618    9.511744875   -8.564654301
   -0.349065850   -2.094395102   66.283595002   -1.768934961  -12.996178878
   -0.174532925   -2.094395102   64.843988122  -15.043894275  -16.434893938
    0.000000000   -2.094395102   61.004031398  -29.023494071  -18.657917062
    0.174532925   -2.094395102   54.798360951  -41.752665364  -19.659520481
    0.349065850   -2.094395102   46.680536125  -50.387013923  -19.619257549
    0.523598776   -2.094395102   37.660024121  -51.516019151  -18.838211012
    0.698131701   -2.094395102   29.308421940  -42.425804657  -17.638150224
    0.872664626   -2.094395102   23.478763239  -22.845100985  -16.262900060
    1.047197551   -2.094395102   21.764309058    3.875548767  -14.835719847
    1.221730476   -2.094395102   24.888484555   31.415797016  -13.363981661
    1.396263402   -2.094395102   32.368385504   52.725069609  -11.763096797
    1.570796327   -2.094395102   42.629415648   62.700060792   -9.903476889
    1.745329252   -2.094395102   53.499185215   59.746984558   -7.657900201
    1.919862177   -2.094395102   62.836839716   45.665473067   -4.960629603
    2.094395102   -2.094395102   69.027878554   24.448402174   -1.847377648
    2.268928028   -2.094395102   71.236187162    0.791139373    1.530565535
    2.443460953   -2.094395102   69.424689691  -20.970267468    4.931260758
    2.617993878   -2.094395102   64.233812437  -37.470703313    8.080494841
    2.792526803   -2.094395102   56.790070639  -46.582149583   10.746032818
    2.967059728   -2.094395102   48.472269183  -47.519952718   12.797971226

   -3.141592654   -1.745329252   42.723566363  -39.646899751    5.137342975
   -2.967059728   -1.745329252   36.763337225  -28.063447797    5.609055785
   -2.792526803   -1.745329252   33.072465662  -14.248934728    6.012965567
   -2.617993878   -1.745329252   31.729508233   -1.637064841    6.319650003
   -2.443460953   -1.745329252   32.296253292    7.388831617    6.403741931
   -2.268928028   -1.745329252   34.070705162   12.283522031    6.103065157
   -2.094395102   -1.745329252   36.402976225   14.031318899    5.270474273
   -1.919862177   -1.745329252   38.885525878   14.289329203    3.799926593
   -1.745329252   -1.745329252   41.384026733   14.350541487    1.642881091
   -1.570796327   -1.745329252   43.922048185   14.770142999   -1.179104134
   -1.396263402   -1.745329252   46.559594642   15.409753917   -4.551012333
   -1.221730476   -1.745329252   49.295679250   15.802997509   -8.264922998
   -1.047197551   -1.745329252   52.038500802   15.386254045  -12.035997063
   -0.872664626   -1.745329252   54.599189151   13.607795664  -15.542106320
   -0.698131701   -1.745329252   56.694065239    9.981221758  -18.466597443
   -0.523598776   -1.745329252   57.967317235    4.153218858  -20.539223218
   -0.349065850   -1.745329252   58.022276013   -3.966928062  -21.578470223
   -0.174532925   -1.745329252   56.472664837  -14.164292157  -21.541716714
    0.000000000   -1.745329252   53.009580498  -25.735940453  -20.567714330
    0.174532925   -1.745329252   47.511594802  -37.124240428  -18.993478369
    0.349065850   -1.745329252   40.230774565  -45.611536685  -17.281873657
    0.523598776   -1.745329252   31.982061067  -47.576418408  -15.880000846
    0.698131701   -1.745329252   24.205120477  -39.811266693  -15.050629800
    0.872664626   -1.745329252   18.718643823  -21.465179021  -14.767387825
    1.047197551   -1.745329252   17.175514269    4.570549459  -14.744630267
    1.221730476   -1.745329252   20.416453655   32.175355843  -14.578567530
    1.396263402   -1.745329252   28.085638225   54.216804739  -13.906654585
    1.570796327   -1.745329252   38.703210708   65.320886707  -12.532326399
    1.745329252   -1.745329252   50.136670150   63.556660611  -10.458947167
    1.919862177   -1.745329252   60.227929809   50.419321565   -7.862732284
    2.094395102   -1.745329252   67.300310723   29.697851426   -5.022245841
    2.268928028   -1.745329252   70.429975959    6.002248420   -2.242598480
    2.443460953   -1.745329252   69.488064904  -16.296260460    0.212150488
    2.617993878   -1.745329252   65.039026787  -33.686311296    2.169636934
    2.792526803   -1.745329252   58.167695009  -43.808391378    3.579383874
    2.967059728   -1.745329252   50.255107279  -45.629471152    4.518052974

   -3.141592654   -1.396263402   41.841702788  -39.564045837    1.071389990
   -2.967059728   -1.396263402   35.914922982  -27.754712823    0.994426179
   -2.792526803   -1.396263402   32.295758097  -13.783701900    0.964347794
   -2.617993878   -1.396263402   31.021823679   -1.397718303    0.907252029
   -2.443460953   -1.396263402   31.571546612    6.859008554    0.623384870
   -2.268928028   -1.396263402   33.146986896   10.456001512   -0.150879292
   -2.094395102   -1.396263402   35.017642895   10.523546967   -1.675468739
   -1.919862177   -1.396263402   36.728369822    8.950106543   -4.129814055
   -1.745329252   -1.396263402   38.143142480    7.320702465   -7.533551375
   -1.570796327   -1.396263402   39.339760303    6.542024950  -11.683565700
   -1.396263402   -1.396263402   40.494919839    6.813834497  -16.151183825
   -1.221730476   -1.396263402   41.774617243    7.892225326  -20.371342010
   -1.047197551   -1.396263402   43.274030168    9.207110988  -23.787756243
   -0.872664626   -1.396263402   44.969476148    9.975923422  -25.983190016
   -0.698131701   -1.396263402   46.686144978    9.312912073  -26.742934736
   -0.523598776   -1.396263402   48.103349978    6.434367439  -26.051969297
   -0.349065850   -1.396263402   48.785131308    0.835925745  -24.074996033
   -0.174532925   -1.396263402   48.237854575   -7.639074448  -21.147715461
    0.000000000   -1.396263402   45.984375806  -18.609762244  -17.766600913
    0.174532925   -1.396263402   41.688267351  -30.698073578  -14.533591237
    0.349065850   -1.396263402   35.378152193  -41.085865456  -12.018951739
    0.523598776   -1.396263402   27.696417158  -45.668991084  -10.585834614
    0.698131701   -1.396263402   20.023457159  -40.451133529  -10.255569477
    0.872664626   -1.396263402   14.262772432  -23.773496363  -10.698153616
    1.047197551   -1.396263402   12.270481109    1.960724065  -11.368455576
    1.221730476   -1.396263402   15.132029543   30.622600583  -11.721595705
    1.396263402   -1.396263402   22.692244026   54.598936667  -11.389441031
    1.570796327   -1.396263402   33.564102856   67.812612229  -10.264118476
    1.745329252   -1.396263402   45.587022910   67.690821656   -8.472999087
    1.919862177   -1.396263402   56.483646481   55.349254466   -6.293374154
    2.094395102   -1.396263402   64.419859677   34.517977239   -4.053985892
    2.268928028   -1.396263402   68.327636216   10.000632659   -2.052679941
    2.443460953   -1.396263402   67.981138769  -13.503855336   -0.499810289
    2.617993878   -1.396263402   63.909440134  -32.130284585    0.512065943
    2.792526803   -1.396263402   57.220382767  -43.209076821    1.010928723
    2.967059728   -1.396263402   49.363095072  -45.527231574    1.135440381

   -3.141592654   -1.047197551   39.112615018  -41.471460573    2.694742383
   -2.967059728   -1.047197551   32.901563996  -29.072845204    1.559019884
   -2.792526803   -1.047197551   29.111021267  -14.454760475    0.347551241
   -2.617993878   -1.047197551   27.756034325   -1.740454441   -0.901859119
   -2.443460953   -1.047197551   28.231625332    6.233443802   -2.277462055
   -2.268928028   -1.047197551   29.618932484    8.802491397   -3.980297090
   -2.094395102   -1.047197551   31.061156978    7.178869031   -6.274463080
   -1.919862177   -1.047197551   32.012234358    3.571146635   -9.372841122
   -1.745329252   -1.047197551   32.321149964    0.112701667  -13.288404098
   -1.570796327   -1.047197551   32.158326643   -1.634198910  -17.714349882
   -1.396263402   -1.047197551   31.899971943   -0.951213850  -22.038965933
   -1.221730476   -1.047197551   31.972693593    2.063257922  -25.513077710
   -1.047197551   -1.047197551   32.715393624    6.513961054  -27.502444246
   -0.872664626   -1.047197551   34.260345622   10.970083610  -27.676228587
   -0.698131701   -1.047197551   36.465229672   13.825971709  -26.059995839
   -0.523598776   -1.047197551   38.926510195   13.718302619  -22.969220613
   -0.349065850   -1.047197551   41.039466853    9.736557440  -18.904636058
   -0.174532925   -1.047197551   42.086092726    1.478497311  -14.465452992
    0.000000000   -1.047197551   41.335757709  -10.743234389  -10.274746846
    0.174532925   -1.047197551   38.208286223  -25.351572388   -6.870455936
    0.349065850   -1.047197551   32.553558491  -38.979915030   -4.579773676
    0.523598776   -1.047197551   24.958492597  -46.694352600   -3.428741019
    0.698131701   -1.047197551   16.899722882  -43.637952200   -3.154933446
    0.872664626   -1.047197551   10.504002712  -27.606222421   -3.332130086
    1.047197551   -1.047197551    7.901323065   -0.990563612   -3.540580078
    1.221730476   -1.047197551   10.406706506   29.594871182   -3.492364474
    1.396263402   -1.047197551   17.983209525   55.788855830   -3.059237799
    1.570796327   -1.047197551   29.231619088   70.814368850   -2.236518367
    1.745329252   -1.047197551   41.877600471   71.662354471   -1.095164021
    1.919862177   -1.047197551   53.481840226   59.326904945    0.247736162
    2.094395102   -1.047197551   62.051957221   37.689114694    1.635110346
    2.268928028   -1.047197551   66.403384802   11.859749125    2.882654441
    2.443460953   -1.047197551   66.252807740  -13.108170248    3.807304252
    2.617993878   -1.047197551   62.132299482  -33.036244222    4.267516577
    2.792526803   -1.047197551   55.200542646  -45.000742056    4.195175003
    2.967059728   -1.047197551   46.993666266  -47.657308212    3.629995036

   -3.141592654   -0.698131701   38.673703238  -45.406395326    2.809389378
   -2.967059728   -0.698131701   31.762736317  -33.091337168    0.625379953
   -2.792526803   -0.698131701   27.287894731  -18.244099024   -1.656741540
   -2.617993878   -0.698131701   25.296873800   -5.259495741   -3.897472586
   -2.443460953   -0.698131701   25.163857276    2.709913161   -6.093551593
   -2.268928028   -0.698131701   25.898177608    4.746554318   -8.392058469
   -2.094395102   -0.698131701   26.544051173    2.033985775  -11.034467604
   -1.919862177   -0.698131701   26.480628728   -2.903223047  -14.206491265
   -1.745329252   -0.698131701   25.567782030   -7.280079323  -17.855268146
   -1.570796327   -0.698131701   24.112732641   -8.808341506  -21.565675364
   -1.396263402   -0.698131701   22.733594004   -6.349503290  -24.626215482
   -1.221730476   -0.698131701   22.125079471   -0.156480506  -26.271009761
   -1.047197551   -0.698131701   22.816392495    8.189367781  -25.996863233
   -0.872664626   -0.698131701   24.987034501   16.361716664  -23.755972080
   -0.698131701   -0.698131701   28.394358854   22.008652820  -19.947998836
   -0.523598776   -0.698131701   32.432001284   23.354006582  -15.251641137
   -0.349065850   -0.698131701   36.247572185   19.371665048  -10.411035825
   -0.174532925   -0.698131701   38.876940938    9.771488781   -6.070418357
    0.000000000   -0.698131701   39.380160261   -4.802534528   -2.665933772
    0.174532925   -0.698131701   37.045687426  -22.225659419   -0.335671416
    0.349065850   -0.698131701   31.703776376  -38.424839651    1.093321734
    0.523598776   -0.698131701   24.043582151  -47.818256858    2.019122778
    0.698131701   -0.698131701   15.731397631  -45.229930838    2.869952305
    0.872664626   -0.698131701    9.099118378  -28.596567101    3.892576133
    1.047197551   -0.698131701    6.423783296   -0.797696248    5.058404760
    1.221730476   -0.698131701    9.072780752   31.005041182    6.148466859
    1.396263402   -0.698131701   16.979606383   58.085411212    6.941057814
    1.570796327   -0.698131701   28.674432296   73.554375212    7.363769595
    1.745329252   -0.698131701   41.808297915   74.452000529    7.509393167
    1.919862177   -0.698131701   53.879767712   61.843006026    7.542055635
    2.094395102   -0.698131701   62.843740954   39.638523442    7.572520857
    2.268928028   -0.698131701   67.464967411   12.959689818    7.588906103
    2.443460953   -0.698131701   67.412838670  -13.107972269    7.468142606
    2.617993878   -0.698131701   63.184445125  -34.288658080    7.034988152
    2.792526803   -0.698131701   55.926820910  -47.459571440    6.131681803
    2.967059728   -0.698131701   47.202947761  -51.066998244    4.701361778

   -3.141592654   -0.349065850   39.347355014  -50.786917102    3.198215053
   -2.967059728   -0.349065850   31.456239213  -38.845804354    0.252888000
   -2.792526803   -0.349065850   25.981548542  -23.870239070   -2.762793196
   -2.617993878   -0.349065850   23.042169797  -10.480285835   -5.642940164
   -2.443460953   -0.349065850   22.030312122   -2.177646282   -8.319950624
   -2.268928028   -0.349065850   21.914227856   -0.185243375  -10.889822197
   -2.094395102   -0.349065850   21.663203005   -3.361977132  -13.538201013
   -1.919862177   -0.349065850   20.607422049   -8.842641156  -16.367862297
   -1.745329252   -0.349065850   18.647941285  -13.170325847  -19.216838631
   -1.570796327   -0.349065850   16.256340173  -13.401043197  -21.582448898
   -1.396263402   -0.349065850   14.296768088   -8.171006333  -22.765701869
   -1.221730476   -0.349065850   13.693296865    1.827128715  -22.170284302
   -1.047197551   -0.349065850   15.076737410   14.059676129  -19.618982214
   -0.872664626   -0.349065850   18.548602203   25.171180115  -15.470278026
   -0.698131701   -0.349065850   23.635557423   32.140146724  -10.491691074
   -0.523598776   -0.349065850   29.428764433   33.055052719   -5.575763669
   -0.349065850   -0.349065850   34.790839838   27.191037305   -1.448290719
   -0.174532925   -0.349065850   38.553395984   14.845056037    1.506404741
    0.000000000   -0.349065850   39.690121269   -2.565190094    3.304256766
    0.174532925   -0.349065850   37.545098282  -22.112659242    4.341666677
    0.349065850   -0.349065850   32.132081088  -39.107583560    5.244841911
    0.523598776   -0.349065850   24.392548605  -47.837291948    6.621422703
    0.698131701   -0.349065850   16.212317900  -43.626982815    8.772712396
    0.872664626   -0.349065850   10.012600016  -25.333873026   11.517642202
    1.047197551   -0.349065850    7.997436002    3.312907126   14.269663245
    1.221730476   -0.349065850   11.354901281   34.826438701   16.343781269
    1.396263402   -0.349065850   19.838180433   60.775726782   17.297329237
    1.570796327   -0.349065850   31.883233056   74.891439039   17.108659531
    1.745329252   -0.349065850   45.152350702   74.745068554   16.105410981
    1.919862177   -0.349065850   57.219274529   61.578851536   14.742048663
    2.094395102   -0.349065850   66.113802234   39.137409571   13.374929993
    2.268928028   -0.349065850   70.629156349   12.224744446   12.142348945
    2.443460953   -0.349065850   70.408898980  -14.355219361   10.973071823
    2.617993878   -0.349065850   65.889994382  -36.441940746    9.666835543
    2.792526803   -0.349065850   58.156764581  -50.786551642    7.997702574
    2.967059728   -0.349065850   48.746550955  -55.571325863    5.834374472

   -3.141592654    0.000000000   40.610348466  -56.351668820    2.505056234
   -2.967059728    0.000000000   31.712192725  -44.735328350   -0.357826046
   -2.792526803    0.000000000   25.213228445  -29.643207507   -3.155925052
   -2.617993878    0.000000000   21.298454685  -15.856431771   -5.723797714
   -2.443460953    0.000000000   19.383484096   -7.172638058   -8.028471977
   -2.268928028    0.000000000   18.411057983   -5.048365391  -10.175438970
   -2.094395102    0.000000000   17.305528845   -8.297261144  -12.311680712
   -1.919862177    0.000000000   15.392162952  -13.648516466  -14.452727682
   -1.745329252    0.000000000   12.661133576  -17.009785125  -16.339800651
   -1.570796327    0.000000000    9.776955350  -14.971368280  -17.434025547
   -1.396263402    0.000000000    7.832684773   -6.261642613  -17.124735612
   -1.221730476    0.000000000    7.905078759    7.639620844  -15.044222870
   -1.047197551    0.000000000   10.597710488   23.025689199  -11.332446022
   -0.872664626    0.000000000   15.786404696   35.529799804   -6.654596914
   -0.698131701    0.000000000   22.648636108   41.772511647   -1.962958399
   -0.523598776    0.000000000   29.929841195   40.247923907    1.865871360
   -0.349065850    0.000000000   36.268078867   31.136429298    4.343151179
   -0.174532925    0.000000000   40.447887684   15.799160680    5.484645217
    0.000000000    0.000000000   41.572191155   -3.401223955    5.761853185
    0.174532925    0.000000000   39.251297935  -22.980149521    5.946700995
    0.349065850    0.000000000   33.815335645  -38.256723697    6.845127915
    0.523598776    0.000000000   26.460306445  -44.209555748    8.995725540
    0.698131701    0.000000000   19.155294579  -37.378972605   12.410759040
    0.872664626    0.000000000   14.183185986  -17.833146154   16.503488753
    1.047197551    0.000000000   13.443631739   10.096203402   20.305932879
    1.221730476    0.000000000   17.794833885   39.222946599   22.891404175
    1.396263402    0.000000000   26.778171155   62.093547198   23.756304054
    1.570796327    0.000000000   38.805209652   73.505596711   22.968724996
    1.745329252    0.000000000   51.668804641   71.681327346   21.026068908
    1.919862177    0.000000000   63.134967029   57.923107264   18.563078501
    2.094395102    0.000000000   71.395266380   35.603372317   16.085366673
    2.268928028    0.000000000   75.323246371    9.025012681   13.834326552
    2.443460953    0.000000000   74.560544384  -17.427182726   11.800221873
    2.617993878    0.000000000   69.487246128  -39.807366012    9.814692770
    2.792526803    0.000000000   61.112808908  -54.819092272    7.666706809
    2.967059728    0.000000000   50.924857086  -60.432678541    5.225741608

   -3.141592654    0.349065850   41.839672303  -61.323498973    1.386445305
   -2.967059728    0.349065850   32.059593910  -49.797294902   -0.450709671
   -2.792526803    0.349065850   24.695110393  -34.431128477   -2.082432936
   -2.617993878    0.349065850   19.988154309  -20.116090536   -3.491711487
   -2.443460953    0.349065850   17.378021445  -10.892028520   -4.740755816
   -2.268928028    0.349065850   15.790745197   -8.405778215   -5.952839991
   -2.094395102    0.349065850   14.119603791  -11.416398801   -7.228058642
   -1.919862177    0.349065850   11.695310149  -16.301421652   -8.523247721
   -1.745329252    0.349065850    8.590595573  -18.478749946   -9.578856061
   -1.570796327    0.349065850    5.624058751  -14.284521855   -9.961839001
   -1.396263402    0.349065850    4.042659933   -2.723882759   -9.261262090
   -1.221730476    0.349065850    4.979357040   13.899278766   -7.327338547
   -1.047197551    0.349065850    8.926994793   30.887741612   -4.426758824
   -0.872664626    0.349065850   15.500584380   43.221566917   -1.178943953
   -0.698131701    0.349065850   23.562946551   47.580609955    1.699004784
   -0.523598776    0.349065850   31.615111204   43.191265273    3.702533251
   -0.349065850    0.349065850   38.214305502   31.279895101    4.750517486
   -0.174532925    0.349065850   42.246534002   14.199688935    5.185228322
    0.000000000    0.349065850   43.062137997   -5.021633270    5.630186540
    0.174532925    0.349065850   40.593783236  -22.759271256    6.776758762
    0.349065850    0.349065850   35.465852487  -34.795872200    9.133655077
    0.523598776    0.349065850   29.033126358  -37.166452253   12.813564061
    0.698131701    0.349065850   23.205919847  -27.780477493   17.416844064
    0.872664626    0.349065850   19.983151795   -7.804822368   22.091838873
    1.047197551    0.349065850   20.853365407   18.146976980   25.822031272
    1.221730476    0.349065850   26.302222137   43.565334879   27.816172868
    1.396263402    0.349065850   35.676693436   62.276967292   27.782623246
    1.570796327    0.349065850   47.421366772   70.293448614   25.972795032
    1.745329252    0.349065850   59.529595755   66.494369254   22.986490215
    1.919862177    0.349065850   70.022397703   52.162839171   19.496949116
    2.094395102    0.349065850   77.299231992   30.196875183   16.032945627
    2.268928028    0.349065850   80.343184365    4.310740905   12.884616464
    2.443460953    0.349065850   78.810531362  -21.586239505   10.126176261
    2.617993878    0.349065850   73.033143036  -43.794453798    7.692918545
    2.792526803    0.349065850   63.949517027  -59.010156261    5.468950760
    2.967059728    0.349065850   52.993287588  -65.031382306    3.370893207

   -3.141592654    0.698131701   43.291058980  -64.035938285   -0.256438497
   -2.967059728    0.698131701   33.035791119  -52.506349908   -0.751620819
   -2.792526803    0.698131701   25.204052034  -37.049471967   -0.943115983
   -2.617993878    0.698131701   20.053521505  -22.565393511   -0.967116201
   -2.443460953    0.698131701   17.030886766  -13.168232217   -0.972401741
   -2.268928028    0.698131701   15.058239370  -10.546133747   -1.091810652
   -2.094395102    0.698131701   13.026817011  -13.381585343   -1.397635436
   -1.919862177    0.698131701   10.290552064  -17.846292441   -1.856472792
   -1.745329252    0.698131701    6.985280518  -19.137716185   -2.322199539
   -1.570796327    0.698131701    4.017404476  -13.572318770   -2.580582261
   -1.396263402    0.698131701    2.696527379   -0.460510224   -2.456971353
   -1.221730476    0.698131701    4.140282896   17.332376635   -1.915609206
   -1.047197551    0.698131701    8.726297282   34.590653169   -1.092834594
   -0.872664626    0.698131701   15.891258491   46.131670255   -0.221861411
   -0.698131701    0.698131701   24.336854725   48.992117594    0.516288556
   -0.523598776    0.698131701   32.500337225   43.128075248    1.125602177
   -0.349065850    0.698131701   39.012891480   30.531367582    1.842416224
   -0.174532925    0.698131701   42.947860512   14.065585811    3.049440592
    0.000000000    0.698131701   43.895495831   -3.161041504    5.135155180
    0.174532925    0.698131701   42.002815924  -17.911728995    8.344658942
    0.349065850    0.698131701   38.004667846  -26.750644167   12.645489791
    0.523598776    0.698131701   33.204866850  -26.725648820   17.658221409
    0.698131701    0.698131701   29.287021494  -16.700007299   22.680187274
    0.872664626    0.698131701   27.893115564    1.696245853   26.831773679
    1.047197551    0.698131701   30.137546693   24.141956559   29.331219348
    1.221730476    0.698131701   36.246828700   45.081980324   29.768601248
    1.396263402    0.698131701   45.504199891   59.555878509   28.217229013
    1.570796327    0.698131701   56.485636580   64.516192728   25.153117724
    1.745329252    0.698131701   67.433177686   59.233491766   21.226160055
    1.919862177    0.698131701   76.635261383   44.833876030   17.043185303
    2.094395102    0.698131701   82.699198867   23.731005585   13.040749472
    2.268928028    0.698131701   84.721034758   -0.917864680    9.468010116
    2.443460953    0.698131701   82.380038585  -25.661741450    6.432514285
    2.617993878    0.698131701   75.968012821  -47.058538480    3.960287550
    2.792526803    0.698131701   66.356371939  -61.847459825    2.040672871
    2.967059728    0.698131701   54.917512011  -67.731816714    0.647585661

   -3.141592654    1.047197551   42.008195024  -64.010922729   -5.002041204
   -2.967059728    1.047197551   31.849149901  -51.485285387   -4.182510878
   -2.792526803    1.047197551   24.248897845  -35.494494153   -3.047909799
   -2.617993878    1.047197551   19.380216353  -20.959914676   -1.860303918
   -2.443460953    1.047197551   16.612488606  -11.896527623   -0.814083140
   -2.268928028    1.047197551   14.817084135   -9.798845728   -0.011650571
   -2.094395102    1.047197551   12.869416725  -13.150564806    0.528787203
   -1.919862177    1.047197551   10.137594957  -17.998050574    0.832797405
   -1.745329252    1.047197551    6.784327127  -19.511849379    0.914648524
   -1.570796327    1.047197551    3.738943118  -14.082035849    0.751541697
   -1.396263402    1.047197551    2.316841744   -1.127154811    0.300399638
   -1.221730476    1.047197551    3.624853645   16.423938541   -0.436664118
   -1.047197551    1.047197551    8.028360430   33.408418483   -1.343869442
   -0.872664626    1.047197551   14.972685460   44.831265464   -2.166527440
   -0.698131701    1.047197551   23.211394948   48.018105679   -2.543491429
   -0.523598776    1.047197551   31.283604878   43.193500815   -2.089636898
   -0.349065850    1.047197551   37.958167789   32.451831506   -0.487418914
   -0.174532925    1.047197551   42.441116502   18.504211036    2.422665276
    0.000000000    1.047197551   44.405059603    4.043426518    6.587698613
    0.174532925    1.047197551   43.989653886   -8.305488266   11.717466613
    0.349065850    1.047197551   41.807655455  -15.774617030   17.280405539
    0.523598776    1.047197551   38.930555382  -15.964521801   22.554201343
    0.698131701    1.047197551   36.739459148   -7.970685995   26.744173929
    0.872664626    1.047197551   36.576382803    6.867510721   29.166250334
    1.047197551    1.047197551   39.351799869   25.018476145   29.458272531
    1.221730476    1.047197551   45.250719492   41.914683334   27.696878539
    1.396263402    1.047197551   53.674830028   53.391287712   24.330610270
    1.570796327    1.047197551   63.417331551   56.701952168   19.988997641
    1.745329252    1.047197551   72.946532812   50.957845220   15.260214082
    1.919862177    1.047197551   80.724747239   36.884754198   10.578274410
    2.094395102    1.047197551   85.461810601   16.518889295    6.218778221
    2.268928028    1.047197551   86.303716283   -7.203492103    2.369548479
    2.443460953    1.047197551   82.955291409  -30.895798313   -0.813454862
    2.617993878    1.047197551   75.731258056  -51.096443753   -3.191940953
    2.792526803    1.047197551   65.529252790  -64.539979378   -4.668875452
    2.967059728    1.047197551   53.741717585  -69.006983803   -5.237764801

   -3.141592654    1.396263402   37.069750019  -62.579008887  -10.537954940
   -2.967059728    1.396263402   27.306241156  -48.474863139   -8.924750252
   -2.792526803    1.396263402   20.323122798  -31.543863723   -7.011153195
   -2.617993878    1.396263402   16.177505959  -16.722509557   -5.124843688
   -2.443460953    1.396263402   14.133658319   -7.908992601   -3.446321133
   -2.268928028    1.396263402   12.986775957   -6.392488206   -1.995019651
   -2.094395102    1.396263402   11.570041318  -10.492878992   -0.697057251
   -1.919862177    1.396263402    9.227360681  -16.227928620    0.490166640
   -1.745329252    1.396263402    6.090060690  -18.860507315    1.474010763
   -1.570796327    1.396263402    3.039253907  -14.847986848    2.030584784
   -1.396263402    1.396263402    1.347587157   -3.455536959    1.934537086
   -1.221730476    1.396263402    2.131016348   12.827326722    1.154130110
   -1.047197551    1.396263402    5.856594482   29.418414696   -0.023887003
   -0.872664626    1.396263402   12.163747922   41.751890509   -1.038488533
   -0.698131701    1.396263402   20.046030007   47.222933420   -1.243854478
   -0.523598776    1.396263402   28.257388475   45.707804774   -0.141129306
   -0.349065850    1.396263402   35.693536579   38.663447705    2.470188815
   -0.174532925    1.396263402   41.562117101   28.043916740    6.460247099
    0.000000000    1.396263402   45.407104591   15.826625898   11.418169933
    0.174532925    1.396263402   47.127559940    4.074632880   16.729404304
    0.349065850    1.396263402   47.018721566   -4.728604594   21.647042266
    0.523598776    1.396263402   45.816868464   -8.079456190   25.396106667
    0.698131701    1.396263402   44.627917536   -4.504843904   27.327430695
    0.872664626    1.396263402   44.655427335    5.629416150   27.097154485
    1.047197551    1.396263402   46.854010521   19.849449991   24.797891817
    1.221730476    1.396263402   51.612355307   34.276770275   20.931260583
    1.396263402    1.396263402   58.601874515   44.811037294   16.202517155
    1.570796327    1.396263402   66.844775129   48.205219489   11.262298372
    1.745329252    1.396263402   74.929474761   42.911085615    6.523032844
    1.919862177    1.396263402   81.339091395   29.217916992    2.153862467
    2.094395102    1.396263402   84.761839778    9.125803845   -1.810085865
    2.268928028    1.396263402   84.344607797  -14.183047092   -5.319109346
    2.443460953    1.396263402   79.843672305  -37.025579472   -8.235795660
    2.617993878    1.396263402   71.665615080  -55.786460876  -10.348815723
    2.792526803    1.396263402   60.807100873  -67.292168214  -11.455476323
    2.967059728    1.396263402   48.725484410  -69.595268009  -11.481050740

   -3.141592654    1.745329252   30.818010401  -59.739209996  -17.096267396
   -2.967059728    1.745329252   21.683683819  -44.239087592  -15.641774580
   -2.792526803    1.745329252   15.498900057  -26.770694316  -13.734119280
   -2.617993878    1.745329252   12.179526473  -12.119478388  -11.617071205
   -2.443460953    1.745329252   10.894603484   -3.846011754   -9.417853083
   -2.268928028    1.745329252   10.406102474   -2.898961995   -7.141043515
   -2.094395102    1.745329252    9.556921022   -7.475108239   -4.729261279
   -1.919862177    1.745329252    7.696854940  -13.758880989   -2.185551130
   -1.745329252    1.745329252    4.917303989  -17.322467515    0.318847665
   -1.570796327    1.745329252    2.015801097  -14.762308604    2.443159473
   -1.396263402    1.745329252    0.193606984   -5.034308558    3.830031844
   -1.221730476    1.745329252    0.587987515   10.089289068    4.339150255
   -1.047197551    1.745329252    3.823711188   26.792442961    4.208661090
   -0.872664626    1.745329252    9.800740158   40.857231709    4.006967125
   -0.698131701    1.745329252   17.778875665   49.382579305    4.394709440
   -0.523598776    1.745329252   26.678081541   51.434359913    5.838166743
   -0.349065850    1.745329252   35.400329580   47.524532292    8.428943871
   -0.174532925    1.745329252   43.004635550   38.817152871   11.881176013
    0.000000000    1.745329252   48.775207409   26.812361908   15.634086900
    0.174532925    1.745329252   52.296991269   13.420560059   18.990908234
    0.349065850    1.745329252   53.552371032    1.312963592   21.245887712
    0.523598776    1.745329252   53.029059773   -6.458101402   21.825360069
    0.698131701    1.745329252   51.712497411   -7.532345449   20.444873723
    0.872664626    1.745329252   50.857483966   -1.241733273   17.237016117
    1.047197551    1.745329252   51.634342672   10.726336523   12.757168074
    1.221730476    1.745329252   54.735288006   24.673803179    7.804055999
    1.396263402    1.745329252   60.107382521   36.026800530    3.113205513
    1.570796327    1.745329252   66.928719360   40.701937320   -0.898708818
    1.745329252    1.745329252   73.799992705   36.425892958   -4.210379228
    1.919862177    1.745329252   79.125558076   23.190796999   -7.057754782
    2.094395102    1.745329252   81.504986503    3.176813781   -9.708820180
    2.268928028    1.745329252   80.056939741  -19.982908174  -12.269817155
    2.443460953    1.745329252   74.592003646  -42.148296735  -14.629023489
    2.617993878    1.745329252   65.633056343  -59.466319123  -16.517883598
    2.792526803    1.745329252   54.306286381  -68.879250979  -17.641606726
    2.967059728    1.745329252   42.151697635  -68.834070228  -17.829062955

   -3.141592654    2.094395102   23.712453247  -57.949143456  -18.906103448
   -2.967059728    2.094395102   14.999855573  -41.278744177  -17.506526875
   -2.792526803    2.094395102    9.398396815  -23.128039122  -15.567393872
   -2.617993878    2.094395102    6.747330864   -8.147687993  -13.293069752
   -2.443460953    2.094395102    6.173462078    0.323518172  -10.792103657
   -2.268928028    2.094395102    6.434393202    1.533968375   -8.056077889
   -2.094395102    2.094395102    6.389494513   -2.693246397   -5.005037945
   -1.919862177    2.094395102    5.388683530   -8.747417450   -1.608955397
   -1.745329252    2.094395102    3.474149941  -12.529101019    1.985305540
   -1.570796327    2.094395102    1.344719323  -10.821384082    5.422951177
   -1.396263402    2.094395102    0.101878856   -2.383056350    8.275371746
   -1.221730476    2.094395102    0.852985789   11.596943138   10.274589828
   -1.047197551    2.094395102    4.307734641   27.963734003   11.489681055
   -0.872664626    2.094395102   10.542267345   42.821136427   12.300724118
   -0.698131701    2.094395102   19.001642912   53.037802941   13.175002105
   -0.523598776    2.094395102   28.708175227   56.992569517   14.399380742
   -0.349065850    2.094395102   38.530923930   54.417956070   15.924095394
   -0.174532925    2.094395102   47.372034391   45.862270631   17.397077465
    0.000000000    2.094395102   54.279441187   32.539586838   18.297966573
    0.174532925    2.094395102   58.580947085   16.405226830   18.097368744
    0.349065850    2.094395102   60.036937905    0.497658324   16.399242331
    0.523598776    2.094395102   59.005433663  -11.448622448   13.074282000
    0.698131701    2.094395102   56.485370030  -16.150684828    8.366930724
    0.872664626    2.094395102   53.909692574  -12.034896540    2.913193679
    1.047197551    2.094395102   52.754070000   -0.296837302   -2.409102716
    1.221730476    2.094395102   54.042402595   15.158046061   -6.784343564
    1.396263402    2.094395102   57.959013499   28.928552739   -9.773123269
    1.570796327    2.094395102   63.749922638   35.897106130  -11.455499053
    1.745329252    2.094395102   69.922281334   33.050653302  -12.323338194
    1.919862177    2.094395102   74.706202442   20.208642259  -12.998560291
    2.094395102    2.094395102   76.544213717   -0.100921861  -13.945022803
    2.268928028    2.094395102   74.485970550  -23.652311974  -15.305484535
    2.443460953    2.094395102   68.375204869  -45.765592860  -16.909905807
    2.617993878    2.094395102   58.839929450  -62.316699360  -18.395348716
    2.792526803    2.094395102   47.129006711  -70.338616612  -19.369222409
    2.967059728    2.094395102   34.865008336  -68.608631309  -19.564365033

   -3.141592654    2.443460953   17.354315063  -56.897580316  -12.961895860
   -2.967059728    2.443460953    8.930255175  -39.058782323  -11.543557068
   -2.792526803    2.443460953    3.804503359  -19.939152598   -9.768672051
   -2.617993878    2.443460953    1.782612604   -4.149973707   -7.765278996
   -2.443460953    2.443460953    1.972754905    5.076905770   -5.567417347
   -2.268928028    2.443460953    3.133679113    7.102573316   -3.096454336
   -2.094395102    2.443460953    4.137590177    3.751361216   -0.195989541
   -1.919862177    2.443460953    4.331314011   -1.556529175    3.259194682
   -1.745329252    2.443460953    3.706256641   -5.056599342    7.225670412
   -1.570796327    2.443460953    2.854471821   -3.789527422   11.413913933
   -1.396263402    2.443460953    2.750775792    3.543878893   15.358364714
   -1.221730476    2.443460953    4.418837646   16.175046026   18.605613067
   -1.047197551    2.443460953    8.573687634   31.489766808   20.906050521
   -0.872664626    2.443460953   15.374488340   45.879787123   22.269438855
   -0.698131701    2.443460953   24.360587657   56.049475680   22.851141842
   -0.523598776    2.443460953   34.585502222   59.847157174   22.773057895
   -0.349065850    2.443460953   44.848511949   56.457401159   22.000377293
   -0.174532925    2.443460953   53.903806543   46.103132582   20.360412978
    0.000000000    2.443460953   60.625396391   30.026113303   17.637449710
    0.174532925    2.443460953   64.200761967   10.536848389   13.690064345
    0.349065850    2.443460953   64.334953608   -8.716133688    8.556815586
    0.523598776    2.443460953   61.453754971  -23.224808852    2.539076269
    0.698131701    2.443460953   56.761595972  -28.945063198   -3.769187294
    0.872664626    2.443460953   52.007025843  -23.861911268   -9.552472119
    1.047197551    2.443460953   49.007711692   -9.342558657  -13.992925434
    1.221730476    2.443460953   49.039687493    9.879822122  -16.568234385
    1.396263402    2.443460953   52.358443834   27.235588403  -17.260948978
    1.570796327    2.443460953   58.085563702   36.618162255  -16.558577682
    1.745329252    2.443460953   64.477980448   34.598005353  -15.223970730
    1.919862177    2.443460953   69.500847870   21.229431735  -13.986172090
    2.094395102    2.443460953   71.413038863   -0.314993002  -13.294794253
    2.268928028    2.443460953   69.204631520  -25.097108311  -13.238697062
    2.443460953    2.443460953   62.770306066  -47.907798147  -13.613167149
    2.617993878    2.443460953   52.854506676  -64.400384329  -14.061951862
    2.792526803    2.443460953   40.835284796  -71.693591849  -14.229228528
    2.967059728    2.443460953   28.431580551  -68.818443278  -13.884146210

   -3.141592654    2.792526803   14.492377189  -55.425298338    1.028641242
   -2.967059728    2.792526803    6.362594064  -37.179979159    2.693017870
   -2.792526803    2.792526803    1.596692987  -17.703462922    4.193254370
   -2.617993878    2.792526803    0.000000000   -1.496065583    5.534749665
   -2.443460953    2.792526803    0.703825414    8.347806197    6.855959017
   -2.268928028    2.792526803    2.512327148   11.304321460    8.400519766
   -2.094395102    2.792526803    4.355997158    9.214515617   10.450449808
   -1.919862177    2.792526803    5.627439086    5.327866545   13.216393936
   -1.745329252    2.792526803    6.315853528    3.031753711   16.712660548
   -1.570796327    2.792526803    6.936181201    4.844444237   20.673690978
   -1.396263402    2.792526803    8.319494031   11.781141098   24.592590159
   -1.221730476    2.792526803   11.322676484   23.101659743   27.873297911
   -1.047197551    2.792526803   16.524036922   36.482823454   30.024939609
   -0.872664626    2.792526803   24.003883243   48.639287895   30.778405281
   -0.698131701    2.792526803   33.265850033   56.431410190   30.075263400
   -0.523598776    2.792526803   43.336821278   57.658274267   27.977078653
   -0.349065850    2.792526803   52.974823995   51.439153857   24.577012712
   -0.174532925    2.792526803   60.892035656   38.067519811   19.991822803
    0.000000000    2.792526803   65.952201833   19.072906426   14.394632519
    0.174532925    2.792526803   67.398919885   -2.767533567    8.051128442
    0.349065850    2.792526803   65.081753520  -23.272017387    1.354876058
    0.523598776    2.792526803   59.661338122  -37.470082871   -5.161621622
    0.698131701    2.792526803   52.639847264  -41.081580702  -10.857236461
    0.872664626    2.792526803   46.070103521  -32.290030684  -15.086526579
    1.047197551    2.792526803   41.994236083  -13.178138800  -17.395010039
    1.221730476    2.792526803   41.752294883   10.465191625  -17.713747919
    1.396263402    2.792526803   45.477547626   31.056259523  -16.411565724
    1.570796327    2.792526803   52.028195537   41.948746999  -14.162155951
    1.745329252    2.792526803   59.358886264   39.793143262  -11.672038467
    1.919862177    2.792526803   65.192478073   25.216873097   -9.446738843
    2.094395102    2.792526803   67.664449482    2.120190929   -7.679106513
    2.268928028    2.792526803   65.760103221  -23.968538361   -6.295098674
    2.443460953    2.792526803   59.448877461  -47.523235767   -5.079087320
    2.617993878    2.792526803   49.579755512  -64.161610250   -3.809804853
    2.792526803    2.792526803   37.622940142  -71.173928855   -2.350933972
    2.967059728    2.792526803   25.351589584  -67.824197083   -0.701931247
