#! FIELDS phi psi file.free der_phi der_psi
#! SET min_phi -pi
#! SET max_phi pi
#! SET nbins_phi  36
#! SET periodic_phi true
#! SET min_psi -pi
#! SET max_psi pi
#! SET nbins_psi  18
#! SET periodic_psi true
   -3.141592654   -3.141592654   17.470432966  -52.892645051   17.598904391
   -2.967059728   -3.141592654    9.696308799  -35.610457186   19.657289656
   -2.792526803   -3.141592654    5.137325362  -16.839123927   20.881143564
   -2.617993878   -3.141592654    3.659190904   -0.917558787   21.380498878
   -2.443460953   -3.141592654    4.478341110    9.191870858   21.495037513
   -2.268928028   -3.141592654    6.503000437   13.042056712   21.701124744
   -2.094395102   -3.141592654    8.772507339   12.447130088   22.458453137
   -1.919862177   -3.141592654   10.767650521   10.423679455   24.053986194
   -1.745329252   -3.141592654   12.504181370    9.887908593   26.487426222
   -1.570796327   -3.141592654   14.426387698   12.743391533   29.425523229
   -1.396263402   -3.141592654   17.190624429   19.479969585   32.269253238
   -1.221730476   -3.141592654   21.410422076   29.109739903   34.310805141
   -1.047197551   -3.141592654   27.410166487   39.438303468   34.942051671
   -0.872664626   -3.141592654   35.066079841   47.600789307   33.808956316
   -0.698131701   -3.141592654   43.764534928   51.009481153   30.867623420
   -0.523598776   -3.141592654   52.515590669   48.043585323   26.334506025
   -0.349065850   -3.141592654   60.159954250   38.386904386   20.584563317
   -0.174532925   -3.141592654   65.584266084   22.801563164   14.077711425
    0.000000000   -3.141592654   67.894303858    3.091851016    7.306249702
    0.174532925   -3.141592654   66.601812161  -17.918713521    0.747809820
    0.349065850   -3.141592654   61.813074772  -36.221329230   -5.150641635
    0.523598776   -3.141592654   54.405847959  -47.119871774   -9.986978886
    0.698131701   -3.141592654   46.043482399  -46.690252511  -13.420998295
    0.872664626   -3.141592654   38.866298887  -33.639814807  -15.217697964
    1.047197551   -3.141592654   34.895451490  -10.747309727  -15.339346415
    1.221730476   -3.141592654   35.325623791   15.523600066  -14.016431047
    1.396263402   -3.141592654   40.053896190   37.266918560  -11.703150491
    1.570796327   -3.141592654   47.693648064   48.077678433   -8.927110524
    1.745329252   -3.141592654   56.037178428   45.248821668   -6.088786361
    1.919862177   -3.141592654   62.764885241   30.069631951   -3.358377782
    2.094395102   -3.141592654   66.059840207    6.773888741   -0.687656535
    2.268928028   -3.141592654   64.976207771  -19.179302128    2.074063771
    2.443460953   -3.141592654   59.518008013  -42.564678170    5.054784583
    2.617993878   -3.141592654   50.512200852  -59.285458857    8.273255160
    2.792526803   -3.141592654   39.370373544  -66.784058380   11.613130331
    2.967059728   -3.141592654   27.797220956  -64.276529684   14.826407188

   -3.141592654   -2.792526803   25.172645699  -48.624155240   25.495111286
   -2.967059728   -2.792526803   17.968614426  -33.369645008   27.312918140
   -2.792526803   -2.792526803   13.630276346  -16.489577027   28.058943479
   -2.617993878   -2.792526803   12.089355516   -1.853764216   28.001027952
   -2.443460953   -2.792526803   12.700377869    7.911857454   27.613855942
   -2.268928028   -2.792526803   14.546098575   12.428818696   27.438855292
   -2.094395102   -2.792526803   16.828443513   13.309686351   27.904648282
   -1.919862177   -2.792526803   19.134331309   13.144100883   29.183510269
   -1.745329252   -2.792526803   21.497096033   14.259623904   31.126082220
   -1.570796327   -2.792526803   24.269625948   17.933787087   33.271982717
   -1.396263402   -2.792526803   27.915738602   24.148063729   34.957540792
   -1.221730476   -2.792526803   32.790950843   31.714539830   35.480768137
   -1.047197551   -2.792526803   38.963991705   38.650435514   34.305752802
   -0.872664626   -2.792526803   46.126157901   42.678077739   31.206740678
   -0.698131701   -2.792526803   53.598861875   41.963874920   26.317115050
   -0.523598776   -2.792526803   60.458187023   35.588398863   20.063642722
   -0.349065850   -2.792526803   65.718072339   23.761375087   13.035629689
   -0.174532925   -2.792526803   68.509990282    7.538149461    5.868641179
    0.000000000   -2.792526803   68.214668163  -11.245162289   -0.834909477
    0.174532925   -2.792526803   64.602537370  -29.954888283   -6.571049790
    0.349065850   -2.792526803   57.988291361  -44.969250785  -10.958056792
    0.523598776   -2.792526803   49.380645146  -52.080020671  -13.765222039
    0.698131701   -2.792526803   40.485448418  -47.868043700  -14.931994581
    0.872664626   -2.792526803   33.398430327  -31.533620110  -14.576525265
    1.047197551   -2.792526803   30.016548198   -6.268219606  -13.002869912
    1.221730476   -2.792526803   31.353333950   21.259450485  -10.653050162
    1.396263402   -2.792526803   37.115814367   43.247457295   -7.979194899
    1.570796327   -2.792526803   45.773427549   53.716822845   -5.295483170
    1.745329252   -2.792526803   55.063607835   50.493323824   -2.674538430
    1.919862177   -2.792526803   62.696865087   35.282887897    0.022829155
    2.094395102   -2.792526803   66.934687543   12.431237299    3.027165600
    2.268928028   -2.792526803   66.901704706  -12.782307804    6.505895632
    2.443460953   -2.792526803   62.624947536  -35.473638083   10.459024919
    2.617993878   -2.792526803   54.891618555  -51.889860601   14.695823717
    2.792526803   -2.792526803   45.022090879  -59.733074618   18.881515979
    2.967059728   -2.792526803   34.597444945  -58.304182304   22.607680683

   -3.141592654   -2.443460953   33.866772238  -44.345138548   23.351553873
   -2.967059728   -2.443460953   27.234708468  -31.090670815   24.801182746
   -2.792526803   -2.443460953   23.137820897  -15.915501623   25.384448154
   -2.617993878   -2.443460953   21.597200840   -2.282758765   25.340423457
   -2.443460953   -2.443460953   22.113127842    7.406756212   25.024314667
   -2.268928028   -2.443460953   23.926976614   12.684434942   24.808756819
   -2.094395102   -2.443460953   26.357404196   14.783546254   24.957675325
   -1.919862177   -2.443460953   29.024216796   15.745392958   25.523791346
   -1.745329252   -2.443460953   31.893798950   17.314854495   26.314325577
   -1.570796327   -2.443460953   35.159441056   20.324799704   26.917600424
   -1.396263402   -2.443460953   39.069058610   24.567393144   26.811742812
   -1.221730476   -2.443460953   43.758105204   29.020013797   25.505920319
   -1.047197551   -2.443460953   49.136789394   32.206492566   22.702801478
   -0.872664626   -2.443460953   54.847984403   32.584052880   18.392402119
   -0.698131701   -2.443460953   60.294124136   29.032679454   12.862793637
   -0.523598776   -2.443460953   64.741388512   21.133931546    6.617345544
   -0.349065850   -2.443460953   67.454288403    9.286924975    0.248054371
   -0.174532925   -2.443460953   67.822089323   -5.538353640   -5.673027297
    0.000000000   -2.443460953   65.449016296  -21.822463047  -10.661538609
    0.174532925   -2.443460953   60.261065065  -37.350292579  -14.380093348
    0.349065850   -2.443460953   52.652370464  -48.955514006  -16.653825657
    0.523598776   -2.443460953   43.635445458  -52.833621596  -17.482130593
    0.698131701   -2.443460953   34.856343306  -45.875393658  -17.021307243
    0.872664626   -2.443460953   28.304105303  -27.518044939  -15.544835082
    1.047197551   -2.443460953   25.736753942   -1.083803300  -13.401790886
    1.221730476   -2.443460953   28.019495045   26.803180545  -10.947241190
    1.396263402   -2.443460953   34.737752015   48.598364137   -8.444136907
    1.570796327   -2.443460953   44.299728925   58.746855684   -5.988869835
    1.745329252   -2.443460953   54.457732297   55.475923706   -3.493340273
    1.919862177   -2.443460953   62.991958680   40.701213491   -0.765900100
    2.094395102   -2.443460953   68.245867516   18.697889527    2.372285953
    2.268928028   -2.443460953   69.392335231   -5.557181662    5.976118781
    2.443460953   -2.443460953   66.444924198  -27.551556845    9.929928112
    2.617993878   -2.443460953   60.115855344  -43.840421616   13.970616264
    2.792526803   -2.443460953   51.609984342  -52.294355189   17.761413575
    2.967059728   -2.443460953   42.379086138  -52.191862660   20.971908913

   -3.141592654   -2.094395102   40.278860495  -41.063140250   13.941403655
   -2.967059728   -2.094395102   34.102482690  -29.140290819   14.791730915
   -2.792526803   -2.094395102   30.243540487  -15.090366355   15.232135992
   -2.617993878   -2.094395102   28.775858925   -2.198593596   15.386164070
   -2.443460953   -2.094395102   29.277258888    7.234931870   15.377397811
   -2.268928028   -2.094395102   31.069546243   12.662011483   15.309033459
   -2.094395102   -2.094395102   33.521715941   15.048464791   15.224291948
   -1.919862177   -2.094395102   36.244948146   16.057402094   15.062933917
   -1.745329252   -2.094395102   39.130391019   17.061246928   14.648795512
   -1.570796327   -2.094395102   42.242509606   18.683981026   13.712724990
   -1.396263402   -2.094395102   45.685572953   20.754746074   11.975691415
   -1.221730476   -2.094395102   49.481295477   22.569407568    9.246975902
   -1.047197551   -2.094395102   53.502370443   23.166289881    5.527141880
   -0.872664626   -2.094395102   57.451441572   21.585269529    1.042222990
   -0.698131701   -2.094395102   60.882177271   17.147607205   -3.795680660
   -0.523598776   -2.094395102   63.268850034    9.626449455   -8.493806832
   -0.349065850   -2.094395102   64.092091253   -0.677919434  -12.601127906
   -0.174532925   -2.094395102   62.920119399  -13.098595267  -15.799224291
    0.000000000   -2.094395102   59.470980203  -26.557650708  -17.935353560
    0.174532925   -2.094395102   53.703482284  -39.287265612  -19.031152611
    0.349065850   -2.094395102   45.973167055  -48.491742033  -19.236786140
    0.523598776   -2.094395102   37.202861738  -50.574923355  -18.773064620
    0.698131701   -2.094395102   28.927248199  -42.458602094  -17.857019057
    0.872664626   -2.094395102   23.029628271  -23.508169197  -16.642133807
    1.047197551   -2.094395102   21.181542750    3.095221305  -15.205653953
    1.221730476   -2.094395102   24.190057567   30.921277901  -13.566393545
    1.396263402   -2.094395102   31.620104516   52.651250526  -11.698658385
    1.570796327   -2.094395102   41.898269211   62.945582439   -9.556079019
    1.745329252   -2.094395102   52.825147907   60.131780709   -7.090581275
    1.919862177   -2.094395102   62.232291558   46.067026468   -4.290388120
    2.094395102   -2.094395102   68.491222472   24.826168160   -1.207072125
    2.268928028   -2.094395102   70.761957734    1.134148401    2.029309192
    2.443460953   -2.094395102   69.004457334  -20.695401604    5.223744510
    2.617993878   -2.094395102   63.851537966  -37.307159585    8.158559532
    2.792526803   -2.094395102   56.423975022  -46.550284206   10.647631129
    2.967059728   -2.094395102   48.101721325  -47.590158459   12.582576961

   -3.141592654   -1.745329252   42.302724339  -39.929559593    5.072693744
   -2.967059728   -1.745329252   36.300686694  -28.251783949    5.447562458
   -2.792526803   -1.745329252   32.585340237  -14.331277926    5.759844704
   -2.617993878   -1.745329252   31.237071768   -1.608527853    5.984324166
   -2.443460953   -1.745329252   31.817493853    7.522659500    6.012616374
   -2.268928028   -1.745329252   33.619842726   12.456405843    5.699363404
   -2.094395102   -1.745329252   35.974927148   14.092894006    4.899832947
   -1.919862177   -1.745329252   38.441722807   14.012219153    3.493215699
   -1.745329252   -1.745329252   40.846109235   13.528432009    1.408882727
   -1.570796327   -1.745329252   43.186468450   13.339509308   -1.345289308
   -1.396263402   -1.745329252   45.530763963   13.531023920   -4.649960145
   -1.221730476   -1.745329252   47.924093537   13.829131699   -8.277401841
   -1.047197551   -1.745329252   50.343959509   13.731766928  -11.919726750
   -0.872664626   -1.745329252   52.668608598   12.608504970  -15.247213849
   -0.698131701   -1.745329252   54.659342204    9.806903183  -17.962581288
   -0.523598776   -1.745329252   55.975110311    4.809882384  -19.843204372
   -0.349065850   -1.745329252   56.208211756   -2.606660334  -20.771780091
   -0.174532925   -1.745329252   54.940042855  -12.343972826  -20.764939075
    0.000000000   -1.745329252   51.809210106  -23.809410105  -19.989674505
    0.174532925   -1.745329252   46.625748140  -35.508967521  -18.758611929
    0.349065850   -1.745329252   39.571642936  -44.667976025  -17.455107492
    0.523598776   -1.745329252   31.416682918  -47.434849118  -16.413137751
    0.698131701   -1.745329252   23.605603926  -40.279390548  -15.788324493
    0.872664626   -1.745329252   18.015304820  -22.098595423  -15.494486483
    1.047197551   -1.745329252   16.382578746    4.247833299  -15.252562117
    1.221730476   -1.745329252   19.614938299   32.419102584  -14.724520693
    1.396263402   -1.745329252   27.373202417   54.962826836  -13.643556240
    1.570796327   -1.745329252   38.144004963   66.279317179  -11.906493160
    1.745329252   -1.745329252   49.739289787   64.412455679   -9.583545232
    1.919862177   -1.745329252   59.956102039   50.989177839   -6.882409034
    2.094395102   -1.745329252   67.099621015   29.952960426   -4.077037265
    2.268928028   -1.745329252   70.249611095    6.000900520   -1.440293943
    2.443460953   -1.745329252   69.289761428  -16.482283754    0.811286887
    2.617993878   -1.745329252   64.796263888  -33.990319950    2.554834018
    2.792526803   -1.745329252   57.865494398  -44.166282277    3.776231580
    2.967059728   -1.745329252   49.890203495  -45.976727203    4.567113406

   -3.141592654   -1.396263402   41.459932615  -40.101692547    0.834802142
   -2.967059728   -1.396263402   35.450691926  -28.156414777    0.645250898
   -2.792526803   -1.396263402   31.772743842  -14.045327552    0.497764958
   -2.617993878   -1.396263402   30.465744828   -1.505111544    0.331689894
   -2.443460953   -1.396263402   31.010432902    6.917882183   -0.029660658
   -2.268928028   -1.396263402   32.606800382   10.625561313   -0.829362461
   -2.094395102   -1.396263402   34.505883815   10.652073645   -2.319262492
   -1.919862177   -1.396263402   36.218223576    8.804278636   -4.685118723
   -1.745329252   -1.396263402   37.567439897    6.696723951   -7.960949090
   -1.570796327   -1.396263402   38.607891512    5.392585840  -11.957532842
   -1.396263402   -1.396263402   39.527655601    5.319063687  -16.255703704
   -1.221730476   -1.396263402   40.540861565    6.406081568  -20.295975958
   -1.047197551   -1.396263402   41.808875700    8.103528548  -23.527529566
   -0.872664626   -1.396263402   43.363874567    9.502963054  -25.545633877
   -0.698131701   -1.396263402   45.057427793    9.518674940  -26.159734164
   -0.523598776   -1.396263402   46.561482853    7.199384955  -25.391267725
   -0.349065850   -1.396263402   47.409527140    1.941067608  -23.446341200
   -0.174532925   -1.396263402   47.065463593   -6.455992864  -20.690889347
    0.000000000   -1.396263402   45.004919158  -17.619712838  -17.619290040
    0.174532925   -1.396263402   40.846556861  -30.134200126  -14.783887658
    0.349065850   -1.396263402   34.587434273  -41.062156323  -12.662440567
    0.523598776   -1.396263402   26.867869275  -46.082359406  -11.510042460
    0.698131701   -1.396263402   19.106745263  -40.972227040  -11.264647738
    0.872664626   -1.396263402   13.277462440  -23.963247132  -11.571297518
    1.047197551   -1.396263402   11.307067425    2.441119843  -11.925744000
    1.221730476   -1.396263402   14.316553678   31.820420813  -11.870863113
    1.396263402   -1.396263402   22.130128764   56.242701087  -11.138328167
    1.570796327   -1.396263402   33.295140159   69.457849098   -9.701177831
    1.745329252   -1.396263402   45.574803945   68.940344547   -7.731884189
    1.919862177   -1.396263402   56.638733401   56.007722394   -5.516285575
    2.094395102   -1.396263402   64.637705751   34.600136599   -3.360698396
    2.268928028   -1.396263402   68.518488176    9.645094184   -1.521361343
    2.443460953   -1.396263402   68.083398087  -14.129932276   -0.161376100
    2.617993878   -1.396263402   63.889388638  -32.875755034    0.666481152
    2.792526803   -1.396263402   57.068141589  -43.954509993    1.010860237
    2.967059728   -1.396263402   49.086803003  -46.190254601    1.009993837

   -3.141592654   -1.047197551   38.772450993  -42.252970801    2.078876924
   -2.967059728   -1.047197551   32.435185562  -29.731429889    0.897225862
   -2.792526803   -1.047197551   28.540679845  -14.972434211   -0.375391418
   -2.617993878   -1.047197551   27.110269202   -2.070816120   -1.686978498
   -2.443460953   -1.047197551   27.547471042    6.139277974   -3.104656338
   -2.268928028   -1.047197551   28.937219476    8.918150681   -4.812242253
   -2.094395102   -1.047197551   30.408490863    7.370914967   -7.065888914
   -1.919862177   -1.047197551   31.383334270    3.616477890  -10.079244944
   -1.745329252   -1.047197551   31.671200219   -0.192814976  -13.870416663
   -1.570796327   -1.047197551   31.417611205   -2.357673349  -18.140645593
   -1.396263402   -1.047197551   31.004474257   -1.958294683  -22.289936939
   -1.221730476   -1.047197551   30.896223688    1.056821357  -25.584463368
   -1.047197551   -1.047197551   31.484642400    5.801492088  -27.407553622
   -0.872664626   -1.047197551   32.944244478   10.726438662  -27.447670243
   -0.698131701   -1.047197551   35.147814319   14.044483259  -25.751840028
   -0.523598776   -1.047197551   37.676754900   14.246718586  -22.659037625
   -0.349065850   -1.047197551   39.892316149   10.350563151  -18.690916363
   -0.174532925   -1.047197551   41.036722548    1.955350061  -14.453073093
    0.000000000   -1.047197551   40.344287602  -10.571719481  -10.545965059
    0.174532925   -1.047197551   37.213611104  -25.553003089   -7.448966245
    0.349065850   -1.047197551   31.495016166  -39.476334697   -5.405352038
    0.523598776   -1.047197551   23.804496038  -47.229524141   -4.359716379
    0.698131701   -1.047197551   15.675651588  -43.832296727   -4.003845778
    0.872664626   -1.047197551    9.302778066  -27.096868649   -3.922971232
    1.047197551   -1.047197551    6.864187045    0.386670178   -3.763945323
    1.221730476   -1.047197551    9.676131866   31.680634781   -3.336460386
    1.396263402   -1.047197551   17.647271906   58.141154673   -2.606909221
    1.570796327   -1.047197551   29.289261741   72.893811448   -1.633586113
    1.745329252   -1.047197551   42.242226071   73.056931015   -0.505402531
    1.919862177   -1.047197551   54.016868980   59.887679696    0.684819844
    2.094395102   -1.047197551   62.617164375   37.510469512    1.833936184
    2.268928028   -1.047197551   66.888233685   11.166713775    2.822158718
    2.443460953   -1.047197551   66.588942508  -14.076625022    3.522053475
    2.617993878   -1.047197551   62.289274316  -34.088300841    3.823910221
    2.792526803   -1.047197551   55.175729139  -46.010573902    3.660643617
    2.967059728   -1.047197551   46.801060486  -48.561854791    3.048773470

   -3.141592654   -0.698131701   38.250347712  -46.189410269    2.169104586
   -2.967059728   -0.698131701   31.205946480  -33.829573201    0.031604923
   -2.792526803   -0.698131701   26.608108749  -18.891260896   -2.242918191
   -2.617993878   -0.698131701   24.518632299   -5.714143403   -4.496268107
   -2.443460953   -0.698131701   24.329957501    2.550017432   -6.701291646
   -2.268928028   -0.698131701   25.062994256    4.889694589   -8.987635670
   -2.094395102   -0.698131701   25.751931662    2.359436927  -11.588641952
   -1.919862177   -0.698131701   25.744583232   -2.623618043  -14.689051097
   -1.745329252   -0.698131701   24.858633468   -7.276130380  -18.238653478
   -1.570796327   -0.698131701   23.370124123   -9.194105463  -21.830560408
   -1.396263402   -0.698131701   21.893223830   -7.051449878  -24.768638289
   -1.221730476   -0.698131701   21.149751059   -0.948967928  -26.306932886
   -1.047197551   -0.698131701   21.713108657    7.560784188  -25.961128732
   -0.872664626   -0.698131701   23.800584908   16.058656582  -23.695909574
   -0.698131701   -0.698131701   27.184073394   22.029604868  -19.917227551
   -0.523598776   -0.698131701   31.243814848   23.559956963  -15.305475991
   -0.349065850   -0.698131701   35.096410394   19.561776153  -10.602183407
   -0.174532925   -0.698131701   37.744124912    9.773101001   -6.438620553
    0.000000000   -0.698131701   38.224132827   -5.067075161   -3.220134448
    0.174532925   -0.698131701   35.822625594  -22.701089225   -1.034912429
    0.349065850   -0.698131701   30.392000043  -38.915578909    0.347986412
    0.523598776   -0.698131701   22.666741078  -48.007885183    1.370254298
    0.698131701   -0.698131701   14.372557160  -44.774711613    2.465785284
    0.872664626   -0.698131701    7.893884778  -27.267013427    3.837431853
    1.047197551   -0.698131701    5.526773395    1.377445029    5.371104046
    1.221730476   -0.698131701    8.605476917   33.675911575    6.747616886
    1.396263402   -0.698131701   16.980537841   60.682319928    7.664380071
    1.570796327   -0.698131701   29.078900593   75.507155156    8.015153922
    1.745329252   -0.698131701   42.469531255   75.416238342    7.915097817
    1.919862177   -0.698131701   54.619434613   61.806745798    7.596463628
    2.094395102   -0.698131701   63.506613341   38.856942518    7.259358640
    2.268928028   -0.698131701   67.951976413   11.792506369    6.974190435
    2.443460953   -0.698131701   67.685378776  -14.351169307    6.669700094
    2.617993878   -0.698131701   63.247229231  -35.425264691    6.180743205
    2.792526803   -0.698131701   55.804714951  -48.436492821    5.319916370
    2.967059728   -0.698131701   46.921933947  -51.918316878    3.978152840

   -3.141592654   -0.349065850   38.798804307  -51.328921743    2.760667349
   -2.967059728   -0.349065850   30.805727583  -39.462471788   -0.039565248
   -2.792526803   -0.349065850   25.220781164  -24.482679424   -2.978960826
   -2.617993878   -0.349065850   22.185819699  -10.925813958   -5.823871023
   -2.443460953   -0.349065850   21.121734438   -2.300534834   -8.476005027
   -2.268928028   -0.349065850   21.015456910    0.049904900  -11.010997817
   -2.094395102   -0.349065850   20.828537184   -2.889902395  -13.606589990
   -1.919862177   -0.349065850   19.857967407   -8.379987708  -16.367426716
   -1.745329252   -0.349065850   17.958118262  -12.980998866  -19.140011386
   -1.570796327   -0.349065850   15.562470861  -13.643330546  -21.437930028
   -1.396263402   -0.349065850   13.523260554   -8.815204416  -22.583275061
   -1.221730476   -0.349065850   12.785231940    0.978979863  -21.997012781
   -1.047197551   -0.349065850   14.020947879   13.263640701  -19.507203106
   -0.872664626   -0.349065850   17.372607670   24.617237617  -15.461396475
   -0.698131701   -0.349065850   22.387820819   31.870031410  -10.607390585
   -0.523598776   -0.349065850   28.152124573   32.974070286   -5.817974719
   -0.349065850   -0.349065850   33.504691540   27.142079118   -1.805230944
   -0.174532925   -0.349065850   37.251559785   14.704748084    1.057618236
    0.000000000   -0.349065850   38.352904545   -2.817794312    2.801837520
    0.174532925   -0.349065850   36.160337718  -22.369523492    3.847195218
    0.349065850   -0.349065850   30.716815501  -39.149703261    4.846872554
    0.523598776   -0.349065850   23.008718421  -47.379902885    6.424395126
    0.698131701   -0.349065850   14.970096853  -42.422862899    8.867848059
    0.872664626   -0.349065850    9.053015682  -23.302104791   11.943315898
    1.047197551   -0.349065850    7.452356752    5.977190753   14.976986330
    1.221730476   -0.349065850   11.295917091   37.636355082   17.188556025
    1.396263402   -0.349065850   20.235957417   63.099922691   18.068338918
    1.570796327   -0.349065850   32.603177207   76.199775202   17.587171461
    1.745329252   -0.349065850   45.993599663   74.831292364   16.132503071
    1.919862177   -0.349065850   57.979473022   60.627651080   14.267720432
    2.094395102   -0.349065850   66.648993005   37.601543669   12.468873561
    2.268928028   -0.349065850   70.881573758   10.601995649   10.966416482
    2.443460953   -0.349065850   70.397181896  -15.714177285    9.727652140
    2.617993878   -0.349065850   65.674310569  -37.413967687    8.531843982
    2.792526803   -0.349065850   57.800394550  -51.445740501    7.087113393
    2.967059728   -0.349065850   48.289632058  -56.092968173    5.179361367

   -3.141592654    0.000000000   40.000026262  -56.406130583    2.324784454
   -2.967059728    0.000000000   31.067560266  -45.060154640   -0.335486766
   -2.792526803    0.000000000   24.495411506  -30.108841308   -3.014634596
   -2.617993878    0.000000000   20.503830674  -16.220125620   -5.512703965
   -2.443460953    0.000000000   18.550287926   -7.213462264   -7.762840601
   -2.268928028    0.000000000   17.604525469   -4.700891063   -9.850861930
   -2.094395102    0.000000000   16.585314030   -7.687030272  -11.919168398
   -1.919862177    0.000000000   14.781681015  -13.049109133  -13.990934967
   -1.745329252    0.000000000   12.130792977  -16.731334369  -15.822927066
   -1.570796327    0.000000000    9.250105235  -15.225776835  -16.898218018
   -1.396263402    0.000000000    7.212014243   -7.060426469  -16.626627246
   -1.221730476    0.000000000    7.109749311    6.489987413  -14.647685578
   -1.047197551    0.000000000    9.592201795   21.828013665  -11.088748721
   -0.872664626    0.000000000   14.587787016   34.557419419   -6.583266529
   -0.698131701    0.000000000   21.310498697   41.157426244   -2.047688007
   -0.523598776    0.000000000   28.514133429   39.961573147    1.667857516
   -0.349065850    0.000000000   34.821643129   31.051923953    4.084314540
   -0.174532925    0.000000000   38.994500110   15.793382971    5.215667715
    0.000000000    0.000000000   40.120671087   -3.364647824    5.530050731
    0.174532925    0.000000000   37.814762017  -22.813287321    5.801716222
    0.349065850    0.000000000   32.432154191  -37.766702386    6.844677686
    0.523598776    0.000000000   25.207704256  -43.157489155    9.199801524
    0.698131701    0.000000000   18.147847724  -35.599102066   12.860036690
    0.872664626    0.000000000   13.548515431  -15.367522122   17.187374089
    1.047197551    0.000000000   13.276280010   12.908374850   21.134910583
    1.221730476    0.000000000   18.105546255   41.778994084   23.695254004
    1.396263402    0.000000000   27.463395443   63.734084648   24.318503831
    1.570796327    0.000000000   39.661829541   73.795730428   23.090680810
    1.745329252    0.000000000   52.454240941   70.621008347   20.595031141
    1.919862177    0.000000000   63.646551371   55.951114940   17.595019188
    2.094395102    0.000000000   71.531359951   33.393477054   14.722320817
    2.268928028    0.000000000   75.098788195    7.194230237   12.300397385
    2.443460953    0.000000000   74.076340832  -18.540235785   10.335122933
    2.617993878    0.000000000   68.872973273  -40.207393703    8.609436445
    2.792526803    0.000000000   60.472428317  -54.771049756    6.822461491
    2.967059728    0.000000000   50.305303454  -60.297305176    4.747074666

   -3.141592654    0.349065850   41.204795195  -60.816516027    1.303395705
   -2.967059728    0.349065850   31.470794238  -49.756083041   -0.333644430
   -2.792526803    0.349065850   24.083687838  -34.670252531   -1.849532895
   -2.617993878    0.349065850   19.332759323  -20.318286924   -3.191235580
   -2.443460953    0.349065850   16.710870878  -10.782387019   -4.389017158
   -2.268928028    0.349065850   15.177272642   -7.900378324   -5.549308820
   -2.094395102    0.349065850   13.619730859  -10.657617224   -6.768685761
   -1.919862177    0.349065850   11.327496876  -15.603063392   -8.010366593
   -1.745329252    0.349065850    8.312063264  -18.204276102   -9.027356519
   -1.570796327    0.349065850    5.335813722  -14.692684995   -9.404140396
   -1.396263402    0.349065850    3.619248472   -3.840377781   -8.744799665
   -1.221730476    0.349065850    4.313947505   12.307009843   -6.900764738
   -1.047197551    0.349065850    7.969680122   29.215591964   -4.121621330
   -0.872664626    0.349065850   14.272932129   41.857223855   -0.994751562
   -0.698131701    0.349065850   22.141704980   46.749215509    1.792398289
   -0.523598776    0.349065850   30.097114222   42.901699591    3.749169056
   -0.349065850    0.349065850   36.682303965   31.382427002    4.788428440
   -0.174532925    0.349065850   40.752224289   14.507050400    5.236104048
    0.000000000    0.349065850   41.629959068   -4.618835821    5.702748708
    0.174532925    0.349065850   39.241056389  -22.226205106    6.878525889
    0.349065850    0.349065850   34.228289126  -33.965711174    9.281758862
    0.523598776    0.349065850   27.982104996  -35.815366597   13.032495238
    0.698131701    0.349065850   22.446393543  -25.776471278   17.720358295
    0.872664626    0.349065850   19.623868026   -5.264533193   22.455798671
    1.047197551    0.349065850   20.953821264   20.779756314   26.162647826
    1.221730476    0.349065850   26.820720120   45.603766157   27.992849819
    1.396263402    0.349065850   36.448978161   63.060966803   27.632751626
    1.570796327    0.349065850   48.193783738   69.506576885   25.369100874
    1.745329252    0.349065850   60.038934382   64.353496223   21.891359474
    1.919862177    0.349065850   70.086828667   49.349340824   17.988310501
    2.094395102    0.349065850   76.876326211   27.568813933   14.287722991
    2.268928028    0.349065850   79.529459350    2.552080644   11.129382406
    2.443460953    0.349065850   77.788683047  -22.199420441    8.575972551
    2.617993878    0.349065850   71.994752120  -43.425389437    6.499228807
    2.792526803    0.349065850   63.028553903  -58.118784541    4.692437229
    2.967059728    0.349065850   52.234129157  -64.146545389    2.984261612

   -3.141592654    0.698131701   42.626674441  -63.026533073   -0.514184237
   -2.967059728    0.698131701   32.490913231  -52.120140651   -0.858106892
   -2.792526803    0.698131701   24.686233126  -37.054744129   -0.941042539
   -2.617993878    0.698131701   19.526700828  -22.593845465   -0.879057392
   -2.443460953    0.698131701   16.519862577  -12.915789413   -0.812354462
   -2.268928028    0.698131701   14.623648641   -9.925253958   -0.876604204
   -2.094395102    0.698131701   12.722670109  -12.549482757   -1.148524207
   -1.919862177    0.698131701   10.126091421  -17.137690700   -1.594518832
   -1.745329252    0.698131701    6.904971226  -18.935405692   -2.062640167
   -1.570796327    0.698131701    3.907090329  -14.140137377   -2.331276038
   -1.396263402    0.698131701    2.416945520   -1.800357841   -2.218500117
   -1.221730476    0.698131701    3.578183064   15.511259741   -1.679745559
   -1.047197551    0.698131701    7.837648340   32.764181267   -0.843034836
   -0.872664626    0.698131701   14.716742064   44.750727291    0.062870662
   -0.698131701    0.698131701   22.979248920   48.294012344    0.849324067
   -0.523598776    0.698131701   31.079053020   43.071007663    1.499893111
   -0.349065850    0.698131701   37.620352811   30.875799665    2.225079401
   -0.174532925    0.698131701   41.629392665   14.537027419    3.389879507
    0.000000000    0.698131701   42.657267224   -2.717748045    5.383394691
    0.174532925    0.698131701   40.840674059  -17.451801155    8.469297659
    0.349065850    0.698131701   36.938275425  -26.060315227   12.642484912
    0.523598776    0.698131701   32.298292635  -25.534841520   17.543830501
    0.698131701    0.698131701   28.643085067  -14.868834680   22.470852764
    0.872664626    0.698131701   27.615195590    4.005445454   26.520752962
    1.047197551    0.698131701   30.268289409   26.406855706   28.874269611
    1.221730476    0.698131701   36.714770122   46.556404594   29.091002440
    1.396263402    0.698131701   46.110572664   59.591963230   27.243682899
    1.570796327    0.698131701   56.952591405   62.902494880   23.848542847
    1.745329252    0.698131701   67.497953694   56.356822789   19.626131659
    1.919862177    0.698131701   76.147301305   41.545960851   15.257920443
    2.094395102    0.698131701   81.672403320   20.998352319   11.228287272
    2.268928028    0.698131701   83.319030794   -2.398400144    7.790863062
    2.443460953    0.698131701   80.846714195  -25.692105248    5.017512906
    2.617993878    0.698131701   74.536774467  -45.938613272    2.873533671
    2.792526803    0.698131701   65.177229709  -60.187886304    1.284302883
    2.967059728    0.698131701   54.026616080  -66.181865975    0.174872812

   -3.141592654    1.047197551   41.295144779  -62.729302839   -5.329727844
   -2.967059728    1.047197551   31.298759509  -50.871442611   -4.447596061
   -2.792526803    1.047197551   23.763185878  -35.295000303   -3.235446512
   -2.617993878    1.047197551   18.919232384  -20.810199516   -1.959808521
   -2.443460953    1.047197551   16.194447595  -11.517781683   -0.838855957
   -2.268928028    1.047197551   14.491288221   -9.126574052   -0.003155657
   -2.094395102    1.047197551   12.676270414  -12.342554599    0.517356322
   -1.919862177    1.047197551   10.075322834  -17.359242560    0.762984747
   -1.745329252    1.047197551    6.793684156  -19.374071767    0.785167414
   -1.570796327    1.047197551    3.711577081  -14.653692114    0.605301331
   -1.396263402    1.047197551    2.128183513   -2.365191442    0.212421683
   -1.221730476    1.047197551    3.182314915   14.829626041   -0.384348446
   -1.047197551    1.047197551    7.308800120   31.916034811   -1.092393936
   -0.872664626    1.047197551   14.030621912   43.827839092   -1.703183781
   -0.698131701    1.047197551   22.148809989   47.641024038   -1.912089066
   -0.523598776    1.047197551   30.200548636   43.294644997   -1.383576888
   -0.349065850    1.047197551   36.911581366   32.719955086    0.172420959
   -0.174532925    1.047197551   41.433659302   18.657334681    2.918505042
    0.000000000    1.047197551   43.405117607    3.986442338    6.833385740
    0.174532925    1.047197551   42.969969342   -8.424905067   11.673868044
    0.349065850    1.047197551   40.783376910  -15.639755146   16.953581334
    0.523598776    1.047197551   37.976304961  -15.240907412   21.978105694
    0.698131701    1.047197551   35.974839200   -6.512698461   25.956590379
    0.872664626    1.047197551   36.117825521    8.852313459   28.190218128
    1.047197551    1.047197551   39.244818134   26.943682163   28.297885938
    1.221730476    1.047197551   45.417201796   42.997087327   26.350267200
    1.396263402    1.047197551   53.907826443   53.005455481   22.813837710
    1.570796327    1.047197551   63.440267524   54.718125733   18.356203740
    1.745329252    1.047197551   72.514811681   47.867325537   13.605332234
    1.919862177    1.047197551   79.722305721   33.612696877    9.015352483
    2.094395102    1.047197551   83.944394810   14.039114997    4.848454123
    2.268928028    1.047197551   84.472038230   -8.251955891    1.249970873
    2.443460953    1.047197551   81.076587651  -30.409309633   -1.677294887
    2.617993878    1.047197551   74.045408311  -49.467120896   -3.839482735
    2.792526803    1.047197551   64.178947284  -62.441093637   -5.161052679
    2.967059728    1.047197551   52.748397892  -67.108790895   -5.631360302

   -3.141592654    1.396263402   36.418023536  -61.396290930  -10.840076760
   -2.967059728    1.396263402   26.805952633  -47.884449559   -9.236505677
   -2.792526803    1.396263402   19.890989410  -31.287200396   -7.267915015
   -2.617993878    1.396263402   15.783389209  -16.491556693   -5.291549410
   -2.443460953    1.396263402   13.792847454   -7.506749211   -3.540209559
   -2.268928028    1.396263402   12.733173771   -5.805665228   -2.079814243
   -2.094395102    1.396263402   11.425268934   -9.862648835   -0.849042335
   -1.919862177    1.396263402    9.180247173  -15.773033888    0.225557744
   -1.745329252    1.396263402    6.090903574  -18.788883845    1.113930320
   -1.570796327    1.396263402    3.010113182  -15.262808682    1.660384848
   -1.396263402    1.396263402    1.207309504   -4.275865217    1.681532763
   -1.221730476    1.396263402    1.829140616   11.855906100    1.140375658
   -1.047197551    1.396263402    5.394831378   28.616945669    0.268221793
   -0.872664626    1.396263402   11.593070446   41.328500964   -0.460344053
   -0.698131701    1.396263402   19.434029468   47.150149823   -0.486076291
   -0.523598776    1.396263402   27.646017262   45.737605805    0.633061103
   -0.349065850    1.396263402   35.072200736   38.478324495    3.087695089
   -0.174532925    1.396263402   40.872955700   27.445788341    6.784074271
    0.000000000    1.396263402   44.578490019   14.863366903   11.376874116
    0.174532925    1.396263402   46.118994713    3.049617900   16.320839709
    0.349065850    1.396263402   45.856847635   -5.376835028   20.919217457
    0.523598776    1.396263402   44.603979911   -7.955970116   24.416516516
    0.698131701    1.396263402   43.516138355   -3.466127085   26.155297365
    0.872664626    1.396263402   43.789529662    7.336198412   25.771909174
    1.047197551    1.396263402   46.300450016   21.599141449   23.346765736
    1.221730476    1.396263402   51.309890742   35.282478205   19.389844310
    1.396263402    1.396263402   58.363582926   44.485200006   14.634881006
    1.570796327    1.396263402   66.422632327   46.469751266    9.765877801
    1.745329252    1.396263402   74.114305797   40.277688125    5.210400509
    1.919862177    1.396263402   80.048305764   26.565346980    1.118831053
    2.094395102    1.396263402   83.070669778    7.317637883   -2.527442085
    2.268928028    1.396263402   82.451182944  -14.641142527   -5.748865150
    2.443460953    1.396263402   77.991203992  -36.134535297   -8.467221041
    2.617993878    1.396263402   70.057116277  -53.976240345  -10.497745804
    2.792526803    1.396263402   59.548385774  -65.200013516  -11.622748389
    2.967059728    1.396263402   47.812544915  -67.801369850  -11.719626566

   -3.141592654    1.745329252   30.214283009  -58.838779740  -16.989805666
   -2.967059728    1.745329252   21.197002778  -43.756069490  -15.620147115
   -2.792526803    1.745329252   15.076349904  -26.465106066  -13.708728411
   -2.617993878    1.745329252   11.810504395  -11.780373207  -11.543683762
   -2.443460953    1.745329252   10.594197401   -3.395047478   -9.317399232
   -2.268928028    1.745329252   10.190593977   -2.392028460   -7.084242828
   -2.094395102    1.745329252    9.425740476   -7.033486480   -4.792693905
   -1.919862177    1.745329252    7.628115404  -13.496173632   -2.401971180
   -1.745329252    1.745329252    4.873300049  -17.300279938   -0.009136981
   -1.570796327    1.745329252    1.954532589  -14.968081111    2.117599586
   -1.396263402    1.745329252    0.082680275   -5.364275772    3.655374302
   -1.221730476    1.745329252    0.419353229    9.792368854    4.439418150
   -1.047197551    1.745329252    3.615690065   26.660223994    4.627025510
   -0.872664626    1.745329252    9.584482325   40.884772225    4.678833145
   -0.698131701    1.745329252   17.568731720   49.384824607    5.163456757
   -0.523598776    1.745329252   26.444460264   51.116055460    6.506208795
   -0.349065850    1.745329252   35.063595469   46.641319102    8.822436439
   -0.174532925    1.745329252   42.458750441   37.328756645   11.901382713
    0.000000000    1.745329252   47.931103654   24.949266512   15.276852045
    0.174532925    1.745329252   51.126239244   11.632837217   18.328872659
    0.349065850    1.745329252   52.112924727    0.109743609   20.384947691
    0.523598776    1.745329252   51.459853749   -6.689491091   20.858166469
    0.698131701    1.745329252   50.196215210   -6.701905739   19.422609941
    0.872664626    1.745329252   49.559574758    0.352294454   16.172976923
    1.047197551    1.745329252   50.636268218   12.449360731   11.655624421
    1.221730476    1.745329252   53.993753204   25.779951914    6.695790930
    1.396263402    1.745329252   59.463235715   35.992490414    2.075655044
    1.570796327    1.745329252   66.171364284   39.486085348   -1.749817737
    1.745329252    1.745329252   72.758415053   34.507747298   -4.756774935
    1.919862177    1.745329252   77.742547267   21.336179239   -7.223666716
    2.094395102    1.745329252   79.856503320    2.088270199   -9.496344687
    2.268928028    1.745329252   78.313719229  -19.950203851  -11.766462908
    2.443460953    1.745329252   72.948691434  -41.080026203  -13.983678468
    2.617993878    1.745329252   64.237364545  -57.781468441  -15.894358870
    2.792526803    1.745329252   53.218847605  -67.115142365  -17.166073409
    2.967059728    1.745329252   41.346088944  -67.418112483  -17.553205576

   -3.141592654    2.094395102   23.253469256  -57.412335140  -18.411462846
   -2.967059728    2.094395102   14.611917080  -40.959901898  -17.131256774
   -2.792526803    2.094395102    9.060544831  -22.836231614  -15.235596282
   -2.617993878    2.094395102    6.465284143   -7.791182299  -12.966117993
   -2.443460953    2.094395102    5.956764263    0.704075648  -10.483636968
   -2.268928028    2.094395102    6.278350723    1.833483867   -7.815745127
   -2.094395102    2.094395102    6.272497324   -2.545861906   -4.881239746
   -1.919862177    2.094395102    5.284116905   -8.738157401   -1.610852592
   -1.745329252    2.094395102    3.364538053  -12.571422790    1.905647818
   -1.570796327    2.094395102    1.230448822  -10.810124459    5.360889214
   -1.396263402    2.094395102    0.000000000   -2.231805719    8.336177701
   -1.221730476    2.094395102    0.791045838   11.905955147   10.523772810
   -1.047197551    2.094395102    4.307736445   28.347870315   11.912871675
   -0.872664626    2.094395102   10.601018233   43.071156552   12.795409078
   -0.698131701    2.094395102   19.070591980   52.857526106   13.582611330
   -0.523598776    2.094395102   28.687296136   56.113497238   14.564642134
   -0.349065850    2.094395102   38.286408181   52.747593039   15.756522087
   -0.174532925    2.094395102   46.776698277   43.574429624   16.906510601
    0.000000000    2.094395102   53.259812873   30.057430680   17.588631326
    0.174532925    2.094395102   57.150623661   14.279923899   17.322115714
    0.349065850    2.094395102   58.303127531   -0.779006030   15.694428672
    0.523598776    2.094395102   57.144868022  -11.595018748   12.506953642
    0.698131701    2.094395102   54.697304542  -15.198976038    7.919360651
    0.872664626    2.094395102   52.358899862  -10.348785095    2.513446419
    1.047197551    2.094395102   51.517851639    1.515626063   -2.829483078
    1.221730476    2.094395102   53.084681959   16.445924241   -7.237071054
    1.396263402    2.094395102   57.145875625   29.267477292  -10.193111138
    1.570796327    2.094395102   62.908675278   35.281243665  -11.722209414
    1.745329252    2.094395102   68.917595779   31.898452433  -12.311038814
    1.919862177    2.094395102   73.498247652   19.142313521  -12.629160395
    2.094395102    2.094395102   75.197619755   -0.553461004  -13.222514764
    2.268928028    2.094395102   73.131588295  -23.278307695  -14.318610660
    2.443460953    2.094395102   67.149563418  -44.710612283  -15.805255344
    2.617993878    2.094395102   57.831088442  -60.955309952  -17.331671237
    2.792526803    2.094395102   46.354021004  -69.075641875  -18.468309728
    2.967059728    2.094395102   34.281513288  -67.697825636  -18.878176054

   -3.141592654    2.443460953   17.096117973  -56.653978981  -12.304594516
   -2.967059728    2.443460953    8.705269648  -38.882240760  -11.032966321
   -2.792526803    2.443460953    3.615259888  -19.683148882   -9.355346777
   -2.617993878    2.443460953    1.645657885   -3.814154565   -7.419215464
   -2.443460953    2.443460953    1.892537252    5.370074926   -5.285030828
   -2.268928028    2.443460953    3.090667711    7.222478871   -2.888478275
   -2.094395102    2.443460953    4.096908959    3.670890286   -0.067525307
   -1.919862177    2.443460953    4.265298150   -1.735447643    3.324094928
   -1.745329252    2.443460953    3.612401714   -5.159451876    7.263810329
   -1.570796327    2.443460953    2.759723375   -3.674414491   11.468434866
   -1.396263402    2.443460953    2.698176900    3.917721251   15.453685393
   -1.221730476    2.443460953    4.446716134   16.700449634   18.723509257
   -1.047197551    2.443460953    8.689360275   31.927896934   20.975957317
   -0.872664626    2.443460953   15.535303207   45.908421170   22.183737416
   -0.698131701    2.443460953   24.467414485   55.365525931   22.506285481
   -0.523598776    2.443460953   34.497777958   58.302053929   22.120640152
   -0.349065850    2.443460953   44.421558377   54.166673795   21.085293028
   -0.174532925    2.443460953   53.037641861   43.453534508   19.324253381
    0.000000000    2.443460953   59.304395776   27.565285005   16.680240326
    0.174532925    2.443460953   62.505691945    8.792703418   13.001321979
    0.349065850    2.443460953   62.423166554   -9.415723112    8.243807630
    0.523598776    2.443460953   59.516452310  -22.826797496    2.586567034
    0.698131701    2.443460953   54.974929365  -27.663803444   -3.486721326
    0.872664626    2.443460953   50.491600391  -22.111157857   -9.208176485
    1.047197551    2.443460953   47.801231143   -7.632220013  -13.725698123
    1.221730476    2.443460953   48.092363115   11.081259034  -16.421877480
    1.396263402    2.443460953   51.554651787   27.670818064  -17.173467997
    1.570796327    2.443460953   57.292449186   36.351301583  -16.400776574
    1.745329252    2.443460953   63.601505713   33.996192473  -14.862850062
    1.919862177    2.443460953   68.524997185   20.774362227  -13.340532977
    2.094395102    2.443460953   70.398431655   -0.261820467  -12.363244699
    2.268928028    2.443460953   68.251407766  -24.453159260  -12.095544243
    2.443460953    2.443460953   61.967910120  -46.871261527  -12.380841244
    2.617993878    2.443460953   52.242609422  -63.307144434  -12.872442501
    2.792526803    2.443460953   40.396238111  -70.837787561  -13.185725957
    2.967059728    2.443460953   28.111036167  -68.313675054  -13.036765981

   -3.141592654    2.792526803   14.521135270  -55.430448503    1.276256304
   -2.967059728    2.792526803    6.383440969  -37.224778747    2.822825951
   -2.792526803    2.792526803    1.617139162  -17.642547995    4.245145981
   -2.617993878    2.792526803    0.039919532   -1.342980653    5.539893153
   -2.443460953    2.792526803    0.769012714    8.464196862    6.835623834
   -2.268928028    2.792526803    2.585036155   11.264042969    8.371453510
   -2.094395102    2.792526803    4.406013192    9.011727593   10.426182978
   -1.919862177    2.792526803    5.635084576    5.076911381   13.202306597
   -1.745329252    2.792526803    6.286859370    2.895725022   16.695502279
   -1.570796327    2.792526803    6.900894121    4.921124831   20.613532525
   -1.396263402    2.792526803    8.314120224   12.040235602   24.422415850
   -1.221730476    2.792526803   11.365456557   23.360305805   27.507720946
   -1.047197551    2.792526803   16.591282118   36.459502570   29.379880932
   -0.872664626    2.792526803   24.020337625   48.043157745   29.799469368
   -0.698131701    2.792526803   33.113293849   55.082706836   28.770536954
   -0.523598776    2.792526803   42.884047320   55.603312837   26.440759125
   -0.349065850    2.792526803   52.122490555   48.997188389   22.989848760
   -0.174532925    2.792526803   59.615684198   35.754098419   18.588172547
    0.000000000    2.792526803   64.322336049   17.420528504   13.399838892
    0.174532925    2.792526803   65.565440639   -3.408200373    7.608154182
    0.349065850    2.792526803   63.229351596  -22.860398702    1.469133241
    0.523598776    2.792526803   57.956430490  -36.243125812   -4.630867111
    0.698131701    2.792526803   51.191673054  -39.428206733  -10.148739900
    0.872664626    2.792526803   44.917437712  -30.616256295  -14.447845583
    1.047197551    2.792526803   41.109640424  -11.820500104  -16.990851577
    1.221730476    2.792526803   41.058976935   11.281789395  -17.573688975
    1.396263402    2.792526803   44.873131910   31.274700286  -16.439646928
    1.570796327    2.792526803   51.418391278   41.716479506  -14.197276907
    1.745329252    2.792526803   58.691737815   39.439453280  -11.563968344
    1.919862177    2.792526803   64.480202913   25.112797800   -9.112366683
    2.094395102    2.792526803   66.974682170    2.504659880   -7.120372357
    2.268928028    2.792526803   65.180838004  -23.104774147   -5.583198292
    2.443460953    2.792526803   59.045487627  -46.422300212   -4.320622263
    2.617993878    2.792526803   49.364405948  -63.154940005   -3.110287594
    2.792526803    2.792526803   37.554756411  -70.515177382   -1.785366833
    2.967059728    2.792526803   25.362057961  -67.568592177   -0.300781413
