#! FIELDS phi psi file.free der_phi der_psi
#! SET min_phi -pi
#! SET max_phi pi
#! SET nbins_phi  36
#! SET periodic_phi true
#! SET min_psi -pi
#! SET max_psi pi
#! SET nbins_psi  18
#! SET periodic_psi true
   -3.141592654   -3.141592654   17.444634357  -53.014137496   17.237189142
   -2.967059728   -3.141592654    9.648233757  -35.731921647   19.357058296
   -2.792526803   -3.141592654    5.072731025  -16.896731444   20.654471528
   -2.617993878   -3.141592654    3.592809079   -0.878927885   21.228861872
   -2.443460953   -3.141592654    4.426124852    9.307402324   21.409814326
   -2.268928028   -3.141592654    6.472858820   13.165175139   21.665806026
   -2.094395102   -3.141592654    8.758203532   12.492295836   22.452470500
   -1.919862177   -3.141592654   10.749841130   10.333537489   24.056958435
   -1.745329252   -3.141592654   12.458123784    9.660118631   26.482868893
   -1.570796327   -3.141592654   14.331679035   12.425016080   29.403342311
   -1.396263402   -3.141592654   17.037400216   19.139222559   32.226153614
   -1.221730476   -3.141592654   21.199819369   28.800229158   34.249132107
   -1.047197551   -3.141592654   27.149650133   39.176306328   34.867607741
   -0.872664626   -3.141592654   34.762794810   47.367969513   33.728702919
   -0.698131701   -3.141592654   43.420794286   50.774083968   30.787461788
   -0.523598776   -3.141592654   52.129032671   47.788009239   26.257238908
   -0.349065850   -3.141592654   59.727622239   38.122738951   20.508813508
   -0.174532925   -3.141592654   65.107582004   22.566133625   13.998709421
    0.000000000   -3.141592654   67.382155288    2.928845011    7.217957771
    0.174532925   -3.141592654   66.070002859  -17.975795674    0.645096460
    0.349065850   -3.141592654   61.281741463  -36.158391756   -5.271675748
    0.523598776   -3.141592654   53.895544831  -46.944891549  -10.130393680
    0.698131701   -3.141592654   45.571203044  -46.436996752  -13.592148052
    0.872664626   -3.141592654   38.441075656  -33.364108763  -15.422291399
    1.047197551   -3.141592654   34.515627333  -10.512636245  -15.580204334
    1.221730476   -3.141592654   34.979875736   15.676768101  -14.290619628
    1.396263402   -3.141592654   39.727956654   37.347583839  -12.002330681
    1.570796327   -3.141592654   47.379657190   48.147708335   -9.241623721
    1.745329252   -3.141592654   55.740412004   45.388472456   -6.413137939
    1.919862177   -3.141592654   62.502507005   30.327030503   -3.693981376
    2.094395102   -3.141592654   65.851927251    7.131908924   -1.040944304
    2.268928028   -3.141592654   64.834473739  -18.793788631    1.696777860
    2.443460953   -3.141592654   59.439380787  -42.240319784    4.652417496
    2.617993878   -3.141592654   50.480023237  -59.084233644    7.853128596
    2.792526803   -3.141592654   39.361054219  -66.722677487   11.190684043
    2.967059728   -3.141592654   27.787840742  -64.332175929   14.422848769

   -3.141592654   -2.792526803   25.030871683  -48.619518127   25.213996955
   -2.967059728   -2.792526803   17.828806432  -33.342073260   27.109016164
   -2.792526803   -2.792526803   13.500809514  -16.391663753   27.930712145
   -2.617993878   -2.792526803   11.984697849   -1.668335628   27.938637624
   -2.443460953   -2.792526803   12.633770988    8.152420498   27.602592593
   -2.268928028   -2.792526803   14.520761025   12.645550267   27.461979456
   -2.094395102   -2.792526803   16.832083911   13.411165109   27.945545956
   -1.919862177   -2.792526803   19.140931464   13.071909263   29.227291559
   -1.745329252   -2.792526803   21.475578273   14.016564126   31.161171374
   -1.570796327   -2.792526803   24.194663376   17.577705543   33.291708203
   -1.396263402   -2.792526803   27.774730815   23.760941859   34.960863516
   -1.221730476   -2.792526803   32.584705223   31.363017022   35.471592064
   -1.047197551   -2.792526803   38.701619995   38.360189786   34.290920934
   -0.872664626   -2.792526803   45.817600510   42.434428594   31.193549529
   -0.698131701   -2.792526803   53.249340727   41.732749886   26.310695157
   -0.523598776   -2.792526803   60.067402066   35.344852788   20.064871893
   -0.349065850   -2.792526803   65.283626866   23.507826027   13.040273488
   -0.174532925   -2.792526803   68.032301835    7.303603404    5.868764785
    0.000000000   -2.792526803   67.700383130  -11.422589493   -0.848278747
    0.174532925   -2.792526803   64.064475267  -30.044990935   -6.605340955
    0.349065850   -2.792526803   57.443143148  -44.960104154  -11.018768120
    0.523598776   -2.792526803   48.845268941  -51.979981937  -13.857122869
    0.698131701   -2.792526803   39.973372292  -47.707453485  -15.060082351
    0.872664626   -2.792526803   32.916341108  -31.358715478  -14.744938250
    1.047197551   -2.792526803   29.562582629   -6.128144336  -13.212209099
    1.221730476   -2.792526803   30.918480456   21.337281271  -10.898746607
    1.396263402   -2.792526803   36.689698365   43.276419041   -8.253391650
    1.570796327   -2.792526803   45.351808326   53.751010236   -5.591661145
    1.745329252   -2.792526803   54.653278060   50.598225013   -2.991941397
    1.919862177   -2.792526803   62.314026241   35.494947913   -0.320777984
    2.094395102   -2.792526803   66.597344762   12.732920701    2.651663947
    2.268928028   -2.792526803   66.620582809  -12.451912913    6.098971822
    2.443460953   -2.792526803   62.398758565  -35.184627197   10.031559692
    2.617993878   -2.792526803   54.708655019  -51.688052842   14.268743785
    2.792526803   -2.792526803   44.865925484  -59.626419770   18.480692494
    2.967059728   -2.792526803   34.453065644  -58.270076926   22.257698487

   -3.141592654   -2.443460953   33.653737634  -44.183744565   23.138279308
   -2.967059728   -2.443460953   27.050777452  -30.912090282   24.674559314
   -2.792526803   -2.443460953   22.988942242  -15.687669287   25.338103648
   -2.617993878   -2.443460953   21.493400272   -1.995686451   25.359998736
   -2.443460953   -2.443460953   22.062504700    7.719097865   25.092911488
   -2.268928028   -2.443460953   23.927615475   12.944118506   24.910761098
   -2.094395102   -2.443460953   26.392118891   14.900778946   25.080063255
   -1.919862177   -2.443460953   29.062482806   15.664876862   25.655889278
   -1.745329252   -2.443460953   31.900888922   17.046357123   26.447984513
   -1.570796327   -2.443460953   35.107956834   19.937265869   27.048455454
   -1.396263402   -2.443460953   38.946410206   24.154928347   26.940532075
   -1.221730476   -2.443460953   43.567038049   28.658219827   25.637897293
   -1.047197551   -2.443460953   48.889413697   31.924277797   22.844963150
   -0.872664626   -2.443460953   54.557186461   32.362943194   18.549624078
   -0.698131701   -2.443460953   59.966891082   28.829230817   13.034407414
   -0.523598776   -2.443460953   64.377280260   20.910955651    6.795826251
   -0.349065850   -2.443460953   67.048713392    9.036587085    0.420221931
   -0.174532925   -2.443460953   67.371904670   -5.792177972   -5.522115432
    0.000000000   -2.443460953   64.956934098  -22.040609336  -10.544434305
    0.174532925   -2.443460953   59.736499855  -37.498637993  -14.304132550
    0.349065850   -2.443460953   52.109265233  -49.018823838  -16.621768421
    0.523598776   -2.443460953   43.088342045  -52.818607057  -17.494436769
    0.698131701   -2.443460953   34.316773725  -45.809606404  -17.078265306
    0.872664626   -2.443460953   27.777598739  -27.440573356  -15.646265147
    1.047197551   -2.443460953   25.221923557   -1.032828355  -13.545259281
    1.221730476   -2.443460953   27.509678522   26.809443387  -11.127117934
    1.396263402   -2.443460953   34.225822261   48.573890001   -8.653610051
    1.570796327   -2.443460953   43.783879498   58.735782697   -6.223950383
    1.745329252   -2.443460953   53.944993269   55.530454091   -3.756116041
    1.919862177   -2.443460953   62.496942118   40.852049183   -1.063151428
    2.094395102   -2.443460953   67.785233129   18.936193631    2.035044985
    2.268928028   -2.443460953   68.978181334   -5.271199917    5.601739228
    2.443460953   -2.443460953   66.081308543  -27.265142309    9.533566253
    2.617993878   -2.443460953   59.799700484  -43.586553654   13.578429160
    2.792526803   -2.443460953   51.334423432  -52.083237237   17.404226682
    2.967059728   -2.443460953   42.137067558  -52.016224252   20.677521780

   -3.141592654   -2.094395102   40.022867824  -40.742217272   13.846762856
   -2.967059728   -2.094395102   33.902918069  -28.811787672   14.781813244
   -2.792526803   -2.094395102   30.103078889  -14.738945105   15.293604539
   -2.617993878   -2.094395102   28.699301759   -1.819369488   15.500118349
   -2.443460953   -2.094395102   29.267490714    7.612332042   15.526757937
   -2.268928028   -2.094395102   31.120600503   12.967364871   15.482706668
   -2.094395102   -2.094395102   33.613548745   15.197368944   15.416868349
   -1.919862177   -2.094395102   36.344836980   15.997107566   15.271940503
   -1.745329252   -2.094395102   39.201896071   16.805152278   14.872853245
   -1.570796327   -2.094395102   42.257458882   18.308669699   13.951959248
   -1.396263402   -2.094395102   45.632147686   20.363293521   12.233149586
   -1.221730476   -2.094395102   49.364322704   22.242414288    9.528215378
   -1.047197551   -2.094395102   53.336179922   22.929035428    5.837000753
   -0.872664626   -2.094395102   57.249675011   21.406555297    1.380298253
   -0.698131701   -2.094395102   60.649882448   16.966900525   -3.438497663
   -0.523598776   -2.094395102   63.000811260    9.391861104   -8.135250498
   -0.349065850   -2.094395102   63.777078472   -0.979733204  -12.263986158
   -0.174532925   -2.094395102   62.548370834  -13.438235160  -15.505027165
    0.000000000   -2.094395102   59.040327925  -26.881880416  -17.698938413
    0.174532925   -2.094395102   53.221182516  -39.546757049  -18.857884879
    0.349065850   -2.094395102   45.453282457  -48.660730797  -19.124372418
    0.523598776   -2.094395102   36.661288893  -50.656793775  -18.715130286
    0.698131701   -2.094395102   28.377038641  -42.481223875  -17.846756415
    0.872664626   -2.094395102   22.477774174  -23.510411798  -16.673295971
    1.047197551   -2.094395102   20.628382421    3.077741320  -15.272109828
    1.221730476   -2.094395102   23.631106070   30.872206491  -13.661936910
    1.396263402   -2.094395102   31.050301364   52.581122684  -11.818643971
    1.570796327   -2.094395102   41.316731571   62.888821426   -9.700029381
    1.745329252   -2.094395102   52.237990761   60.130836986   -7.263605708
    1.919862177   -2.094395102   61.652111437   46.151249663   -4.500505565
    2.094395102   -2.094395102   67.933564465   24.998194757   -1.458956800
    2.268928028   -2.094395102   70.240789634    1.375656893    1.740914539
    2.443460953   -2.094395102   68.529593032  -20.409937976    4.917248489
    2.617993878   -2.094395102   63.428742548  -36.998700999    7.863239389
    2.792526803   -2.094395102   56.056075932  -46.231390567   10.396227941
    2.967059728   -2.094395102   47.789758933  -47.269133928   12.402318270

   -3.141592654   -1.745329252   42.035918525  -39.446547440    5.076043560
   -2.967059728   -1.745329252   36.117288179  -27.780154986    5.522521994
   -2.792526803   -1.745329252   32.483106559  -13.871455725    5.891906317
   -2.617993878   -1.745329252   31.214543295   -1.155443218    6.155280130
   -2.443460953   -1.745329252   31.872472736    7.951553945    6.208603268
   -2.268928028   -1.745329252   33.743766697   12.805397238    5.915349285
   -2.094395102   -1.745329252   36.147250584   14.286191808    5.138567916
   -1.919862177   -1.745329252   38.630067303   13.998647363    3.760601569
   -1.745329252   -1.745329252   41.014418968   13.321174528    1.709848562
   -1.570796327   -1.745329252   43.307126471   13.018025564   -1.008069030
   -1.396263402   -1.745329252   45.593227224   13.202955217   -4.275054418
   -1.221730476   -1.745329252   47.934992866   13.575305120   -7.864338655
   -1.047197551   -1.745329252   50.318655862   13.568023286  -11.470899822
   -0.872664626   -1.745329252   52.619246942   12.484742252  -14.771021720
   -0.698131701   -1.745329252   54.585816382    9.641245902  -17.475545699
   -0.523598776   -1.745329252   55.863838625    4.535978417  -19.368771453
   -0.349065850   -1.745329252   56.038242114   -3.002147175  -20.335914268
   -0.174532925   -1.745329252   54.693229851  -12.817064551  -20.389703348
    0.000000000   -1.745329252   51.478400502  -24.283281325  -19.688440533
    0.174532925   -1.745329252   46.217438159  -35.911697558  -18.534261783
    0.349065850   -1.745329252   39.102444013  -44.958802860  -17.302671728
    0.523598776   -1.745329252   30.906793181  -47.612553734  -16.323565829
    0.698131701   -1.745329252   23.072477078  -40.374012375  -15.752046830
    0.872664626   -1.745329252   17.469647383  -22.154316481  -15.502259293
    1.047197551   -1.745329252   15.827465574    4.189524778  -15.295212605
    1.221730476   -1.745329252   19.047502622   32.334855500  -14.793039634
    1.396263402   -1.745329252   26.788564462   54.853751358  -13.730672683
    1.570796327   -1.745329252   37.539717536   66.169434371  -12.009027778
    1.745329252   -1.745329252   49.118391904   64.338557974   -9.703564054
    1.919862177   -1.745329252   59.327964178   50.985547366   -7.025047020
    2.094395102   -1.745329252   66.478536817   30.039416131   -4.245387913
    2.268928028   -1.745329252   69.652117492    6.184477893   -1.630001807
    2.443460953   -1.745329252   68.732656327  -16.203445622    0.614911769
    2.617993878   -1.745329252   64.295558884  -33.624968848    2.375207494
    2.792526803   -1.745329252   57.434923129  -43.731842822    3.639702804
    2.967059728   -1.745329252   49.539439128  -45.502197005    4.495340874

   -3.141592654   -1.396263402   41.204300825  -39.503744638    0.888349904
   -2.967059728   -1.396263402   35.298198767  -27.577344657    0.759749255
   -2.792526803   -1.396263402   31.718176413  -13.502979087    0.657480825
   -2.617993878   -1.396263402   30.502717194   -0.998390319    0.519980528
   -2.443460953   -1.396263402   31.132411511    7.381571471    0.176952986
   -2.268928028   -1.396263402   32.803364365   11.007110929   -0.604649152
   -2.094395102   -1.396263402   34.757357370   10.888900021   -2.068568809
   -1.919862177   -1.396263402   36.494677308    8.849957288   -4.398136360
   -1.745329252   -1.396263402   37.835492696    6.562857738   -7.630423117
   -1.570796327   -1.396263402   38.842110235    5.155477348  -11.581757737
   -1.396263402   -1.396263402   39.719128770    5.082921890  -15.837867654
   -1.221730476   -1.396263402   40.697041360    6.245093875  -19.842885457
   -1.047197551   -1.396263402   41.944237534    8.020484830  -23.049361334
   -0.872664626   -1.396263402   43.486842163    9.428971852  -25.056506278
   -0.698131701   -1.396263402   45.160825023    9.353620696  -25.677805239
   -0.523598776   -1.396263402   46.622158928    6.867516433  -24.936939741
   -0.349065850   -1.396263402   47.396538056    1.434233733  -23.038730543
   -0.174532925   -1.396263402   46.952807625   -7.075639400  -20.343764715
    0.000000000   -1.396263402   44.781372599  -18.250905775  -17.338888038
    0.174532925   -1.396263402   40.518660043  -30.684476697  -14.568936476
    0.349065850   -1.396263402   34.174642366  -41.479214046  -12.507011195
    0.523598776   -1.396263402   26.394370290  -46.363559369  -11.406192090
    0.698131701   -1.396263402   18.593670783  -41.151103192  -11.204498470
    0.872664626   -1.396263402   12.738513958  -24.087801781  -11.547102977
    1.047197551   -1.396263402   10.747881009    2.328256699  -11.929811723
    1.221730476   -1.396263402   13.736800730   31.696647120  -11.896313489
    1.396263402   -1.396263402   21.527525553   56.108365891  -11.180823903
    1.570796327   -1.396263402   32.669404049   69.332505091   -9.760596243
    1.745329252   -1.396263402   44.930090222   68.853622187   -7.812041137
    1.919862177   -1.396263402   55.984304828   55.988071935   -5.621777831
    2.094395102   -1.396263402   63.987165469   34.666973132   -3.491868105
    2.268928028   -1.396263402   67.888292619    9.812965493   -1.670112898
    2.443460953   -1.396263402   67.492123760  -13.849882196   -0.310185092
    2.617993878   -1.396263402   63.357214444  -32.478845833    0.541198874
    2.792526803   -1.396263402   56.614796842  -43.451681341    0.932550670
    2.967059728   -1.396263402   48.728136803  -45.615647454    0.995176929

   -3.141592654   -1.047197551   38.564217500  -41.557388367    2.201761900
   -2.967059728   -1.047197551   32.344871822  -29.082799135    1.057365307
   -2.792526803   -1.047197551   28.557421898  -14.394850683   -0.195629452
   -2.617993878   -1.047197551   27.222165198   -1.555570034   -1.502226079
   -2.443460953   -1.047197551   27.744831487    6.603213565   -2.920523560
   -2.268928028   -1.047197551   29.209995055    9.311904571   -4.622948993
   -2.094395102   -1.047197551   30.740347016    7.644410251   -6.857048770
   -1.919862177   -1.047197551   31.748817918    3.723623032   -9.834382084
   -1.745329252   -1.047197551   32.040545309   -0.249749557  -13.577982335
   -1.570796327   -1.047197551   31.766949641   -2.515476880  -17.798491461
   -1.396263402   -1.047197551   31.324214221   -2.124914862  -21.905687776
   -1.221730476   -1.047197551   31.191210557    0.945631905  -25.173190055
   -1.047197551   -1.047197551   31.765170148    5.740450890  -26.988244873
   -0.872664626   -1.047197551   33.213304134   10.640457567  -27.039771166
   -0.698131701   -1.047197551   35.392012040   13.830915517  -25.372441570
   -0.523598776   -1.047197551   37.866756100   13.833063957  -22.320693731
   -0.349065850   -1.047197551   39.992128640    9.738374628  -18.400231225
   -0.174532925   -1.047197551   41.017446158    1.220924839  -14.210563179
    0.000000000   -1.047197551   40.194341876  -11.312436970  -10.347581169
    0.174532925   -1.047197551   36.941432033  -26.197464306   -7.288415535
    0.349065850   -1.047197551   31.123141244  -39.968340543   -5.276856938
    0.523598776   -1.047197551   23.360414943  -47.567996619   -4.259029742
    0.698131701   -1.047197551   15.183300173  -44.053898636   -3.927997708
    0.872664626   -1.047197551    8.778122336  -27.252583354   -3.868754335
    1.047197551   -1.047197551    6.314649766    0.251375616   -3.727190813
    1.221730476   -1.047197551    9.102580681   31.539155151   -3.312948156
    1.396263402   -1.047197551   17.047772014   57.988191533   -2.594296821
    1.570796327   -1.047197551   28.662894975   72.743904105   -1.632986652
    1.745329252   -1.047197551   41.591968105   72.938941267   -0.520640009
    1.919862177   -1.047197551   53.351237092   59.836051399    0.650285669
    2.094395102   -1.047197551   61.950604340   37.556381454    1.781334391
    2.268928028   -1.047197551   66.240318200   11.338161786    2.760547162
    2.443460953   -1.047197551   65.983453066  -13.759113199    3.468143349
    2.617993878   -1.047197551   61.752558180  -33.618634065    3.797823371
    2.792526803   -1.047197551   54.733042556  -45.408501508    3.679644907
    2.967059728   -1.047197551   46.471490961  -47.878549330    3.121302993

   -3.141592654   -0.698131701   38.093732061  -45.428773652    2.346862769
   -2.967059728   -0.698131701   31.175766850  -33.149214091    0.220555406
   -2.792526803   -0.698131701   26.687740396  -18.311871766   -2.058922321
   -2.617993878   -0.698131701   24.692180055   -5.211458426   -4.326120723
   -2.443460953   -0.698131701   24.587146569    3.009418373   -6.543329908
   -2.268928028   -0.698131701   25.397027963    5.307016375   -8.829903962
   -2.094395102   -0.698131701   26.152396505    2.693956810  -11.413250282
   -1.919862177   -0.698131701   26.192289727   -2.423727067  -14.479094380
   -1.745329252   -0.698131701   25.327854887   -7.227622049  -17.985230291
   -1.570796327   -0.698131701   23.837027409   -9.258870855  -21.537088040
   -1.396263402   -0.698131701   22.343990852   -7.159974955  -24.450478587
   -1.221730476   -0.698131701   21.581809990   -1.050040581  -25.987017103
   -1.047197551   -0.698131701   22.128117541    7.460990382  -25.663257392
   -0.872664626   -0.698131701   24.193745941   15.894986483  -23.438303846
   -0.698131701   -0.698131701   27.536606184   21.716089745  -19.708330898
   -0.523598776   -0.698131701   31.524101512   23.042385337  -15.142951868
   -0.349065850   -0.698131701   35.269131331   18.856504207  -10.474977058
   -0.174532925   -0.698131701   37.783130073    8.964934601   -6.331649114
    0.000000000   -0.698131701   38.121445210   -5.860607943   -3.119633567
    0.174532925   -0.698131701   35.590035263  -23.381618292   -0.932414897
    0.349065850   -0.698131701   30.054393965  -39.433205922    0.454439171
    0.523598776   -0.698131701   22.252957988  -48.366659854    1.478243959
    0.698131701   -0.698131701   13.907294422  -45.012596156    2.572054378
    0.872664626   -0.698131701    7.393877958  -27.433967775    3.940798236
    1.047197551   -0.698131701    5.000367420    1.235871801    5.472669427
    1.221730476   -0.698131701    8.054130069   33.529215713    6.848401304
    1.396263402   -0.698131701   16.401903711   60.517905364    7.762486041
    1.570796327   -0.698131701   28.470354452   75.333244432    8.104868217
    1.745329252   -0.698131701   41.831714751   75.261326717    7.989407529
    1.919862177   -0.698131701   53.959238066   61.713810533    7.651352716
    2.094395102   -0.698131701   62.839009033   38.872827853    7.297734122
    2.268928028   -0.698131701   67.299976088   11.961670120    7.007194272
    2.443460953   -0.698131701   67.078606771  -13.998663455    6.714188422
    2.617993878   -0.698131701   62.718519779  -34.885661336    6.253444241
    2.792526803   -0.698131701   55.384264371  -47.744623391    5.431270519
    2.967059728   -0.698131701   46.630418427  -51.147407138    4.128028358

   -3.141592654   -0.349065850   38.714659119  -50.551058696    3.003987392
   -2.967059728   -0.349065850   30.848021346  -38.798352165    0.180966893
   -2.792526803   -0.349065850   25.367985546  -23.939639217   -2.798607602
   -2.617993878   -0.349065850   22.420349294  -10.458416997   -5.688570530
   -2.443460953   -0.349065850   21.435433410   -1.854048895   -8.377098470
   -2.268928028   -0.349065850   21.406735772    0.489729882  -10.929298667
   -2.094395102   -0.349065850   21.293352581   -2.497686776  -13.518606625
   -1.919862177   -0.349065850   20.382203978   -8.101698657  -16.252880286
   -1.745329252   -0.349065850   18.517594164  -12.858356909  -18.988923427
   -1.570796327   -0.349065850   16.130197639  -13.665262286  -21.255036806
   -1.396263402   -0.349065850   14.078102508   -8.931333965  -22.387409950
   -1.221730476   -0.349065850   13.315200083    0.815826712  -21.815241379
   -1.047197551   -0.349065850   14.519060274   13.059889823  -19.365420771
   -0.872664626   -0.349065850   17.828818731   24.332548102  -15.375044111
   -0.698131701   -0.349065850   22.782923831   31.447322586  -10.575929257
   -0.523598776   -0.349065850   28.458762756   32.382988569   -5.825025439
   -0.349065850   -0.349065850   33.694945279   26.409939268   -1.824161474
   -0.174532925   -0.349065850   37.307276144   13.912184618    1.054331363
    0.000000000   -0.349065850   38.272228779   -3.569614496    2.833744431
    0.174532925   -0.349065850   35.957789085  -23.003049040    3.920723209
    0.349065850   -0.349065850   30.416654353  -39.631172288    4.956288358
    0.523598776   -0.349065850   22.637239903  -47.718884146    6.557751176
    0.698131701   -0.349065850   14.549463665  -42.652435401    9.014232535
    0.872664626   -0.349065850    8.598730077  -23.463436974   12.097311836
    1.047197551   -0.349065850    6.972809523    5.843326570   15.138187079
    1.221730476   -0.349065850   10.792785846   37.496419485   17.357425733
    1.396263402   -0.349065850   19.706082945   62.933401263   18.242041905
    1.570796327   -0.349065850   32.041781388   76.009125649   17.758807736
    1.745329252   -0.349065850   45.398794090   74.646802627   16.294549000
    1.919862177   -0.349065850   57.356735280   60.502825953   14.416870712
    2.094395102   -0.349065850   66.014205884   37.598734926   12.609333137
    2.268928028   -0.349065850   70.261267260   10.778924663   11.109750072
    2.443460953   -0.349065850   69.826165422  -15.323183617    9.888808667
    2.617993878   -0.349065850   65.190286900  -36.812780342    8.722345288
    2.792526803   -0.349065850   57.436108489  -50.687611039    7.309032114
    2.967059728   -0.349065850   48.064661091  -55.272777105    5.422240639

   -3.141592654    0.000000000   40.010339420  -55.674981350    2.605451649
   -2.967059728    0.000000000   31.192002031  -44.487382855   -0.107992551
   -2.792526803    0.000000000   24.706667802  -29.676358694   -2.855645909
   -2.617993878    0.000000000   20.783652269  -15.852142668   -5.421585788
   -2.443460953    0.000000000   18.894791166   -6.830419250   -7.724423105
   -2.268928028    0.000000000   18.019642785   -4.276718577   -9.840933335
   -2.094395102    0.000000000   17.075274402   -7.265904134  -11.912059194
   -1.919862177    0.000000000   15.338831977  -12.714566504  -13.966905250
   -1.745329252    0.000000000   12.733434579  -16.552645894  -15.774085716
   -1.570796327    0.000000000    9.868534699  -15.222020020  -16.831505620
   -1.396263402    0.000000000    7.817684276   -7.203066625  -16.561951821
   -1.221730476    0.000000000    7.680902031    6.244295440  -14.610991657
   -1.047197551    0.000000000   10.113304085   21.503208967  -11.101858645
   -0.872664626    0.000000000   15.044872125   34.146759201   -6.654391570
   -0.698131701    0.000000000   21.686878399   40.641777608   -2.166566723
   -0.523598776    0.000000000   28.790903906   39.339023157    1.528203327
   -0.349065850    0.000000000   34.982633633   30.357570588    3.959618288
   -0.174532925    0.000000000   39.032643805   15.092987278    5.138625940
    0.000000000    0.000000000   40.041048388   -4.001272918    5.520001437
    0.174532925    0.000000000   37.632867265  -23.342597036    5.859660880
    0.349065850    0.000000000   32.168071270  -38.177892347    6.956412146
    0.523598776    0.000000000   24.881145543  -43.464386497    9.344821973
    0.698131701    0.000000000   17.775197797  -35.822797276   13.021406432
    0.872664626    0.000000000   13.142262910  -15.531406521   17.357047377
    1.047197551    0.000000000   12.844540023   12.775725035   21.312585448
    1.221730476    0.000000000   17.650955154   41.645577024   23.883020695
    1.396263402    0.000000000   26.983316026   63.574036514   24.515806536
    1.570796327    0.000000000   39.151004148   73.607131797   23.293486205
    1.745329252    0.000000000   51.910064993   70.436141673   20.799180039
    1.919862177    0.000000000   63.074779187   55.832135833   17.800452870
    2.094395102    0.000000000   70.949930724   33.413859798   14.934915888
    2.268928028    0.000000000   74.537891152    7.418114860   12.530246264
    2.443460953    0.000000000   73.574792199  -18.082579187   10.591828869
    2.617993878    0.000000000   68.470698027  -39.535628790    8.895714549
    2.792526803    0.000000000   60.200816609  -53.962711731    7.129795013
    2.967059728    0.000000000   50.178261488  -59.470244224    5.054942570

   -3.141592654    0.349065850   41.302898825  -60.164181005    1.575391919
   -2.967059728    0.349065850   31.664640474  -49.310646444   -0.132157668
   -2.792526803    0.349065850   24.340257312  -34.379646856   -1.731882131
   -2.617993878    0.349065850   19.634485329  -20.071240790   -3.153355076
   -2.443460953    0.349065850   17.059894179  -10.475014842   -4.413188452
   -2.268928028    0.349065850   15.588241525   -7.500330047   -5.611277249
   -2.094395102    0.349065850   14.105164218  -10.219542188   -6.845164122
   -1.919862177    0.349065850   11.885114864  -15.232570776   -8.084664389
   -1.745329252    0.349065850    8.921130224  -17.997927911   -9.092921243
   -1.570796327    0.349065850    5.962889594  -14.694565895   -9.465891175
   -1.396263402    0.349065850    4.228509986   -4.036191036   -8.817094400
   -1.221730476    0.349065850    4.875326196   11.963809891   -7.001630286
   -1.047197551    0.349065850    8.461565535   28.770840595   -4.264464523
   -0.872664626    0.349065850   14.680400812   41.339086846   -1.180716791
   -0.698131701    0.349065850   22.453542676   46.175268779    1.577998539
   -0.523598776    0.349065850   30.305433731   42.295186392    3.534613599
   -0.349065850    0.349065850   36.784504680   30.781040919    4.607802571
   -0.174532925    0.349065850   40.753080499   13.954799796    5.118244794
    0.000000000    0.349065850   41.540974010   -5.090847350    5.661998471
    0.174532925    0.349065850   39.077036158  -22.613769491    6.910954482
    0.349065850    0.349065850   34.002897858  -34.282193893    9.369646699
    0.523598776    0.349065850   27.706432303  -36.075379746   13.154137443
    0.698131701    0.349065850   22.129848358  -25.983541322   17.859943771
    0.872664626    0.349065850   19.275621358   -5.420238920   22.607641504
    1.047197551    0.349065850   20.581765113   20.658931358   26.328519252
    1.221730476    0.349065850   26.428107729   45.483194794   28.175553245
    1.396263402    0.349065850   36.032485500   62.904413125   27.830962666
    1.570796327    0.349065850   47.745808582   69.305664791   25.577379757
    1.745329252    0.349065850   59.554378117   64.145919123   22.104496664
    1.919862177    0.349065850   69.570957869   49.213560628   18.206264650
    2.094395102    0.349065850   76.349805288   27.597310583   14.517198365
    2.268928028    0.349065850   79.027845662    2.818888689   11.380946599
    2.443460953    0.349065850   77.356532147  -21.671448230    8.858021088
    2.617993878    0.349065850   71.674859896  -42.680239192    6.810767150
    2.792526803    0.349065850   62.850011255  -57.267019211    5.019210172
    2.967059728    0.349065850   52.203032061  -63.333250464    3.299668063

   -3.141592654    0.698131701   42.810746108  -62.502096671   -0.314532888
   -2.967059728    0.698131701   32.744887239  -51.838187046   -0.744229532
   -2.792526803    0.698131701   24.973533767  -36.931575596   -0.914877884
   -2.617993878    0.698131701   19.831735228  -22.489521819   -0.928933510
   -2.443460953    0.698131701   16.850767910  -12.709741882   -0.919102682
   -2.268928028    0.698131701   15.002650201   -9.583358596   -1.020362419
   -2.094395102    0.698131701   13.169133090  -12.135616379   -1.313559788
   -1.919862177    0.698131701   10.642406209  -16.772409903   -1.771020312
   -1.745329252    0.698131701    7.472251674  -18.732199743   -2.246601801
   -1.570796327    0.698131701    4.490851013  -14.158428608   -2.523740087
   -1.396263402    0.698131701    2.978123329   -2.034877407   -2.423869607
   -1.221730476    0.698131701    4.082806383   15.109060452   -1.902846825
   -1.047197551    0.698131701    8.261659678   32.254561561   -1.085219801
   -0.872664626    0.698131701   15.046163913   44.185061367   -0.192814993
   -0.698131701    0.698131701   23.208067208   47.713965642    0.594011469
   -0.523598776    0.698131701   31.208142979   42.515316622    1.265536635
   -0.349065850    0.698131701   37.657219218   30.380975690    2.034260688
   -0.174532925    0.698131701   41.587086999   14.127923622    3.260380712
    0.000000000    0.698131701   42.551071445   -3.041196152    5.322443137
    0.174532925    0.698131701   40.683627549  -17.715000026    8.471363546
    0.349065850    0.698131701   36.738209121  -26.291941809   12.693107078
    0.523598776    0.698131701   32.059475814  -25.745432390   17.626952041
    0.698131701    0.698131701   28.370145824  -15.044804310   22.575810133
    0.872664626    0.698131701   27.315722817    3.879901679   26.644452670
    1.047197551    0.698131701   29.950810428   26.322408915   29.018364310
    1.221730476    0.698131701   36.383361644   46.473786817   29.257130550
    1.396263402    0.698131701   45.761427607   59.466361906   27.430584330
    1.570796327    0.698131701   56.576462871   62.722216297   24.053191205
    1.745329252    0.698131701   67.088312390   56.165400808   19.847092432
    1.919862177    0.698131701   75.709586969   41.432942443   15.497689742
    2.094395102    0.698131701   81.229283858   21.064948444   11.492012600
    2.268928028    0.698131701   82.908783661   -2.079101173    8.081943797
    2.443460953    0.698131701   80.515437962  -25.110731621    5.332576029
    2.617993878    0.698131701   74.325583170  -45.161242932    3.198726104
    2.792526803    0.698131701   65.109438636  -59.348443750    1.595906749
    2.967059728    0.698131701   54.099069466  -65.439963521    0.443848604

   -3.141592654    1.047197551   41.534183827  -62.372512421   -5.221853679
   -2.967059728    1.047197551   31.577835683  -50.759547649   -4.432116245
   -2.792526803    1.047197551   24.047448488  -35.320739010   -3.301227349
   -2.617993878    1.047197551   19.198046097  -20.821685362   -2.089160726
   -2.443460953    1.047197551   16.481832248  -11.395218161   -1.014982933
   -2.268928028    1.047197551   14.814375358   -8.845035642   -0.214944224
   -2.094395102    1.047197551   13.057529612  -11.976246771    0.274836494
   -1.919862177    1.047197551   10.518730262  -17.035266811    0.491458024
   -1.745329252    1.047197551    7.281201686  -19.208061590    0.486909045
   -1.570796327    1.047197551    4.209470486  -14.704212370    0.285217731
   -1.396263402    1.047197551    2.598470448   -2.624224145   -0.121889876
   -1.221730476    1.047197551    3.592734785   14.414984850   -0.723671459
   -1.047197551    1.047197551    7.637876332   31.411460641   -1.427043189
   -0.872664626    1.047197551   14.267929125   43.290151403   -2.023690763
   -0.698131701    1.047197551   22.292709636   47.115753862   -2.209306888
   -0.523598776    1.047197551   30.256690637   42.820889300   -1.648610180
   -0.349065850    1.047197551   36.891826112   32.328680211   -0.052134070
   -0.174532925    1.047197551   41.353846855   18.361338815    2.740690970
    0.000000000    1.047197551   43.280828355    3.769556366    6.704989601
    0.174532925    1.047197551   42.811873705   -8.600984709   11.593214816
    0.349065850    1.047197551   40.595467707  -15.807059080   16.916524525
    0.523598776    1.047197551   37.759364704  -15.402662099   21.980798105
    0.698131701    1.047197551   35.731821071   -6.643617708   25.997546091
    0.872664626    1.047197551   35.856454827    8.775843000   28.269435996
    1.047197551    1.047197551   38.974395668   26.911941823   28.414283396
    1.221730476    1.047197551   45.141954032   42.964930734   26.500075110
    1.396263402    1.047197551   53.623131673   52.924144267   22.991848289
    1.570796327    1.047197551   63.135944229   54.578712359   18.559196043
    1.745329252    1.047197551   72.184361409   47.720967232   13.834726789
    1.919862177    1.047197551   79.372438635   33.554003778    9.276071646
    2.094395102    1.047197551   83.599187543   14.164995988    5.143609065
    2.268928028    1.047197551   84.169411200   -7.883586016    1.574377729
    2.443460953    1.047197551   80.859053055  -29.810370430   -1.340724555
    2.617993878    1.047197551   73.946896208  -48.721816724   -3.518434421
    2.792526803    1.047197551   64.213285348  -61.690608048   -4.887347504
    2.967059728    1.047197551   52.902916423  -66.505401678   -5.432525695

   -3.141592654    1.396263402   36.687454671  -61.217990184  -10.859851788
   -2.967059728    1.396263402   27.085907990  -47.928866442   -9.348765909
   -2.792526803    1.396263402   20.151751542  -31.435200921   -7.449057223
   -2.617993878    1.396263402   16.020172689  -16.594757206   -5.519730564
   -2.443460953    1.396263402   14.023918701   -7.458754229   -3.803273969
   -2.268928028    1.396263402   12.987351735   -5.595816833   -2.377001488
   -2.094395102    1.396263402   11.724791747   -9.571843100   -1.186351104
   -1.919862177    1.396263402    9.528631553  -15.524130991   -0.156870574
   -1.745329252    1.396263402    6.471172293  -18.685259042    0.688830119
   -1.570796327    1.396263402    3.391991828  -15.349067596    1.204500708
   -1.396263402    1.396263402    1.558388381   -4.534681842    1.213496927
   -1.221730476    1.396263402    2.123646937   11.478170092    0.680476542
   -1.047197551    1.396263402    5.617091348   28.177576685   -0.166510291
   -0.872664626    1.396263402   11.736413714   40.870184367   -0.859114733
   -0.698131701    1.396263402   19.497986092   46.704019905   -0.844520174
   -0.523598776    1.396263402   27.635299238   45.333619147    0.314544060
   -0.349065850    1.396263402   34.996768566   38.145547941    2.806623379
   -0.174532925    1.396263402   40.746926798   27.200664146    6.538092447
    0.000000000    1.396263402   44.416614358   14.695372928   11.165378371
    0.174532925    1.396263402   45.932131774    2.926581367   16.145669848
    0.349065850    1.396263402   45.650223730   -5.481617612   20.785201599
    0.523598776    1.396263402   44.380323797   -8.042826843   24.330299327
    0.698131701    1.396263402   43.280441731   -3.512170056   26.122838607
    0.872664626    1.396263402   43.550617191    7.346303958   25.794813178
    1.047197551    1.396263402   46.066985984   21.645227813   23.420277847
    1.221730476    1.396263402   51.083925005   35.313459514   19.504533293
    1.396263402    1.396263402   58.138103171   44.456007016   14.781869856
    1.570796327    1.396263402   66.186503935   46.383303147    9.942141938
    1.745329252    1.396263402   73.862247076   40.196382944    5.420261889
    1.919862177    1.396263402   79.789364002   26.583840108    1.369157615
    2.094395102    1.396263402   82.829870529    7.516912934   -2.236262266
    2.268928028    1.396263402   82.263494492  -14.230189151   -5.430915458
    2.443460953    1.396263402   77.891411343  -35.549445471   -8.152698875
    2.617993878    1.396263402   70.068034585  -53.312634627  -10.226389105
    2.792526803    1.396263402   59.672465278  -64.590434908  -11.431853587
    2.967059728    1.396263402   48.028776822  -67.373198501  -11.632417028

   -3.141592654    1.745329252   30.459262229  -58.845653136  -17.107467813
   -2.967059728    1.745329252   21.424833479  -43.930128783  -15.812071784
   -2.792526803    1.745329252   15.267353332  -26.687746208  -13.946357847
   -2.617993878    1.745329252   11.967825810  -11.924880037  -11.807585593
   -2.443460953    1.745329252   10.739329206   -3.384744884   -9.603574282
   -2.268928028    1.745329252   10.350822924   -2.238714170   -7.402357505
   -2.094395102    1.745329252    9.619299861   -6.822947645   -5.157643548
   -1.919862177    1.745329252    7.855337204  -13.337501562   -2.823569989
   -1.745329252    1.745329252    5.117510410  -17.272441999   -0.484876878
   -1.570796327    1.745329252    2.190111923  -15.092587187    1.603876665
   -1.396263402    1.745329252    0.285029185   -5.611931480    3.128885588
   -1.221730476    1.745329252    0.571252537    9.471780717    3.927052193
   -1.047197551    1.745329252    3.708233689   26.307693268    4.150249917
   -0.872664626    1.745329252    9.614287371   40.521187974    4.249180142
   -0.698131701    1.745329252   17.534894156   49.021514794    4.781947203
   -0.523598776    1.745329252   26.348479396   50.771799374    6.165829747
   -0.349065850    1.745329252   34.911219469   46.344915558    8.512778834
   -0.174532925    1.745329252   42.260718975   37.106092332   11.613615286
    0.000000000    1.745329252   47.701025576   24.804961332   15.007913231
    0.174532925    1.745329252   50.876604342   11.550567905   18.083358930
    0.349065850    1.745329252   51.853008342    0.073370001   20.174500879
    0.523598776    1.745329252   51.197403396   -6.679847226   20.697025348
    0.698131701    1.745329252   49.940274395   -6.634823118   19.321619068
    0.872664626    1.745329252   49.320283658    0.473485050   16.134189207
    1.047197551    1.745329252   50.420385491   12.587982902   11.671241691
    1.221730476    1.745329252   53.799435998   25.880174772    6.752617876
    1.396263402    1.745329252   59.280091223   36.019083198    2.162957022
    1.570796327    1.745329252   65.987443565   39.459917720   -1.634252292
    1.745329252    1.745329252   72.570461181   34.503183328   -4.606554780
    1.919862177    1.745329252   77.562257186   21.441691397   -7.031091387
    2.094395102    1.745329252   79.708617612    2.358168614   -9.263232731
    2.268928028    1.745329252   78.227184417  -19.521527806  -11.512048309
    2.443460953    1.745329252   72.946393001  -40.557472350  -13.744129628
    2.617993878    1.745329252   64.327445314  -57.263387110  -15.712571737
    2.792526803    1.745329252   53.391161938  -66.708089403  -17.076979783
    2.967059728    1.745329252   41.573382864  -67.205449810  -17.571688236

   -3.141592654    2.094395102   23.449524760  -57.557989847  -18.607475839
   -2.967059728    2.094395102   14.771888960  -41.211683289  -17.370204414
   -2.792526803    2.094395102    9.174792035  -23.087269740  -15.488579844
   -2.617993878    2.094395102    6.543089508   -7.944648089  -13.217126983
   -2.443460953    2.094395102    6.020094539    0.692464022  -10.734503584
   -2.268928028    2.094395102    6.350263740    1.932488020   -8.082970085
   -2.094395102    2.094395102    6.365364697   -2.420910435   -5.186306185
   -1.919862177    2.094395102    5.394282819   -8.677027196   -1.969117404
   -1.745329252    2.094395102    3.475583042  -12.625687939    1.492470718
   -1.570796327    2.094395102    1.321640315  -10.978047209    4.906030926
   -1.396263402    2.094395102    0.054647459   -2.473642961    7.862890794
   -1.221730476    2.094395102    0.800314696   11.635540168   10.057764360
   -1.047197551    2.094395102    4.269114342   28.072687710   11.475188531
   -0.872664626    2.094395102   10.513927966   42.789885465   12.397834825
   -0.698131701    2.094395102   18.933148375   52.561280942   13.226642761
   -0.523598776    2.094395102   28.497144489   55.809205860   14.243195098
   -0.349065850    2.094395102   38.044364026   52.463707268   15.457934976
   -0.174532925    2.094395102   46.489529072   43.348021075   16.619792509
    0.000000000    2.094395102   52.939903329   29.912268570   17.308691540
    0.174532925    2.094395102   56.812811551   14.220512012   17.052777403
    0.349065850    2.094395102   57.962196549   -0.755429453   15.447820868
    0.523598776    2.094395102   56.815198366  -11.488945620   12.298134037
    0.698131701    2.094395102   54.393085396  -15.015113909    7.759256027
    0.872664626    2.094395102   52.091781706  -10.114161474    2.403486936
    1.047197551    2.094395102   51.292198212    1.745500678   -2.897282164
    1.221730476    2.094395102   52.894182961   16.611567045   -7.274570972
    1.396263402    2.094395102   56.976549506   29.346249172  -10.208222294
    1.570796327    2.094395102   62.747962756   35.313461121  -11.714198402
    1.745329252    2.094395102   68.764499390   31.969224239  -12.272181502
    1.919862177    2.094395102   73.366941943   19.330939773  -12.552605549
    2.094395102    2.094395102   75.111893586   -0.221651526  -13.111984779
    2.268928028    2.094395102   73.113564394  -22.844545532  -14.194098644
    2.443460953    2.094395102   67.209927148  -44.261979314  -15.700688254
    2.617993878    2.094395102   57.964167369  -60.585290523  -17.283942606
    2.792526803    2.094395102   46.539260028  -68.857882194  -18.503607438
    2.967059728    2.094395102   34.488481796  -67.669004582  -19.001946065

   -3.141592654    2.443460953   17.222062018  -56.863943332  -12.554893904
   -2.967059728    2.443460953    8.788943233  -39.141716888  -11.289560405
   -2.792526803    2.443460953    3.655567694  -19.904744798   -9.595033334
   -2.617993878    2.443460953    1.655502442   -3.934585765   -7.630884835
   -2.443460953    2.443460953    1.891548765    5.362805109   -5.472704985
   -2.268928028    2.443460953    3.095165718    7.280738910   -3.068586201
   -2.094395102    2.443460953    4.111547419    3.715237805   -0.261374137
   -1.919862177    2.443460953    4.281237775   -1.772360469    3.098967608
   -1.745329252    2.443460953    3.612631512   -5.300927870    6.999871867
   -1.570796327    2.443460953    2.727515005   -3.896658792   11.170137837
   -1.396263402    2.443460953    2.623607220    3.663729314   15.134653238
   -1.221730476    2.443460953    4.328135169   16.456155203   18.401441607
   -1.047197551    2.443460953    8.529915578   31.704258672   20.667169688
   -0.872664626    2.443460953   15.337446970   45.687993744   21.898892443
   -0.698131701    2.443460953   24.229494670   55.124007584   22.248324902
   -0.523598776    2.443460953   34.215305203   58.035150484   21.884880230
   -0.349065850    2.443460953   44.091867014   53.899094081   20.861806500
   -0.174532925    2.443460953   52.664178122   43.228086963   19.102310728
    0.000000000    2.443460953   58.898021245   27.419856989   16.453483229
    0.174532925    2.443460953   62.082516705    8.748714640   12.771119901
    0.349065850    2.443460953   62.001803646   -9.350637440    8.018888882
    0.523598776    2.443460953   59.115836630  -22.655292827    2.378100282
    0.698131701    2.443460953   54.612270380  -27.405293911   -3.671258265
    0.872664626    2.443460953   50.178529363  -21.810918904   -9.368888349
    1.047197551    2.443460953   47.539423638   -7.356517208  -13.869017871
    1.221730476    2.443460953   47.872128402   11.276336474  -16.555273108
    1.396263402    2.443460953   51.360320135   27.777213136  -17.299702455
    1.570796327    2.443460953   57.112575800   36.424767162  -16.515839608
    1.745329252    2.443460953   63.438076697   34.126103371  -14.959075175
    1.919862177    2.443460953   68.394424836   21.027106532  -13.413186294
    2.094395102    2.443460953   70.323189849    0.112660717  -12.416710965
    2.268928028    2.443460953   68.247425458  -24.025542100  -12.145473035
    2.443460953    2.443460953   62.035922485  -46.490076220  -12.450681230
    2.617993878    2.443460953   52.366811418  -63.055196590  -12.984653719
    2.792526803    2.443460953   40.549808819  -70.756537262  -13.352616807
    2.967059728    2.443460953   28.263824539  -68.399955965  -13.254685561

   -3.141592654    2.792526803   14.564163238  -55.625463335    0.993801661
   -2.967059728    2.792526803    6.390573602  -37.427714869    2.570267720
   -2.792526803    2.792526803    1.593271411  -17.783316947    4.036675109
   -2.617993878    2.792526803    0.000000000   -1.383605428    5.380167708
   -2.443460953    2.792526803    0.730258861    8.511193315    6.718912628
   -2.268928028    2.792526803    2.557862874   11.336623945    8.283503510
   -2.094395102    2.792526803    4.387873542    9.030179944   10.348722823
   -1.919862177    2.792526803    5.611031436    4.985939226   13.118353773
   -1.745329252    2.792526803    6.236508062    2.690320736   16.593607409
   -1.570796327    2.792526803    6.807378050    4.642219470   20.489872779
   -1.396263402    2.792526803    8.169883199   11.748151225   24.279927371
   -1.221730476    2.792526803   11.172521752   23.100274457   27.353724298
   -1.047197551    2.792526803   16.356547272   36.239816838   29.223128085
   -0.872664626    2.792526803   23.749117968   47.839306128   29.647417356
   -0.698131701    2.792526803   32.805323655   54.860905779   28.627254070
   -0.523598776    2.792526803   42.534531925   55.349836431   26.305563917
   -0.349065850    2.792526803   51.727110387   48.731309543   22.857378307
   -0.174532925    2.792526803   59.175879062   35.520464689   18.450689846
    0.000000000    2.792526803   63.847961694   17.266139223   13.250886695
    0.174532925    2.792526803   65.073487819   -3.450396448    7.445458571
    0.349065850    2.792526803   62.740961412  -22.777021453    1.294766086
    0.523598776    2.792526803   57.493180464  -36.041258274   -4.813530211
    0.698131701    2.792526803   50.771822289  -39.140187005  -10.338422224
    0.872664626    2.792526803   44.551291994  -30.299936676  -14.646570027
    1.047197551    2.792526803   40.796031788  -11.546024657  -17.201623819
    1.221730476    2.792526803   40.785703794   11.465856516  -17.796798757
    1.396263402    2.792526803   44.623958945   31.373667850  -16.670704848
    1.570796327    2.792526803   51.183490967   41.796131594  -14.428820719
    1.745329252    2.792526803   58.475617364   39.588821704  -11.789790979
    1.919862177    2.792526803   64.300737715   25.387071244   -9.331489281
    2.094395102    2.792526803   66.853295801    2.886422882   -7.338213786
    2.268928028    2.792526803   65.129789421  -22.696808268   -5.809376033
    2.443460953    2.792526803   59.060481453  -46.088741773   -4.564798148
    2.617993878    2.792526803   49.425620280  -62.966523963   -3.377121592
    2.792526803    2.792526803   37.634427759  -70.491316589   -2.071500071
    2.967059728    2.792526803   25.433179562  -67.683079697   -0.594158054
