#! FIELDS phi psi file.free der_phi der_psi
#! SET min_phi -pi
#! SET max_phi pi
#! SET nbins_phi  36
#! SET periodic_phi true
#! SET min_psi -pi
#! SET max_psi pi
#! SET nbins_psi  18
#! SET periodic_psi true
   -3.141592654   -3.141592654   17.460465835  -52.969833363   17.625262333
   -2.967059728   -3.141592654    9.672795323  -35.681019832   19.656240247
   -2.792526803   -3.141592654    5.104998774  -16.864552048   20.850909721
   -2.617993878   -3.141592654    3.627721286   -0.881834763   21.326176046
   -2.443460953   -3.141592654    4.457966973    9.280287058   21.428700324
   -2.268928028   -3.141592654    6.501032736   13.160207604   21.639184885
   -2.094395102   -3.141592654    8.791910588   12.568848510   22.417240265
   -1.919862177   -3.141592654   10.807188284   10.528678381   24.045549738
   -1.745329252   -3.141592654   12.559650313    9.964443557   26.516965273
   -1.570796327   -3.141592654   14.492532284   12.790043206   29.491045517
   -1.396263402   -3.141592654   17.263122547   19.508403210   32.362786370
   -1.221730476   -3.141592654   21.488047854   29.144400043   34.420246194
   -1.047197551   -3.141592654   27.496418920   39.505909430   35.052822657
   -0.872664626   -3.141592654   35.168180945   47.713784891   33.905809007
   -0.698131701   -3.141592654   43.889538273   51.153856073   30.936733615
   -0.523598776   -3.141592654   52.665866479   48.180949142   26.366264910
   -0.349065850   -3.141592654   60.330725595   38.478595444   20.576016226
   -0.174532925   -3.141592654   65.766024297   22.836794499   14.033336248
    0.000000000   -3.141592654   68.079078518    3.097961662    7.236883409
    0.174532925   -3.141592654   66.788781378  -17.890755653    0.667246942
    0.349065850   -3.141592654   62.010201990  -36.128378379   -5.229514474
    0.523598776   -3.141592654   54.625954831  -46.951533690  -10.055486059
    0.698131701   -3.141592654   46.297672417  -46.476205228  -13.475528367
    0.872664626   -3.141592654   39.157872466  -33.436426781  -15.258634190
    1.047197551   -3.141592654   35.216965470  -10.618695609  -15.368579927
    1.221730476   -3.141592654   35.659050108   15.523023884  -14.035023516
    1.396263402   -3.141592654   40.373492573   37.106699470  -11.710298379
    1.570796327   -3.141592654   47.971508862   47.764649915   -8.920531688
    1.745329252   -3.141592654   56.250629703   44.836603220   -6.066131038
    1.919862177   -3.141592654   62.904238663   29.649658879   -3.318941545
    2.094395102   -3.141592654   66.132370596    6.442049209   -0.633373273
    2.268928028   -3.141592654   65.003019090  -19.368375135    2.138869344
    2.443460953   -3.141592654   59.523957401  -42.622378134    5.124387686
    2.617993878   -3.141592654   50.514993224  -59.277038530    8.341826013
    2.792526803   -3.141592654   39.374914087  -66.782820881   11.674640779
    2.967059728   -3.141592654   27.798245208  -64.320033657   14.874041686

   -3.141592654   -2.792526803   25.177880202  -48.754450767   25.556706348
   -2.967059728   -2.792526803   17.950107509  -33.502955046   27.347090125
   -2.792526803   -2.792526803   13.591785582  -16.578262949   28.062212608
   -2.617993878   -2.792526803   12.041602438   -1.868457145   27.975523349
   -2.443460953   -2.792526803   12.656972019    7.975036085   27.569165966
   -2.268928028   -2.792526803   14.519399053   12.553057758   27.390776828
   -2.094395102   -2.792526803   16.826791448   13.466569313   27.871013452
   -1.919862177   -2.792526803   19.160855934   13.304345879   29.179234718
   -1.745329252   -2.792526803   21.550071671   14.399539603   31.159227663
   -1.570796327   -2.792526803   24.344224348   18.040686661   33.342451396
   -1.396263402   -2.792526803   28.006211222   24.223932838   35.057904439
   -1.221730476   -2.792526803   32.893054485   31.774928202   35.598329979
   -1.047197551   -2.792526803   39.076733172   38.714324316   34.424480548
   -0.872664626   -2.792526803   46.251155256   42.753266470   31.309523683
   -0.698131701   -2.792526803   53.737286294   42.038509116   26.388484691
   -0.523598776   -2.792526803   60.607660838   35.635085331   20.093081275
   -0.349065850   -2.792526803   65.871694231   23.759563766   13.020387994
   -0.174532925   -2.792526803   68.659544464    7.497558667    5.814284432
    0.000000000   -2.792526803   68.356731725  -11.281875406   -0.916059085
    0.174532925   -2.792526803   64.742665810  -29.931537783   -6.663855010
    0.349065850   -2.792526803   58.140718719  -44.849089587  -11.048751667
    0.523598776   -2.792526803   49.562592276  -51.866492256  -13.844658254
    0.698131701   -2.792526803   40.709842868  -47.605415218  -14.996406528
    0.872664626   -2.792526803   33.668274791  -31.287143797  -14.626067049
    1.047197551   -2.792526803   30.323242203   -6.102910245  -13.038557322
    1.221730476   -2.792526803   31.678118463   21.294177055  -10.673808265
    1.396263402   -2.792526803   37.433271062   43.127338171   -7.980663074
    1.570796327   -2.792526803   46.056797824   53.451306385   -5.271420957
    1.745329252   -2.792526803   55.291305950   50.132622888   -2.620098198
    1.919862177   -2.792526803   62.859213122   34.909981087    0.107548843
    2.094395102   -2.792526803   67.037354465   12.132884648    3.135663451
    2.268928028   -2.792526803   66.962912675  -12.956734922    6.627082853
    2.443460953   -2.792526803   62.666236782  -35.534599121   10.581085007
    2.617993878   -2.792526803   54.927881649  -51.898884040   14.809927836
    2.792526803   -2.792526803   45.056046018  -59.760713797   18.982310194
    2.967059728   -2.792526803   34.621846199  -58.388228580   22.691234908

   -3.141592654   -2.443460953   33.905398602  -44.531717112   23.437299765
   -2.967059728   -2.443460953   27.238637791  -31.292591354   24.867689166
   -2.792526803   -2.443460953   23.109219918  -16.077488710   25.425457503
   -2.617993878   -2.443460953   21.547100285   -2.361867210   25.353593236
   -2.443460953   -2.443460953   22.058011474    7.429333928   25.014068961
   -2.268928028   -2.443460953   23.884347797   12.801914351   24.786155717
   -2.094395102   -2.443460953   26.341704289   14.968269026   24.937015980
   -1.919862177   -2.443460953   29.043972312   15.959199153   25.518056492
   -1.745329252   -2.443460953   31.950547950   17.519422346   26.331176235
   -1.570796327   -2.443460953   35.248936656   20.492094595   26.957963362
   -1.396263402   -2.443460953   39.183633155   24.686676186   26.870308663
   -1.221730476   -2.443460953   43.889692372   29.097463797   25.572868051
   -1.047197551   -2.443460953   49.279254464   32.255555600   22.765365177
   -0.872664626   -2.443460953   54.997226794   32.611651979   18.436979663
   -0.698131701   -2.443460953   60.445984315   29.032554177   12.877762991
   -0.523598776   -2.443460953   64.889746867   21.091282825    6.596402620
   -0.349065850   -2.443460953   67.591158280    9.197917965    0.192867474
   -0.174532925   -2.443460953   67.941103703   -5.647355710   -5.753024510
    0.000000000   -2.443460953   65.551092118  -21.897884659  -10.751840628
    0.174532925   -2.443460953   60.357310333  -37.333154806  -14.466107849
    0.349065850   -2.443460953   52.762311462  -48.814659240  -16.725410841
    0.523598776   -2.443460953   43.780090789  -52.583309380  -17.535945561
    0.698131701   -2.443460953   35.050400292  -45.571352528  -17.059980917
    0.872664626   -2.443460953   28.550686939  -27.232423138  -15.573635071
    1.047197551   -2.443460953   26.026777826   -0.881303933  -13.424326815
    1.221730476   -2.443460953   28.334347563   26.879417723  -10.962244948
    1.396263402   -2.443460953   35.053447314   48.531357443   -8.444938418
    1.570796327   -2.443460953   44.591852356   58.548430810   -5.966159953
    1.745329252   -2.443460953   54.706743190   55.190297592   -3.439885300
    1.919862177   -2.443460953   63.188506629   40.398483147   -0.680916933
    2.094395102   -2.443460953   68.393537939   18.451275694    2.481855717
    2.268928028   -2.443460953   69.505378797   -5.705821603    6.098489177
    2.443460953   -2.443460953   66.540334856  -27.611346899   10.053505413
    2.617993878   -2.443460953   60.204731109  -43.866752454   14.088212469
    2.792526803   -2.443460953   51.692332799  -52.352515740   17.870329896
    2.967059728   -2.443460953   42.445503581  -52.318630113   21.070871442

   -3.141592654   -2.094395102   40.344165608  -41.258669530   14.005071708
   -2.967059728   -2.094395102   34.130329047  -29.365680361   14.859436414
   -2.792526803   -2.094395102   30.233429235  -15.290270713   15.294404124
   -2.617993878   -2.094395102   28.736957988   -2.321379522   15.434130614
   -2.443460953   -2.094395102   29.226165801    7.221162125   15.406778088
   -2.268928028   -2.094395102   31.026064225   12.761252429   15.321592231
   -2.094395102   -2.094395102   33.503850005   15.236505966   15.226109538
   -1.919862177   -2.094395102   36.264682424   16.291106178   15.061179987
   -1.745329252   -2.094395102   39.191334723   17.292411137   14.648355720
   -1.570796327   -2.094395102   42.340651441   18.873955829   13.714864422
   -1.396263402   -2.094395102   45.811775037   20.884547085   11.978085132
   -1.221730476   -2.094395102   49.624858020   22.639708474    9.244924398
   -1.047197551   -2.094395102   53.653827754   23.188252573    5.514606265
   -0.872664626   -2.094395102   57.603288034   21.567546236    1.013328811
   -0.698131701   -2.094395102   61.027606854   17.090935953   -3.844609754
   -0.523598776   -2.094395102   63.400789066    9.528319700   -8.562153672
   -0.349065850   -2.094395102   64.203982654   -0.807600736  -12.682672645
   -0.174532925   -2.094395102   63.009157573  -13.223093216  -15.883416377
    0.000000000   -2.094395102   59.542768313  -26.621612600  -18.010435670
    0.174532925   -2.094395102   53.773332716  -39.238802118  -19.088356495
    0.349065850   -2.094395102   46.062998794  -48.312475338  -19.273256980
    0.523598776   -2.094395102   37.333773428  -50.291724407  -18.792161956
    0.698131701   -2.094395102   29.112229228  -42.134597620  -17.866189750
    0.872664626   -2.094395102   23.269481418  -23.214725901  -16.649286441
    1.047197551   -2.094395102   21.465690715    3.301563763  -15.215533917
    1.221730476   -2.094395102   24.500187950   31.008909169  -13.578365105
    1.396263402   -2.094395102   31.934408772   52.611915157  -11.706906503
    1.570796327   -2.094395102   42.195365870   62.791610274   -9.552676426
    1.745329252   -2.094395102   53.087753390   59.898215114   -7.069989573
    1.919862177   -2.094395102   62.451118756   45.809233696   -4.253023538
    2.094395102   -2.094395102   68.667467773   24.605474646   -1.159392151
    2.268928028   -2.094395102   70.906216237    0.990296433    2.078688611
    2.443460953   -2.094395102   69.130630747  -20.763172179    5.269359603
    2.617993878   -2.094395102   63.969523688  -37.342704092    8.201299744
    2.792526803   -2.094395102   56.534245431  -46.612547800   10.693223554
    2.967059728   -2.094395102   48.195632232  -47.718940308   12.636750379

   -3.141592654   -1.745329252   42.393416095  -40.080723103    5.114325601
   -2.967059728   -1.745329252   36.359862978  -28.455446653    5.522396617
   -2.792526803   -1.745329252   32.607813329  -14.538624075    5.855670904
   -2.617993878   -1.745329252   31.227180057   -1.763358588    6.085407619
   -2.443460953   -1.745329252   31.788504644    7.464052801    6.104435068
   -2.268928028   -1.745329252   33.590455287   12.510550602    5.771752399
   -2.094395102   -1.745329252   35.963875532   14.243667156    4.947611762
   -1.919862177   -1.745329252   38.462612129   14.218053945    3.515303378
   -1.745329252   -1.745329252   40.903985243   13.738340565    1.406520567
   -1.570796327   -1.745329252   43.278081940   13.510180752   -1.369540408
   -1.396263402   -1.745329252   45.646944947   13.639740478   -4.693117499
   -1.221730476   -1.745329252   48.053618210   13.874352578   -8.336331910
   -1.047197551   -1.745329252   50.476637097   13.724704601  -11.991616275
   -0.872664626   -1.745329252   52.796445350   12.560780598  -15.329326301
   -0.698131701   -1.745329252   54.775854902    9.725301070  -18.051124042
   -0.523598776   -1.745329252   56.074825101    4.700314778  -19.932128920
   -0.349065850   -1.745329252   56.287613325   -2.727217350  -20.852258138
   -0.174532925   -1.745329252   55.000175707  -12.436827704  -20.827065855
    0.000000000   -1.745329252   51.859198828  -23.825117277  -20.025712474
    0.174532925   -1.745329252   46.682837518  -35.407470740  -18.766283997
    0.349065850   -1.745329252   39.657415347  -44.443976242  -17.438945406
    0.523598776   -1.745329252   31.549909406  -47.124366595  -16.382874638
    0.698131701   -1.745329252   23.795901317  -39.948025500  -15.755568631
    0.872664626   -1.745329252   18.260294619  -21.813315615  -15.469036642
    1.047197551   -1.745329252   16.669721488    4.439532647  -15.239865266
    1.221730476   -1.745329252   19.925691097   32.495825237  -14.724873753
    1.396263402   -1.745329252   27.687096976   54.923186274  -13.653157476
    1.570796327   -1.745329252   38.441621361   66.135564787  -11.920361533
    1.745329252   -1.745329252   50.004638983   64.192441316   -9.599004828
    1.919862177   -1.745329252   60.179609014   50.738524005   -6.901129021
    2.094395102   -1.745329252   67.280823689   29.728305119   -4.103763160
    2.268928028   -1.745329252   70.397484521    5.847342003   -1.478412721
    2.443460953   -1.745329252   69.418296725  -16.552220486    0.764619081
    2.617993878   -1.745329252   64.917836239  -34.008236825    2.510346896
    2.792526803   -1.745329252   57.984411823  -44.188895572    3.749329153
    2.967059728   -1.745329252   50.000904809  -46.054495769    4.571483908

   -3.141592654   -1.396263402   41.554460862  -40.140748506    0.849791682
   -2.967059728   -1.396263402   35.531624884  -28.270254839    0.706600263
   -2.792526803   -1.396263402   31.829525347  -14.200164164    0.597923270
   -2.617993878   -1.396263402   30.495751862   -1.648110201    0.455704306
   -2.443460953   -1.396263402   31.020254272    6.836564942    0.099753705
   -2.268928028   -1.396263402   32.610025203   10.633380050   -0.712585456
   -2.094395102   -1.396263402   34.518127756   10.744343913   -2.229776866
   -1.919862177   -1.396263402   36.251830123    8.948418643   -4.632178288
   -1.745329252   -1.396263402   37.627494870    6.848338493   -7.947658314
   -1.570796327   -1.396263402   38.692101010    5.511997555  -11.981020137
   -1.396263402   -1.396263402   39.628252488    5.385531648  -16.308705439
   -1.221730476   -1.396263402   40.648258376    6.418583496  -20.368819460
   -1.047197551   -1.396263402   41.914567372    8.073641738  -23.610499207
   -0.872664626   -1.396263402   43.461694898    9.443912511  -25.630108177
   -0.698131701   -1.396263402   45.143181073    9.440664727  -26.237878568
   -0.523598776   -1.396263402   46.632689320    7.112775113  -25.455275017
   -0.349065850   -1.396263402   47.466288050    1.864731465  -23.488179476
   -0.174532925   -1.396263402   47.112281323   -6.487517113  -20.703815112
    0.000000000   -1.396263402   45.053003973  -17.568276668  -17.600686697
    0.174532925   -1.396263402   40.912872811  -29.974868206  -14.737404357
    0.349065850   -1.396263402   34.690719366  -40.802646575  -12.597911019
    0.523598776   -1.396263402   27.022372721  -45.764550201  -11.440606300
    0.698131701   -1.396263402   19.317255932  -40.659329127  -11.202889843
    0.872664626   -1.396263402   13.537780564  -23.713738233  -11.525964177
    1.047197551   -1.396263402   11.602547683    2.590172746  -11.900305450
    1.221730476   -1.396263402   14.628247192   31.856076052  -11.863861994
    1.396263402   -1.396263402   22.438227412   56.166928153  -11.145025806
    1.570796327   -1.396263402   33.580918676   69.280001869   -9.716387946
    1.745329252   -1.396263402   45.822081138   68.681787283   -7.753005479
    1.919862177   -1.396263402   56.836715609   55.710060552   -5.545027637
    2.094395102   -1.396263402   64.784716498   34.324916751   -3.401883988
    2.268928028   -1.396263402   68.624090863    9.452876940   -1.578780112
    2.443460953   -1.396263402   68.165411987  -14.206762301   -0.232721257
    2.617993878   -1.396263402   63.967096430  -32.855119645    0.591925765
    2.792526803   -1.396263402   57.153923679  -43.894286647    0.950218631
    2.967059728   -1.396263402   49.181550788  -46.157793998    0.981098438

   -3.141592654   -1.047197551   38.851700999  -42.181914038    2.038543508
   -2.967059728   -1.047197551   32.520560744  -29.732919320    0.904661937
   -2.792526803   -1.047197551   28.620209675  -15.032963002   -0.318345439
   -2.617993878   -1.047197551   27.176722645   -2.153223048   -1.589833105
   -2.443460953   -1.047197551   27.600740797    6.077047185   -2.985746568
   -2.268928028   -1.047197551   28.983601210    8.904376738   -4.693943874
   -2.094395102   -1.047197551   30.457127318    7.409069911   -6.968987159
   -1.919862177   -1.047197551   31.441949321    3.686489137  -10.017931004
   -1.745329252   -1.047197551   31.742598166   -0.121512279  -13.849542768
   -1.570796327   -1.047197551   31.499519815   -2.312687196  -18.155692614
   -1.396263402   -1.047197551   31.091000714   -1.950952907  -22.329782940
   -1.221730476   -1.047197551   30.981030026    1.031517675  -25.635179230
   -1.047197551   -1.047197551   31.563281471    5.758575145  -27.456303675
   -0.872664626   -1.047197551   33.015017412   10.680707093  -27.484690099
   -0.698131701   -1.047197551   35.211111810   14.005558951  -25.770319142
   -0.523598776   -1.047197551   37.734356954   14.221645940  -22.654212692
   -0.349065850   -1.047197551   39.947631693   10.350484840  -18.659564592
   -0.174532925   -1.047197551   41.095773327    2.001865868  -14.394344837
    0.000000000   -1.047197551   40.417229119  -10.456200215  -10.463351329
    0.174532925   -1.047197551   37.313715447  -25.357169425   -7.351057025
    0.349065850   -1.047197551   31.635540523  -39.213971512   -5.304517794
    0.523598776   -1.047197551   23.993987024  -46.939139262   -4.268583921
    0.698131701   -1.047197551   15.914426589  -43.566980191   -3.931746543
    0.872664626   -1.047197551    9.582177597  -26.903142200   -3.873722198
    1.047197551   -1.047197551    7.169015941    0.481134507   -3.735804268
    1.221730476   -1.047197551    9.988151431   31.667954059   -3.323654896
    1.396263402   -1.047197551   17.947875753   58.023813784   -2.601915814
    1.570796327   -1.047197551   29.560673400   72.677971605   -1.630185482
    1.745329252   -1.047197551   42.468464674   72.759012905   -0.501710218
    1.919862177   -1.047197551   54.186551187   59.545939506    0.684563882
    2.094395102   -1.047197551   62.727853706   37.188275862    1.820543463
    2.268928028   -1.047197551   66.949649177   10.933605636    2.785898418
    2.443460953   -1.047197551   66.621144587  -14.174549742    3.458828345
    2.617993878   -1.047197551   62.316230699  -34.055520441    3.739326813
    2.792526803   -1.047197551   55.216331091  -45.898322351    3.570159233
    2.967059728   -1.047197551   46.862982815  -48.441396861    2.973400948

   -3.141592654   -0.698131701   38.292529481  -46.060191039    2.099568354
   -2.967059728   -0.698131701   31.267351935  -33.742213177    0.003277829
   -2.792526803   -0.698131701   26.680296622  -18.854241164   -2.219465418
   -2.617993878   -0.698131701   24.593707364   -5.715162830   -4.424593725
   -2.443460953   -0.698131701   24.403107251    2.532781841   -6.598245192
   -2.268928028   -0.698131701   25.133141418    4.874972980   -8.877942591
   -2.094395102   -0.698131701   25.820351836    2.354735967  -11.496974697
   -1.919862177   -0.698131701   25.812918790   -2.622690847  -14.632683609
   -1.745329252   -0.698131701   24.927003785   -7.278086688  -18.223195449
   -1.570796327   -0.698131701   23.437409892   -9.205946285  -21.849999820
   -1.396263402   -0.698131701   21.957671481   -7.071324910  -24.808964563
   -1.221730476   -0.698131701   21.210585730   -0.969262353  -26.351257769
   -1.047197551   -0.698131701   21.771109859    7.549448754  -25.994620172
   -0.872664626   -0.698131701   23.857885136   16.061928507  -23.708565082
   -0.698131701   -0.698131701   27.243333354   22.048684156  -19.904167260
   -0.523598776   -0.698131701   31.307853778   23.596133638  -15.266028455
   -0.349065850   -0.698131701   35.168786654   19.621609007  -10.538719389
   -0.174532925   -0.698131701   37.830117979    9.871748221   -6.355889921
    0.000000000   -0.698131701   38.331827358   -4.915594659   -3.125528469
    0.174532925   -0.698131701   35.961762952  -22.493225294   -0.937967310
    0.349065850   -0.698131701   30.571313655  -38.667924579    0.437024836
    0.523598776   -0.698131701   22.890402179  -47.754500370    1.442965948
    0.698131701   -0.698131701   14.637832026  -44.558296040    2.517642581
    0.872664626   -0.698131701    8.191116298  -27.121740332    3.868864925
    1.047197551   -0.698131701    5.841781412    1.433986393    5.386819244
    1.221730476   -0.698131701    8.922412136   33.641386939    6.754868956
    1.396263402   -0.698131701   17.283674171   60.558941979    7.670957237
    1.570796327   -0.698131701   29.352750400   75.294687697    8.026948656
    1.745329252   -0.698131701   42.698805174   75.119538254    7.933793486
    1.919862177   -0.698131701   54.791218668   61.451055701    7.617898212
    2.094395102   -0.698131701   63.614962453   38.497022168    7.273808442
    2.268928028   -0.698131701   68.002380718   11.499254987    6.969279271
    2.443460953   -0.698131701   67.694951415  -14.519115596    6.635711802
    2.617993878   -0.698131701   63.239938186  -35.451989611    6.115761588
    2.792526803   -0.698131701   55.803113822  -48.352903237    5.232942587
    2.967059728   -0.698131701   46.940333811  -51.783166491    3.888101724

   -3.141592654   -0.349065850   38.808396434  -51.166629164    2.662702706
   -2.967059728   -0.349065850   30.844328615  -39.298911909   -0.120518131
   -2.792526803   -0.349065850   25.285581747  -24.350168450   -3.024063050
   -2.617993878   -0.349065850   22.269576949  -10.843352298   -5.827861461
   -2.443460953   -0.349065850   21.215066539   -2.272926481   -8.448663184
   -2.268928028   -0.349065850   21.109232900    0.029349791  -10.972630759
   -2.094395102   -0.349065850   20.915475196   -2.944898838  -13.579689996
   -1.919862177   -0.349065850   19.933579333   -8.453240041  -16.368331211
   -1.745329252   -0.349065850   18.020645059  -13.054829860  -19.173530321
   -1.570796327   -0.349065850   15.613255243  -13.702573208  -21.496869597
   -1.396263402   -0.349065850   13.565997295   -8.846487843  -22.652030769
   -1.221730476   -0.349065850   12.825522601    0.982266152  -22.057465759
   -1.047197551   -0.349065850   14.064900395   13.300742294  -19.544571382
   -0.872664626   -0.349065850   17.425488358   24.680127289  -15.467861298
   -0.698131701   -0.349065850   22.453086579   31.947186290  -10.582698886
   -0.523598776   -0.349065850   28.231479799   33.057723333   -5.768011662
   -0.349065850   -0.349065850   33.599311917   27.233497572   -1.739452271
   -0.174532925   -0.349065850   37.363677955   14.816035373    1.128997160
    0.000000000   -0.349065850   38.487208309   -2.673302075    2.869649098
    0.174532925   -0.349065850   36.323277097  -22.186302330    3.904693006
    0.349065850   -0.349065850   30.914467471  -38.938783937    4.890212627
    0.523598776   -0.349065850   23.243857507  -47.167010696    6.452789605
    0.698131701   -0.349065850   15.240146178  -42.241357825    8.883075656
    0.872664626   -0.349065850    9.349972807  -23.178854927   11.949401556
    1.047197551   -0.349065850    7.764666187    6.028204858   14.979566006
    1.221730476   -0.349065850   11.610640995   37.612720628   17.194130034
    1.396263402   -0.349065850   20.539993188   63.000469310   18.083458092
    1.570796327   -0.349065850   32.882787265   76.017709502   17.616980543
    1.745329252   -0.349065850   46.233802759   74.561506068   16.178901201
    1.919862177   -0.349065850   58.165703624   60.283225022   14.327379720
    2.094395102   -0.349065850   66.771570420   37.226377568   12.532082907
    2.268928028   -0.349065850   70.940820106   10.262619373   11.018042414
    2.443460953   -0.349065850   70.405218826  -15.952827777    9.751084586
    2.617993878   -0.349065850   65.652261591  -37.517758750    8.514872964
    2.792526803   -0.349065850   57.771822838  -51.420747653    7.028002529
    2.967059728   -0.349065850   48.274134063  -55.975627756    5.089700593

   -3.141592654    0.000000000   39.979841150  -56.258487204    2.249519274
   -2.967059728    0.000000000   31.078130446  -44.863644565   -0.416321705
   -2.792526803    0.000000000   24.540836272  -29.914558820   -3.079649061
   -2.617993878    0.000000000   20.579364379  -16.076732378   -5.551225638
   -2.443460953    0.000000000   18.643912691   -7.152816918   -7.778233766
   -2.268928028    0.000000000   17.700841085   -4.729422861   -9.857622660
   -2.094395102    0.000000000   16.670064982   -7.786009034  -11.935551535
   -1.919862177    0.000000000   14.845614647  -13.182942212  -14.030882908
   -1.745329252    0.000000000   12.171418610  -16.857642148  -15.890233074
   -1.570796327    0.000000000    9.272101308  -15.308794377  -16.985423510
   -1.396263402    0.000000000    7.225087572   -7.077538727  -16.717986881
   -1.221730476    0.000000000    7.125964816    6.541292331  -14.725103543
   -1.047197551    0.000000000    9.622431827   21.932471606  -11.137859263
   -0.872664626    0.000000000   14.639025512   34.688204965   -6.597537894
   -0.698131701    0.000000000   21.384723022   41.285776632   -2.029327103
   -0.523598776    0.000000000   28.609078248   40.068930751    1.709449018
   -0.349065850    0.000000000   34.933357419   31.137547465    4.135754834
   -0.174532925    0.000000000   39.120502750   15.875313268    5.263547202
    0.000000000    0.000000000   40.262514844   -3.261351014    5.564071743
    0.174532925    0.000000000   37.977974334  -22.670233687    5.816846934
    0.349065850    0.000000000   32.623912966  -37.585009294    6.841362238
    0.523598776    0.000000000   25.433172577  -42.958592396    9.182882936
    0.698131701    0.000000000   18.407140411  -35.416468335   12.836586016
    0.872664626    0.000000000   13.836046583  -15.230686398   17.164978906
    1.047197551    0.000000000   13.582423750   12.982767776   21.120387101
    1.221730476    0.000000000   18.418913764   41.786967824   23.694131176
    1.396263402    0.000000000   27.772234916   63.673373388   24.335154720
    1.570796327    0.000000000   39.953468308   73.657120086   23.128368140
    1.745329252    0.000000000   52.714074429   70.393602389   20.655440372
    1.919862177    0.000000000   63.859019458   55.637929518   17.676796711
    2.094395102    0.000000000   71.683738387   33.025721164   14.818840803
    2.268928028    0.000000000   75.186206124    6.827654272   12.398404434
    2.443460953    0.000000000   74.104535378  -18.842850733   10.416180820
    2.617993878    0.000000000   68.857478662  -40.400012204    8.654911804
    2.792526803    0.000000000   60.434445790  -54.835358663    6.821076413
    2.967059728    0.000000000   50.266844676  -60.241575131    4.700866241

   -3.141592654    0.349065850   41.165919828  -60.739145089    1.301104988
   -2.967059728    0.349065850   31.454542001  -49.582019293   -0.358313432
   -2.792526803    0.349065850   24.102192962  -34.457364518   -1.880959684
   -2.617993878    0.349065850   19.386654807  -20.137295690   -3.219792884
   -2.443460953    0.349065850   16.789160955  -10.691103421   -4.414310947
   -2.268928028    0.349065850   15.261581985   -7.923323516   -5.578712320
   -2.094395102    0.349065850   13.690907650  -10.779457369   -6.812389450
   -1.919862177    0.349065850   11.372106082  -15.776798571   -8.075736180
   -1.745329252    0.349065850    8.326313328  -18.367877317   -9.114579800
   -1.570796327    0.349065850    5.326601726  -14.790931822   -9.505345376
   -1.396263402    0.349065850    3.601232160   -3.840157813   -8.846093233
   -1.221730476    0.349065850    4.304888202   12.406111816   -6.986936401
   -1.047197551    0.349065850    7.984750359   29.385071415   -4.180972367
   -0.872664626    0.349065850   14.320522391   42.051632085   -1.022586852
   -0.698131701    0.349065850   22.221935296   46.922021002    1.792838711
   -0.523598776    0.349065850   30.203256998   43.022908552    3.767894774
   -0.349065850    0.349065850   36.804733012   31.449365253    4.811643788
   -0.174532925    0.349065850   40.883325036   14.545299095    5.250338745
    0.000000000    0.349065850   41.768137063   -4.569478165    5.698686445
    0.174532925    0.349065850   39.391492783  -22.131160102    6.853701848
    0.349065850    0.349065850   34.400355551  -33.813775738    9.240692472
    0.523598776    0.349065850   28.184687241  -35.623397163   12.984650346
    0.698131701    0.349065850   22.683503841  -25.579726243   17.676552681
    0.872664626    0.349065850   19.893123667   -5.098088239   22.425179825
    1.047197551    0.349065850   21.247806976   20.893853353   26.150890205
    1.221730476    0.349065850   27.129489522   45.658402119   28.002127309
    1.396263402    0.349065850   36.761903132   63.053089760   27.663187468
    1.570796327    0.349065850   48.499263430   69.426876944   25.420673499
    1.745329252    0.349065850   60.323272890   64.188702943   21.965045709
    1.919862177    0.349065850   70.334544294   49.094678702   18.085338515
    2.094395102    0.349065850   77.072829541   27.241445016   14.406587724
    2.268928028    0.349065850   79.665202494    2.190667752   11.262487456
    2.443460953    0.349065850   77.862088052  -22.543983064    8.708476664
    2.617993878    0.349065850   72.013108301  -43.704399633    6.612082994
    2.792526803    0.349065850   63.006794602  -58.294079549    4.769384336
    2.967059728    0.349065850   52.192589974  -64.195636216    3.018751682

   -3.141592654    0.698131701   42.599461698  -63.027533519   -0.451012105
   -2.967059728    0.698131701   32.474320734  -52.004218050   -0.820480935
   -2.792526803    0.698131701   24.696143094  -36.879072434   -0.920965906
   -2.617993878    0.698131701   19.566808183  -22.436706648   -0.869357041
   -2.443460953    0.698131701   16.580648178  -12.844728910   -0.810110836
   -2.268928028    0.698131701   14.686738960   -9.971152124   -0.883765372
   -2.094395102    0.698131701   12.768312657  -12.697329607   -1.169594231
   -1.919862177    0.698131701   10.140726747  -17.334780605   -1.633003836
   -1.745329252    0.698131701    6.886028335  -19.110964762   -2.117858203
   -1.570796327    0.698131701    3.864182767  -14.230991263   -2.397496534
   -1.396263402    0.698131701    2.368430329   -1.771131700   -2.286080119
   -1.221730476    0.698131701    3.545255037   15.655821993   -1.738158737
   -1.047197551    0.698131701    7.837423518   32.984108982   -0.883691539
   -0.872664626    0.698131701   14.757294472   44.987137976    0.044347823
   -0.698131701    0.698131701   23.058198886   48.489389435    0.851895764
   -0.523598776    0.698131701   31.185729196   43.190110860    1.516856800
   -0.349065850    0.698131701   37.740884431   30.917935422    2.245200081
   -0.174532925    0.698131701   41.752864453   14.536215202    3.400563506
    0.000000000    0.698131701   42.780666426   -2.708975113    5.374909167
    0.174532925    0.698131701   40.970074970  -17.386006456    8.438733380
    0.349065850    0.698131701   37.085904974  -25.917042748   12.594942965
    0.523598776    0.698131701   32.476977006  -25.328338839   17.490434345
    0.698131701    0.698131701   28.860670457  -14.637656497   22.424345430
    0.872664626    0.698131701   27.872143299    4.218742273   26.491256706
    1.047197551    0.698131701   30.558636151   26.572218317   28.866761578
    1.221730476    0.698131701   37.028810539   46.661275205   29.105288893
    1.396263402    0.698131701   46.437328060   59.632060454   27.276460049
    1.570796327    0.698131701   57.280226585   62.870796499   23.896500277
    1.745329252    0.698131701   67.813031155   56.242736817   19.688470316
    1.919862177    0.698131701   76.434804061   41.343410249   15.336907294
    2.094395102    0.698131701   81.917384316   20.716508915   11.326987698
    2.268928028    0.698131701   83.509631309   -2.734618199    7.909248736
    2.443460953    0.698131701   80.976598920  -26.045087504    5.149254843
    2.617993878    0.698131701   74.606810441  -46.263949055    3.005965115
    2.792526803    0.698131701   65.196279538  -60.438929855    1.402516451
    2.967059728    0.698131701   54.011398385  -66.317747539    0.267470905

   -3.141592654    1.047197551   41.304237940  -62.769187243   -5.223637762
   -2.967059728    1.047197551   31.311147929  -50.799158823   -4.357052641
   -2.792526803    1.047197551   23.794517228  -35.161698448   -3.163667712
   -2.617993878    1.047197551   18.973610542  -20.692623421   -1.905588085
   -2.443460953    1.047197551   16.262762104  -11.484699326   -0.798620130
   -2.268928028    1.047197551   14.555332374   -9.209879233    0.026910930
   -2.094395102    1.047197551   12.716460310  -12.526119199    0.540171629
   -1.919862177    1.047197551   10.078648338  -17.587023035    0.780267924
   -1.745329252    1.047197551    6.758777558  -19.571707977    0.797780591
   -1.570796327    1.047197551    3.649770026  -14.755671591    0.613504801
   -1.396263402    1.047197551    2.059809774   -2.335972461    0.216439251
   -1.221730476    1.047197551    3.130447862   14.984633202   -0.383916878
   -1.047197551    1.047197551    7.292271545   32.155471649   -1.093685507
   -0.872664626    1.047197551   14.058874829   44.089924174   -1.703106497
   -0.698131701    1.047197551   22.220062575   47.862116971   -1.907555336
   -0.523598776    1.047197551   30.303353466   43.430194004   -1.373529573
   -0.349065850    1.047197551   37.029645585   32.760730710    0.185407004
   -0.174532925    1.047197551   41.552643098   18.635105625    2.928817971
    0.000000000    1.047197551   43.519022136    3.961281269    6.834994437
    0.174532925    1.047197551   43.083900388   -8.390995535   11.663923407
    0.349065850    1.047197551   40.911264552  -15.511475509   16.934437835
    0.523598776    1.047197551   38.134741758  -15.024830293   21.956725024
    0.698131701    1.047197551   36.175922289   -6.249393166   25.941529225
    0.872664626    1.047197551   36.365151292    9.110222708   28.187987321
    1.047197551    1.047197551   39.533493346   27.153445606   28.310296296
    1.221730476    1.047197551   45.736546042   43.136138084   26.373851221
    1.396263402    1.047197551   54.244657542   53.066102612   22.841493059
    1.570796327    1.047197551   63.780626884   54.697524346   18.380776310
    1.745329252    1.047197551   72.844398672   47.764505365   13.623578403
    1.919862177    1.047197551   80.027048336   33.431465269    9.030549207
    2.094395102    1.047197551   84.211577993   13.792737139    4.869822725
    2.268928028    1.047197551   84.691944068   -8.543918746    1.288791370
    2.443460953    1.047197551   81.243371199  -30.722098510   -1.613160672
    2.617993878    1.047197551   74.158000569  -49.769728163   -3.749777319
    2.792526803    1.047197551   64.242402780  -62.694090251   -5.053446362
    2.967059728    1.047197551   52.775175477  -67.269316928   -5.518298127

   -3.141592654    1.396263402   36.456853772  -61.424321271  -10.744147122
   -2.967059728    1.396263402   26.847448623  -47.829087890   -9.152869938
   -2.792526803    1.396263402   19.947005875  -31.185021498   -7.204080542
   -2.617993878    1.396263402   15.856866233  -16.404758215   -5.247030144
   -2.443460953    1.396263402   13.875644785   -7.494835632   -3.507842637
   -2.268928028    1.396263402   12.809049777   -5.898412159   -2.049178790
   -2.094395102    1.396263402   11.476420466  -10.047944198   -0.810253317
   -1.919862177    1.396263402    9.194394319  -16.002259634    0.278539509
   -1.745329252    1.396263402    6.066028197  -18.995266722    1.181466459
   -1.570796327    1.396263402    2.955787319  -15.385412778    1.736860923
   -1.396263402    1.396263402    1.141819733   -4.278058878    1.757438594
   -1.221730476    1.396263402    1.774256408   11.976521312    1.205945317
   -1.047197551    1.396263402    5.369815432   28.830143725    0.317935327
   -0.872664626    1.396263402   11.609670275   41.581576172   -0.425441503
   -0.698131701    1.396263402   19.493782469   47.381573281   -0.459594380
   -0.523598776    1.396263402   27.740389083   45.896215861    0.658974169
   -0.349065850    1.396263402   35.186136383   38.543468454    3.117915061
   -0.174532925    1.396263402   40.991421281   27.439364211    6.818565963
    0.000000000    1.396263402   44.693628297   14.842684211   11.411956959
    0.174532925    1.396263402   46.234242631    3.081213400   16.352594122
    0.349065850    1.396263402   45.985622810   -5.249780601   20.946443451
    0.523598776    1.396263402   44.763619462   -7.734521938   24.441495294
    0.698131701    1.396263402   43.719967113   -3.191164079   26.182325427
    0.872664626    1.396263402   44.041753362    7.605620597   25.804500812
    1.047197551    1.396263402   46.595327105   21.810545999   23.385083738
    1.221730476    1.396263402   51.634204595   35.404418694   19.429532347
    1.396263402    1.396263402   58.700446025   44.506414088   14.667815617
    1.570796327    1.396263402   66.754501707   46.392643261    9.783470679
    1.745329252    1.396263402   74.425069754   40.116209185    5.208100462
    1.919862177    1.396263402   80.325308680   26.344234682    1.099899529
    2.094395102    1.396263402   83.306216374    7.068921563   -2.551332284
    2.268928028    1.396263402   82.642971133  -14.890528793   -5.761301193
    2.443460953    1.396263402   78.140678706  -36.368972974   -8.453473973
    2.617993878    1.396263402   70.167633105  -54.187014652  -10.450846011
    2.792526803    1.396263402   59.625053694  -65.373669898  -11.546094796
    2.967059728    1.396263402   47.863845887  -67.913691934  -11.625360952

   -3.141592654    1.745329252   30.274725107  -58.867336458  -16.965007244
   -2.967059728    1.745329252   21.257435216  -43.728381405  -15.599045493
   -2.792526803    1.745329252   15.145348680  -26.400160803  -13.701412757
   -2.617993878    1.745329252   11.891038894  -11.721314775  -11.549824967
   -2.443460953    1.745329252   10.681062350   -3.388236718   -9.327247701
   -2.268928028    1.745329252   10.271934608   -2.464014179   -7.083159340
   -2.094395102    1.745329252    9.487817491   -7.179029671   -4.767041701
   -1.919862177    1.745329252    7.660816413  -13.680542017   -2.344522763
   -1.745329252    1.745329252    4.874051837  -17.473161371    0.077924716
   -1.570796327    1.745329252    1.929663810  -15.081804923    2.222854783
   -1.396263402    1.745329252    0.045642308   -5.386850152    3.762011146
   -1.221730476    1.745329252    0.387253403    9.870669935    4.531386930
   -1.047197551    1.745329252    3.605299488   26.825674867    4.695566040
   -0.872664626    1.745329252    9.608271496   41.103108378    4.725592862
   -0.698131701    1.745329252   17.631718779   49.606730875    5.198632994
   -0.523598776    1.745329252   26.542730825   51.290785769    6.543210028
   -0.349065850    1.745329252   35.185812113   46.738293782    8.871581656
   -0.174532925    1.745329252   42.591384794   37.355595094   11.966164535
    0.000000000    1.745329252   48.065472071   24.951954736   15.353960519
    0.174532925    1.745329252   51.263552410   11.673525957   18.411140827
    0.349065850    1.745329252   52.264257677    0.234202507   20.465144390
    0.523598776    1.745329252   51.641008135   -6.476169446   20.931502879
    0.698131701    1.745329252   50.420044016   -6.435569804   19.487357320
    0.872664626    1.745329252   49.830331482    0.613132707   16.228861468
    1.047197551    1.745329252   50.947879400   12.647533236   11.701278274
    1.221730476    1.745329252   54.331542743   25.876290105    6.726548409
    1.396263402    1.745329252   59.807585875   35.970262056    2.083010776
    1.570796327    1.745329252   66.501671680   39.350004953   -1.775578774
    1.745329252    1.745329252   73.056816583   34.284392837   -4.821640165
    1.919862177    1.745329252   77.997551770   21.070106480   -7.324684338
    2.094395102    1.745329252   80.065054134    1.829625393   -9.619401331
    2.268928028    1.745329252   78.480470127  -20.167295549  -11.889304961
    2.443460953    1.745329252   73.081931885  -41.248597638  -14.083286193
    2.617993878    1.745329252   64.344581756  -57.914004190  -15.955327269
    2.792526803    1.745329252   53.305128690  -67.222973310  -17.185851340
    2.967059728    1.745329252   41.416003534  -67.495198109  -17.541935818

   -3.141592654    2.094395102   23.306602289  -57.408960248  -18.431175755
   -2.967059728    2.094395102   14.667755874  -40.931327723  -17.159742181
   -2.792526803    2.094395102    9.123438618  -22.786190623  -15.280741183
   -2.617993878    2.094395102    6.537248640   -7.742014849  -13.024951800
   -2.443460953    2.094395102    6.035080011    0.723141515  -10.543744059
   -2.268928028    2.094395102    6.355793275    1.802575292   -7.860042627
   -2.094395102    2.094395102    6.340018463   -2.627674427   -4.894171185
   -1.919862177    2.094395102    5.334243548   -8.852451748   -1.584115266
   -1.745329252    2.094395102    3.394003018  -12.688455476    1.969941482
   -1.570796327    2.094395102    1.241507993  -10.899083380    5.450530679
   -1.396263402    2.094395102    0.000000000   -2.266369833    8.433019921
   -1.221730476    2.094395102    0.791228319   11.944413552   10.610196423
   -1.047197551    2.094395102    4.321609849   28.465257812   11.978465004
   -0.872664626    2.094395102   10.641560698   43.254626784   12.840233006
   -0.698131701    2.094395102   19.146513429   53.071790049   13.615625878
   -0.523598776    2.094395102   28.799711627   56.308687504   14.598813498
   -0.349065850    2.094395102   38.428086567   52.882499427   15.802821206
   -0.174532925    2.094395102   46.935789212   43.640773336   16.969878309
    0.000000000    2.094395102   53.426626377   30.087384390   17.667199821
    0.174532925    2.094395102   57.323500343   14.328713584   17.409046812
    0.349065850    2.094395102   58.489779436   -0.664747961   15.781246268
    0.523598776    2.094395102   57.358382865  -11.403925538   12.586339492
    0.698131701    2.094395102   54.949058615  -14.960191611    7.986871915
    0.872664626    2.094395102   52.652573266  -10.117798977    2.566881038
    1.047197551    2.094395102   51.846800702    1.678690755   -2.792093787
    1.221730476    2.094395102   53.432695712   16.494255066   -7.219803005
    1.396263402    2.094395102   57.490395779   29.177287491  -10.203208091
    1.570796327    2.094395102   63.225482317   35.057420767  -11.768016017
    1.745329252    2.094395102   69.186209826   31.579156709  -12.397396781
    1.919862177    2.094395102   73.707502841   18.793427795  -12.752322247
    2.094395102    2.094395102   75.348808527   -0.858949884  -13.367954085
    2.268928028    2.094395102   73.237077321  -23.492128818  -14.464225972
    2.443460953    2.094395102   67.226468590  -44.827718812  -15.928973054
    2.617993878    2.094395102   57.893940832  -61.006070495  -17.419725054
    2.792526803    2.094395102   46.410954892  -69.097789685  -18.520052123
    2.967059728    2.094395102   34.335550923  -67.709583474  -18.905092176

   -3.141592654    2.443460953   17.135657154  -56.648956595  -12.370632803
   -2.967059728    2.443460953    8.746112169  -38.868842147  -11.107368144
   -2.792526803    2.443460953    3.660261729  -19.648104516   -9.441269219
   -2.617993878    2.443460953    1.698343300   -3.763634420   -7.511075187
   -2.443460953    2.443460953    1.953970824    5.416011264   -5.370423665
   -2.268928028    2.443460953    3.158191241    7.243650749   -2.952556360
   -2.094395102    2.443460953    4.165215073    3.657356129   -0.098040561
   -1.919862177    2.443460953    4.328520121   -1.779825013    3.332679084
   -1.745329252    2.443460953    3.666122290   -5.221121648    7.308534155
   -1.570796327    2.443460953    2.802451065   -3.735282981   11.538724133
   -1.396263402    2.443460953    2.731991541    3.879707286   15.534717404
   -1.221730476    2.443460953    4.477788091   16.710901734   18.800926135
   -1.047197551    2.443460953    8.728166654   32.008160133   21.040400396
   -0.872664626    2.443460953   15.594769386   46.062587527   22.232983837
   -0.698131701    2.443460953   24.558728812   55.569662808   22.544181766
   -0.523598776    2.443460953   34.625660565   58.507470001   22.154130255
   -0.349065850    2.443460953   44.581760534   54.324532238   21.120783412
   -0.174532925    2.443460953   53.219530461   43.543945822   19.365161039
    0.000000000    2.443460953   59.497543037   27.610291087   16.726425384
    0.174532925    2.443460953   62.706319907    8.842436205   13.049782808
    0.349065850    2.443460953   62.636496149   -9.314309386    8.290342837
    0.523598776    2.443460953   59.753485258  -22.657957922    2.627087778
    0.698131701    2.443460953   55.245848884  -27.451871528   -3.455046063
    0.872664626    2.443460953   50.799562296  -21.909150545   -9.187184322
    1.047197551    2.443460953   48.139126626   -7.502082066  -13.717254445
    1.221730476    2.443460953   48.442855306   11.087256783  -16.429301210
    1.396263402    2.443460953   51.893045035   27.523889581  -17.202286306
    1.570796327    2.443460953   57.591976641   36.057359577  -16.457366005
    1.745329252    2.443460953   63.840129695   33.603940758  -14.951174293
    1.919862177    2.443460953   68.692560245   20.367781848  -13.458375813
    2.094395102    2.443460953   70.500515859   -0.592156860  -12.500423602
    2.268928028    2.443460953   68.307002930  -24.651206785  -12.236128839
    2.443460953    2.443460953   62.000792891  -46.939220084  -12.508793912
    2.617993878    2.443460953   52.271530742  -63.295228495  -12.977741443
    2.792526803    2.443460953   40.429684524  -70.806490072  -13.268075809
    2.967059728    2.443460953   28.148896175  -68.296703406  -13.104708068

   -3.141592654    2.792526803   14.520375543  -55.454454743    1.258350439
   -2.967059728    2.792526803    6.378708285  -37.240484688    2.787035891
   -2.792526803    2.792526803    1.612532356  -17.622291981    4.188775250
   -2.617993878    2.792526803    0.042557299   -1.281251360    5.468193257
   -2.443460953    2.792526803    0.785039312    8.552225406    6.760481052
   -2.268928028    2.792526803    2.616995725   11.354635609    8.307708092
   -2.094395102    2.792526803    4.452507913    9.083947271   10.387110999
   -1.919862177    2.792526803    5.691817802    5.119651384   13.195931638
   -1.745329252    2.792526803    6.348317910    2.907752920   16.722872272
   -1.570796327    2.792526803    6.962246598    4.910103363   20.669168700
   -1.396263402    2.792526803    8.372867836   12.024595051   24.496405221
   -1.221730476    2.792526803   11.423179812   23.369095590   27.588509840
   -1.047197551    2.792526803   16.654925173   36.522258939   29.456846436
   -0.872664626    2.792526803   24.100890372   48.173180738   29.864486105
   -0.698131701    2.792526803   33.221485672   55.263713603   28.818461134
   -0.523598776    2.792526803   43.025202508   55.790900155   26.469571323
   -0.349065850    2.792526803   52.293427246   49.143571510   23.000404782
   -0.174532925    2.792526803   59.806782930   35.838141026   18.583668154
    0.000000000    2.792526803   64.523828703   17.461379814   13.385116376
    0.174532925    2.792526803   65.773632176   -3.363701319    7.588406371
    0.349065850    2.792526803   63.449024363  -22.768200662    1.448863619
    0.523598776    2.792526803   58.197745001  -36.088539343   -4.648849069
    0.698131701    2.792526803   51.463965950  -39.235080177  -10.163308721
    0.872664626    2.792526803   45.223213855  -30.435960866  -14.459495780
    1.047197551    2.792526803   41.441387687  -11.713987330  -17.001376847
    1.221730476    2.792526803   41.398980574   11.261404284  -17.585973752
    1.396263402    2.792526803   45.196048151   31.096781766  -16.457359906
    1.570796327    2.792526803   51.696592041   41.386773082  -14.223871684
    1.745329252    2.792526803   58.902628371   39.010595526  -11.601104215
    1.919862177    2.792526803   64.614103755   24.676447479   -9.158424472
    2.094395102    2.792526803   67.039067603    2.158807299   -7.170046159
    2.268928028    2.792526803   65.197496621  -23.301943660   -5.628936665
    2.443460953    2.792526803   59.040656874  -46.478578624   -4.355671668
    2.617993878    2.792526803   49.357760247  -63.132132286   -3.131727768
    2.792526803    2.792526803   37.553641798  -70.484775190   -1.796250413
    2.967059728    2.792526803   25.363780547  -67.568816802   -0.309684599
