#! FIELDS phi psi file.free der_phi der_psi
#! SET min_phi -pi
#! SET max_phi pi
#! SET nbins_phi  36
#! SET periodic_phi true
#! SET min_psi -pi
#! SET max_psi pi
#! SET nbins_psi  18
#! SET periodic_psi true
   -3.141592654   -3.141592654   19.562462891  -52.098649003   12.162289096
   -2.967059728   -3.141592654   11.480414770  -39.431921863   14.325585147
   -2.792526803   -3.141592654    6.063923723  -22.251915955   16.064464453
   -2.617993878   -3.141592654    3.705528051   -5.187887184   17.394719575
   -2.443460953   -3.141592654    3.997938305    7.574074377   18.487232482
   -2.268928028   -3.141592654    5.977735692   14.051545293   19.591366863
   -2.094395102   -3.141592654    8.574876777   14.964462428   20.916797316
   -1.919862177   -3.141592654   11.027885630   12.913126189   22.523365623
   -1.745329252   -3.141592654   13.087778374   10.926728885   24.260563203
   -1.570796327   -3.141592654   14.979028750   11.242381270   25.778877582
   -1.396263402   -3.141592654   17.201182233   14.738028297   26.621233984
   -1.221730476   -3.141592654   20.281065442   20.827431016   26.370015268
   -1.047197551   -3.141592654   24.534083893   27.823204672   24.807723024
   -0.872664626   -3.141592654   29.920641108   33.418780740   22.002351749
   -0.698131701   -3.141592654   36.008872985   35.554587720   18.283072326
   -0.523598776   -3.141592654   42.071997197   33.035741641   14.107370124
   -0.349065850   -3.141592654   47.276312757   25.814163258    9.884965938
   -0.174532925   -3.141592654   50.869273529   14.780152087    5.858866567
    0.000000000   -3.141592654   52.317706519    1.581986600    2.078668686
    0.174532925   -3.141592654   51.433623065  -11.531166836   -1.537610118
    0.349065850   -3.141592654   48.474765844  -21.688304585   -5.062887421
    0.523598776   -3.141592654   44.219315371  -25.914680007   -8.418262654
    0.698131701   -3.141592654   39.898609078  -22.280556730  -11.310644710
    0.872664626   -3.141592654   36.896500415  -11.099827330  -13.296442820
    1.047197551   -3.141592654   36.294973034    4.520897704  -13.985691708
    1.221730476   -3.141592654   38.451731445   19.654702447  -13.262628909
    1.396263402   -3.141592654   42.853424043   29.633773742  -11.369174768
    1.570796327   -3.141592654   48.340995751   31.913421487   -8.805300636
    1.745329252   -3.141592654   53.549599071   26.658847495   -6.098537821
    1.919862177   -3.141592654   57.318726848   15.810174482   -3.600468769
    2.094395102   -3.141592654   58.876377976    1.668123441   -1.405805012
    2.268928028   -3.141592654   57.814077271  -13.960661328    0.597215856
    2.443460953   -3.141592654   53.997633524  -29.656851223    2.606741715
    2.617993878   -3.141592654   47.556379403  -43.701700707    4.784832162
    2.792526803   -3.141592654   38.980141199  -53.707588576    7.183609963
    2.967059728   -3.141592654   29.205192370  -57.045649204    9.709088249

   -3.141592654   -2.792526803   24.993394594  -46.796579995   17.835620865
   -2.967059728   -2.792526803   17.729006826  -35.429910158   20.383476049
   -2.792526803   -2.792526803   12.884744512  -19.686286881   22.130773712
   -2.617993878   -2.792526803   10.867472798   -3.766532566   23.166822547
   -2.443460953   -2.792526803   11.349373199    8.429313736   23.781921529
   -2.268928028   -2.792526803   13.473726918   14.939373247   24.322489604
   -2.094395102   -2.792526803   16.258345787   16.260071206   25.023723797
   -1.919862177   -2.792526803   18.977436892   14.639340912   25.905379486
   -1.745329252   -2.792526803   21.353997485   12.746474677   26.766469212
   -1.570796327   -2.792526803   23.527404870   12.539186202   27.260396486
   -1.396263402   -2.792526803   25.876302972   14.771973893   27.010408360
   -1.221730476   -2.792526803   28.802090781   18.949645358   25.724112420
   -1.047197551   -2.792526803   32.532375298   23.703104602   23.298306891
   -0.872664626   -2.792526803   37.009938628   27.195112647   19.862406396
   -0.698131701   -2.792526803   41.866601333   27.799258023   15.749945012
   -0.523598776   -2.792526803   46.498631456   24.532825590   11.387487717
   -0.349065850   -2.792526803   50.207180341   17.283073999    7.140081517
   -0.174532925   -2.792526803   52.343337734    6.675553874    3.200157178
    0.000000000   -2.792526803   52.426779035   -5.942323528   -0.428580560
    0.174532925   -2.792526803   50.280102920  -18.467181229   -3.855940316
    0.349065850   -2.792526803   46.165806387  -27.949605595   -7.155226234
    0.523598776   -2.792526803   40.898095532  -31.165142864  -10.230928419
    0.698131701   -2.792526803   35.789835811  -25.937371071  -12.783114100
    0.872664626   -2.792526803   32.331697993  -12.576204175  -14.393932262
    1.047197551   -2.792526803   31.684181325    5.478443530  -14.730075194
    1.221730476   -2.792526803   34.203188916   22.762439842  -13.730585839
    1.396263402   -2.792526803   39.282224029   34.141560896  -11.655603490
    1.570796327   -2.792526803   45.613690955   36.937713575   -8.970443936
    1.745329252   -2.792526803   51.693632888   31.542755390   -6.132948726
    1.919862177   -2.792526803   56.283256342   20.327782975   -3.414680182
    2.094395102   -2.792526803   58.608639270    6.000954124   -0.842370595
    2.268928028   -2.792526803   58.314769440   -9.420275059    1.741835598
    2.443460953   -2.792526803   55.336588228  -24.554202672    4.547515941
    2.617993878   -2.792526803   49.845907251  -37.922037643    7.698716030
    2.792526803   -2.792526803   42.322845591  -47.499079959   11.146797529
    2.967059728   -2.792526803   33.631834398  -50.958096680   14.646712115

   -3.141592654   -2.443460953   31.381431611  -40.965309731   17.944449261
   -2.967059728   -2.443460953   25.005279478  -31.145693490   20.262862655
   -2.792526803   -2.443460953   20.765664244  -17.014503016   21.751672437
   -2.617993878   -2.443460953   19.100213501   -2.311653605   22.502699279
   -2.443460953   -2.443460953   19.776473744    9.310658647   22.771295064
   -2.268928028   -2.443460953   22.046945796   15.800248211   22.840460626
   -2.094395102   -2.443460953   24.997316696   17.294758167   22.878910396
   -1.919862177   -2.443460953   27.898027344   15.616154391   22.870933356
   -1.745329252   -2.443460953   30.402315291   13.130007017   22.643783763
   -1.570796327   -2.443460953   32.544721704   11.702161743   21.959634754
   -1.396263402   -2.443460953   34.601659950   12.197711031   20.615657407
   -1.221730476   -2.443460953   36.904893963   14.388003291   18.508659555
   -1.047197551   -2.443460953   39.669611426   17.263557965   15.676234534
   -0.872664626   -2.443460953   42.892141890   19.372052382   12.294097119
   -0.698131701   -2.443460953   46.315564095   19.346735735    8.641931891
   -0.523598776   -2.443460953   49.474116173   16.225933330    5.024676110
   -0.349065850   -2.443460953   51.786172980    9.650312864    1.664111969
   -0.174532925   -2.443460953   52.661375052   -0.141324204   -1.376705236
    0.000000000   -2.443460953   51.612463009  -12.144950028   -4.188058586
    0.174532925   -2.443460953   48.413889417  -24.348458185   -6.931468965
    0.349065850   -2.443460953   43.291470981  -33.588255172   -9.692976874
    0.523598776   -2.443460953   37.081502764  -36.222078750  -12.361432776
    0.698131701   -2.443460953   31.191764696  -29.687131842  -14.605936311
    0.872664626   -2.443460953   27.251421345  -14.225709093  -15.975863774
    1.047197551   -2.443460953   26.535186418    6.374595477  -16.108481307
    1.221730476   -2.443460953   29.425113639   26.038755556  -14.916969547
    1.396263402   -2.443460953   35.233922093   39.077138669  -12.641404504
    1.570796327   -2.443460953   42.503388070   42.597959138   -9.735074427
    1.745329252   -2.443460953   49.578136738   37.189865580   -6.658273564
    1.919862177   -2.443460953   55.127752108   25.671402839   -3.696715533
    2.094395102   -2.443460953   58.368663630   11.202603953   -0.895663308
    2.268928028   -2.443460953   58.999193237   -3.959359013    1.886122243
    2.443460953   -2.443460953   57.025144101  -18.473418916    4.842107448
    2.617993878   -2.443460953   52.658624782  -31.144293475    8.078195956
    2.792526803   -2.443460953   46.358911957  -40.355555099   11.525777030
    2.967059728   -2.443460953   38.902180222  -44.104453988   14.932384234

   -3.141592654   -2.094395102   36.878718290  -36.342489590   13.191584659
   -2.967059728   -2.094395102   31.191408003  -27.921092558   14.577467834
   -2.792526803   -2.094395102   27.388979651  -15.205236205   15.371770456
   -2.617993878   -2.094395102   25.936505256   -1.610626935   15.672535456
   -2.443460953   -2.094395102   26.671345077    9.353991443   15.642609440
   -2.268928028   -2.094395102   28.918315971   15.523233393   15.421474922
   -2.094395102   -2.094395102   31.797944772   16.742442205   15.050039701
   -1.919862177   -2.094395102   34.561749473   14.540855506   14.455823756
   -1.745329252   -2.094395102   36.804866323   11.149477299   13.503612620
   -1.570796327   -2.094395102   38.498646081    8.508469937   12.078645891
   -1.396263402   -2.094395102   39.883451931    7.697746132   10.150791069
   -1.221730476   -2.094395102   41.296429555    8.744784550    7.789034406
   -1.047197551   -2.094395102   43.001618280   10.854697155    5.149052935
   -0.872664626   -2.094395102   45.076509068   12.732925300    2.438988746
   -0.698131701   -2.094395102   47.361867109   13.042906702   -0.119554945
   -0.523598776   -2.094395102   49.482336230   10.695898971   -2.347149352
   -0.349065850   -2.094395102   50.908974549    5.033679699   -4.179160037
   -0.174532925   -2.094395102   51.044330354   -4.058815990   -5.713400909
    0.000000000   -2.094395102   49.338449453  -15.838324525   -7.185457306
    0.174532925   -2.094395102   45.478366241  -28.287186681   -8.871945979
    0.349065850   -2.094395102   39.631688707  -37.921578727  -10.931777749
    0.523598776   -2.094395102   32.653924888  -40.573295652  -13.269256448
    0.698131701   -2.094395102   26.063089691  -33.196121300  -15.499722603
    0.872664626   -2.094395102   21.656831261  -15.897339763  -17.056865508
    1.047197551   -2.094395102   20.861747340    7.206020768  -17.426085012
    1.221730476   -2.094395102   24.121432255   29.384321065  -16.382366746
    1.396263402   -2.094395102   30.690755388   44.297770689  -14.086348592
    1.570796327   -2.094395102   38.965323693   48.726341366  -10.994827078
    1.745329252   -2.094395102   47.124623701   43.372263417   -7.644856326
    1.919862177   -2.094395102   53.722802092   31.468136248   -4.434253865
    2.094395102   -2.094395102   57.941284476   16.643124438   -1.516970806
    2.268928028   -2.094395102   59.512278516    1.435554754    1.165620824
    2.443460953   -2.094395102   58.500528524  -12.808247543    3.755976011
    2.617993878   -2.094395102   55.154820386  -25.131252251    6.345700592
    2.792526803   -2.094395102   49.918450123  -34.263897006    8.896942021
    2.967059728   -2.094395102   43.496055117  -38.466365407   11.249862976

   -3.141592654   -1.745329252   39.845027932  -34.682567018    7.860712230
   -2.967059728   -1.745329252   34.381062409  -27.018009284    8.323163686
   -2.792526803   -1.745329252   30.680644858  -14.911617612    8.392161661
   -2.617993878   -1.745329252   29.239095722   -1.754563105    8.139979510
   -2.443460953   -1.745329252   29.917970835    8.859721266    7.629046203
   -2.268928028   -1.745329252   32.043562894   14.598959239    6.870759543
   -2.094395102   -1.745329252   34.707302987   15.143769066    5.809927810
   -1.919862177   -1.745329252   37.110965546   11.966714448    4.359294147
   -1.745329252   -1.745329252   38.804607195    7.415746091    2.472996565
   -1.570796327   -1.745329252   39.749168969    3.699356366    0.222345848
   -1.396263402   -1.745329252   40.226943883    2.202548163   -2.184266982
   -1.221730476   -1.745329252   40.663651791    3.171969867   -4.462593404
   -1.047197551   -1.745329252   41.437143334    5.863679246   -6.352799003
   -0.872664626   -1.745329252   42.733979042    8.886922203   -7.701038513
   -0.698131701   -1.745329252   44.473204366   10.663901343   -8.477106410
   -0.523598776   -1.745329252   46.308246388    9.776834352   -8.751431828
   -0.349065850   -1.745329252   47.676083681    5.187575440   -8.677360146
   -0.174532925   -1.745329252   47.882048950   -3.536885097   -8.492543850
    0.000000000   -1.745329252   46.236472993  -15.809234339   -8.506905059
    0.174532925   -1.745329252   42.282453101  -29.479540147   -9.040072492
    0.349065850   -1.745329252   36.095694472  -40.613853517  -10.288291620
    0.523598776   -1.745329252   28.541166591  -44.362575764  -12.179885136
    0.698131701   -1.745329252   21.266815729  -37.024532944  -14.311320917
    0.872664626   -1.745329252   16.287422202  -18.415616469  -16.038449224
    1.047197551   -1.745329252   15.250556423    7.079052360  -16.718881920
    1.221730476   -1.745329252   18.729605955   32.002909533  -15.994477066
    1.396263402   -1.745329252   25.966220242   49.182915033  -13.934723993
    1.570796327   -1.745329252   35.218735616   54.852766471  -10.977036518
    1.745329252   -1.745329252   44.476687388   49.674530097   -7.704499669
    1.919862177   -1.745329252   52.135353044   37.236707106   -4.595909848
    2.094395102   -1.745329252   57.294859326   21.654782579   -1.889387738
    2.268928028   -1.745329252   59.681492277    5.803382785    0.407174620
    2.443460953   -1.745329252   59.390959707   -8.887319651    2.397080355
    2.617993878   -1.745329252   56.697609060  -21.582045917    4.168031795
    2.792526803   -1.745329252   52.042495838  -31.184849318    5.720446392
    2.967059728   -1.745329252   46.104883676  -36.042912896    6.982824325

   -3.141592654   -1.396263402   40.864630394  -34.963893443    4.422776528
   -2.967059728   -1.396263402   35.308606419  -27.782173297    4.137922674
   -2.792526803   -1.396263402   31.440699635  -16.058345949    3.470349312
   -2.617993878   -1.396263402   29.767105277   -3.275535610    2.508807107
   -2.443460953   -1.396263402   30.140469286    6.852950759    1.324338030
   -2.268928028   -1.396263402   31.858698922   11.900555269   -0.077665061
   -2.094395102   -1.396263402   33.975424566   11.548349115   -1.774638254
   -1.919862177   -1.396263402   35.667481760    7.420064770   -3.874595712
   -1.745329252   -1.396263402   36.499826861    2.164230463   -6.407868643
   -1.570796327   -1.396263402   36.507611523   -1.657618127   -9.219189780
   -1.396263402   -1.396263402   36.100188070   -2.440340275  -11.949805894
   -1.221730476   -1.396263402   35.845867329    0.006700639  -14.145605575
   -1.047197551   -1.396263402   36.229623347    4.598507263  -15.434133205
   -0.872664626   -1.396263402   37.473251438    9.504026109  -15.663903824
   -0.698131701   -1.396263402   39.457225107   12.765994185  -14.928154544
   -0.523598776   -1.396263402   41.745959766   12.764799799  -13.495847929
   -0.349065850   -1.396263402   43.663287437    8.381367205  -11.723923694
   -0.174532925   -1.396263402   44.393139868   -0.845523471  -10.000378706
    0.000000000   -1.396263402   43.122783211  -14.309276479   -8.709691999
    0.174532925   -1.396263402   39.285898951  -29.698798472   -8.177104377
    0.349065850   -1.396263402   32.897229673  -42.681853628   -8.565061729
    0.523598776   -1.396263402   24.851121683  -47.794425662   -9.764744763
    0.698131701   -1.396263402   16.936087159  -40.721662590  -11.359583250
    0.872664626   -1.396263402   11.389972435  -20.990551740  -12.727946457
    1.047197551   -1.396263402   10.088448142    6.748981457  -13.268321239
    1.221730476   -1.396263402   13.741975725   34.317745683  -12.651167597
    1.396263402   -1.396263402   21.586234191   53.691606862  -10.936123657
    1.570796327   -1.396263402   31.744776710   60.528918971   -8.505327175
    1.745329252   -1.396263402   42.013886083   55.416604442   -5.861392024
    1.919862177   -1.396263402   50.621081613   42.270297662   -3.408259539
    2.094395102   -1.396263402   56.572300249   25.677590851   -1.340066300
    2.268928028   -1.396263402   59.574697419    8.860762524    0.341060228
    2.443460953   -1.396263402   59.745866660   -6.625262311    1.718519459
    2.617993878   -1.396263402   57.387381515  -19.997700833    2.855071873
    2.792526803   -1.396263402   52.952791920  -30.244608624    3.733707830
    2.967059728   -1.396263402   47.124475770  -35.747679847    4.283522639

   -3.141592654   -1.047197551   40.212494046  -37.304168030    3.210154863
   -2.967059728   -1.047197551   34.214616354  -30.462193143    2.336907556
   -2.792526803   -1.047197551   29.870581196  -18.793253649    0.876337180
   -2.617993878   -1.047197551   27.728888467   -5.889408998   -1.041279209
   -2.443460953   -1.047197551   27.656823766    4.343320211   -3.250962408
   -2.268928028   -1.047197551   28.930995458    9.271020370   -5.638802135
   -2.094395102   -1.047197551   30.553762588    8.462516670   -8.194314586
   -1.919862177   -1.047197551   31.647898244    3.634694997  -10.964310763
   -1.745329252   -1.047197551   31.761967486   -2.227120109  -13.922096647
   -1.570796327   -1.047197551   30.988340559   -6.088708890  -16.835607420
   -1.396263402   -1.047197551   29.869525493   -5.993455894  -19.256640821
   -1.221730476   -1.047197551   29.140626891   -1.746105120  -20.670727310
   -1.047197551   -1.047197551   29.417880121    5.171945652  -20.729406014
   -0.872664626   -1.047197551   30.964714870   12.344250234  -19.413321580
   -0.698131701   -1.047197551   33.602862464   17.290642132  -17.027161515
   -0.523598776   -1.047197551   36.766917293   18.112194017  -14.064633651
   -0.349065850   -1.047197551   39.621877105   13.625458309  -11.042345472
   -0.174532925   -1.047197551   41.195034619    3.436476220   -8.389465836
    0.000000000   -1.047197551   40.535976093  -11.687101621   -6.406471168
    0.174532925   -1.047197551   36.979337358  -29.144924897   -5.240769166
    0.349065850   -1.047197551   30.506903053  -44.138476120   -4.862792199
    0.523598776   -1.047197551   22.073858707  -50.623721858   -5.058351768
    0.698131701   -1.047197551   13.626033927  -43.796028422   -5.471976217
    0.872664626   -1.047197551    7.616032185  -23.043582987   -5.722087818
    1.047197551   -1.047197551    6.117691867    6.638669687   -5.537447114
    1.221730476   -1.047197551    9.944701843   36.382106161   -4.853866168
    1.396263402   -1.047197551   18.307806194   57.439329627   -3.800253931
    1.570796327   -1.047197551   29.201424401   65.033287257   -2.601752990
    1.745329252   -1.047197551   40.253817481   59.750022610   -1.460811428
    1.919862177   -1.047197551   49.554553156   45.812423342   -0.473743630
    2.094395102   -1.047197551   56.035756407   28.198599222    0.373094854
    2.268928028   -1.047197551   59.390287254   10.392097408    1.152343141
    2.443460953   -1.047197551   59.750205963   -5.973980384    1.918597061
    2.617993878   -1.047197551   57.433477322  -20.170869922    2.652150864
    2.792526803   -1.047197551   52.898230295  -31.223951837    3.231337068
    2.967059728   -1.047197551   46.832073687  -37.492394397    3.477828778

   -3.141592654   -0.698131701   40.279509731  -39.677892090    1.043291993
   -2.967059728   -0.698131701   33.765680521  -33.975893362   -0.255112981
   -2.792526803   -0.698131701   28.726295197  -23.185189810   -2.204699280
   -2.617993878   -0.698131701   25.770409710  -10.757385863   -4.674515364
   -2.443460953   -0.698131701   24.834257103   -0.643173990   -7.461990432
   -2.268928028   -0.698131701   25.240538833    4.317335380  -10.386438474
   -2.094395102   -0.698131701   25.998344564    3.486360939  -13.350885141
   -1.919862177   -0.698131701   26.216487715   -1.420586430  -16.306628052
   -1.745329252   -0.698131701   25.455595880   -7.120739466  -19.134761398
   -1.570796327   -0.698131701   23.889488907  -10.127492179  -21.535361420
   -1.396263402   -0.698131701   22.210400493   -8.209167659  -23.043550943
   -1.221730476   -0.698131701   21.315839016   -1.331009299  -23.202009765
   -1.047197551   -0.698131701   21.915693920    8.426904793  -21.800315616
   -0.872664626   -0.698131701   24.245501011   17.920487290  -19.016193278
   -0.698131701   -0.698131701   27.985718118   24.142003955  -15.364746528
   -0.523598776   -0.698131701   32.370605408   25.056838619  -11.503392806
   -0.349065850   -0.698131701   36.371750414   19.674292188   -8.005364400
   -0.174532925   -0.698131701   38.874448243    7.960944178   -5.213300565
    0.000000000   -0.698131701   38.853438019   -8.908012083   -3.204258268
    0.174532925   -0.698131701   35.638991220  -27.944979603   -1.816861236
    0.349065850   -0.698131701   29.272847563  -44.018058679   -0.745850483
    0.523598776   -0.698131701   20.818269080  -50.875497017    0.322846769
    0.698131701   -0.698131701   12.346408408  -43.734924147    1.567430635
    0.872664626   -0.698131701    6.408276845  -22.256891611    2.934195972
    1.047197551   -0.698131701    5.114288331    8.148799864    4.166563931
    1.221730476   -0.698131701    9.244997006   38.270006671    4.949734714
    1.396263402   -0.698131701   17.936847410   59.243328281    5.093047662
    1.570796327   -0.698131701   29.112172623   66.418683181    4.631154490
    1.745329252   -0.698131701   40.362331653   60.638117840    3.793090446
    1.919862177   -0.698131701   49.783757408   46.342506333    2.884107527
    2.094395102   -0.698131701   56.342479665   28.593008543    2.158989118
    2.268928028   -0.698131701   59.766421762   10.807700099    1.750750588
    2.443460953   -0.698131701   60.201155656   -5.546095160    1.657998385
    2.617993878   -0.698131701   57.946318731  -19.944867529    1.765697615
    2.792526803   -0.698131701   53.408682819  -31.541360963    1.862990456
    2.967059728   -0.698131701   47.212466123  -38.723994191    1.701134673

   -3.141592654   -0.349065850   40.280728997  -42.006935759   -0.466859110
   -2.967059728   -0.349065850   33.244601345  -37.622907722   -1.896453453
   -2.792526803   -0.349065850   27.463423746  -27.982041878   -3.954794589
   -2.617993878   -0.349065850   23.598752730  -16.294247315   -6.529295325
   -2.443460953   -0.349065850   21.665832759   -6.456922432   -9.417628308
   -2.268928028   -0.349065850   21.058996522   -1.437996454  -12.410639311
   -2.094395102   -0.349065850   20.831095782   -2.030785049  -15.342550791
   -1.919862177   -0.349065850   20.119682688   -6.509146502  -18.062137226
   -1.745329252   -0.349065850   18.537540745  -11.340475273  -20.347060773
   -1.570796327   -0.349065850   16.364932456  -12.710740359  -21.848026364
   -1.396263402   -0.349065850   14.441139885   -8.299964541  -22.151374664
   -1.221730476   -0.349065850   13.789302081    1.572759729  -20.958801420
   -1.047197551   -0.349065850   15.147145099   14.105176469  -18.287050314
   -0.872664626   -0.349065850   18.644458472   25.412815483  -14.537780969
   -0.698131701   -0.349065850   23.752642449   32.084642299  -10.379212379
   -0.523598776   -0.349065850   29.468404059   32.176345858   -6.506414268
   -0.349065850   -0.349065850   34.577566902   25.165082062   -3.395848523
   -0.174532925   -0.349065850   37.879107668   11.636883115   -1.171663300
    0.000000000   -0.349065850   38.367557118   -6.643427953    0.393064825
    0.174532925   -0.349065850   35.481448782  -26.299007496    1.778819217
    0.349065850   -0.349065850   29.413745673  -42.117746520    3.511922616
    0.523598776   -0.349065850   21.359698044  -48.144113199    5.909133750
    0.698131701   -0.349065850   13.440989848  -40.205730566    8.869601086
    0.872664626   -0.349065850    8.143683228  -18.610466894   11.835638353
    1.047197551   -0.349065850    7.423469564   10.900794347   14.010785301
    1.221730476   -0.349065850   11.893659217   39.311466416   14.739394157
    1.396263402   -0.349065850   20.597784616   58.365963156   13.828679862
    1.570796327   -0.349065850   31.481864165   64.078099632   11.619897611
    1.745329252   -0.349065850   42.255769635   57.671131699    8.789494687
    1.919862177   -0.349065850   51.165973870   43.570769452    6.031570699
    2.094395102   -0.349065850   57.298676980   26.538616973    3.817553713
    2.268928028   -0.349065850   60.440047953    9.619892150    2.319066200
    2.443460953   -0.349065850   60.732265120   -6.036525446    1.467665106
    2.617993878   -0.349065850   58.425196555  -20.139851906    1.052721814
    2.792526803   -0.349065850   53.842542573  -31.952901151    0.786072299
    2.967059728   -0.349065850   47.515281243  -39.888208290    0.368359687

   -3.141592654    0.000000000   40.138618640  -43.789178018   -1.893618320
   -2.967059728    0.000000000   32.691611729  -40.558354852   -3.031925063
   -2.792526803    0.000000000   26.296484979  -32.050016158   -4.598004424
   -2.617993878    0.000000000   21.641555762  -21.220238656   -6.551304078
   -2.443460953    0.000000000   18.802801061  -11.841557992   -8.778180842
   -2.268928028    0.000000000   17.245638293   -6.879750064  -11.133900164
   -2.094395102    0.000000000   16.090967224   -7.142604192  -13.455333839
   -1.919862177    0.000000000   14.549028346  -10.822430679  -15.532780289
   -1.745329252    0.000000000   12.329876187  -14.202368959  -17.070036126
   -1.570796327    0.000000000    9.841176363  -13.344263775  -17.697933759
   -1.396263402    0.000000000    8.048240418   -6.099259212  -17.081641864
   -1.221730476    0.000000000    8.037055250    6.657664010  -15.088486814
   -1.047197551    0.000000000   10.487302580   21.354616383  -11.923779184
   -0.872664626    0.000000000   15.343757092   33.484056289   -8.121589902
   -0.698131701    0.000000000   21.823272600   39.489502364   -4.374844402
   -0.523598776    0.000000000   28.690296442   37.834831936   -1.283646197
   -0.349065850    0.000000000   34.604909963   28.751059427    0.868833897
   -0.174532925    0.000000000   38.382061380   13.633708343    2.202188747
    0.000000000    0.000000000   39.158395702   -5.128667338    3.184882527
    0.174532925    0.000000000   36.591386278  -23.950452083    4.474417487
    0.349065850    0.000000000   31.083942063  -37.947136731    6.648651494
    0.523598776    0.000000000   23.934911651  -42.025033759    9.910103699
    0.698131701    0.000000000   17.190077545  -33.141473537   13.887073720
    0.872664626    0.000000000   13.077672492  -12.449379060   17.671318384
    1.047197551    0.000000000   13.212043970   14.259428540   20.165840128
    1.221730476    0.000000000   17.938124024   38.817599894   20.585863010
    1.396263402    0.000000000   26.229469909   54.281096594   18.819081431
    1.570796327    0.000000000   36.179963517   57.746921892   15.437048887
    1.745329252    0.000000000   45.778539462   50.811756751   11.379655556
    1.919862177    0.000000000   53.551000052   37.574222862    7.530076412
    2.094395102    0.000000000   58.769006530   22.112184147    4.434976360
    2.268928028    0.000000000   61.283897889    6.838221484    2.249712820
    2.443460953    0.000000000   61.211401648   -7.506999124    0.856909349
    2.617993878    0.000000000   58.724547084  -20.833579647    0.013233850
    2.792526803    0.000000000   54.045956374  -32.455706753   -0.560291113
    2.967059728    0.000000000   47.602704788  -40.784195792   -1.123351423

   -3.141592654    0.349065850   39.728235106  -44.959502622   -2.897826300
   -2.967059728    0.349065850   32.016077224  -42.437073819   -3.433860739
   -2.792526803    0.349065850   25.226878597  -34.669606337   -4.107311588
   -2.617993878    0.349065850   20.060607433  -24.421057183   -4.985310774
   -2.443460953    0.349065850   16.631167017  -15.363090177   -6.089022517
   -2.268928028    0.349065850   14.452402974  -10.431865531   -7.383152337
   -2.094395102    0.349065850   12.698443094  -10.397797290   -8.755348692
   -1.919862177    0.349065850   10.644421602  -13.351961744  -10.000579601
   -1.745329252    0.349065850    8.086909653  -15.450937362  -10.831051618
   -1.570796327    0.349065850    5.534119853  -12.748201190  -10.939184646
   -1.396263402    0.349065850    4.032111428   -3.344569161  -10.108522332
   -1.221730476    0.349065850    4.680655035   11.378601920   -8.326713145
   -1.047197551    0.349065850    8.074734044   27.278969248   -5.840887368
   -0.872664626    0.349065850   13.988609884   39.476065272   -3.097577989
   -0.698131701    0.349065850   21.439153796   44.461850180   -0.587506966
   -0.523598776    0.349065850   29.035441029   41.166799630    1.343645480
   -0.349065850    0.349065850   35.388250191   30.511963744    2.643565898
   -0.174532925    0.349065850   39.387036604   14.582105654    3.579341760
    0.000000000    0.349065850   40.346317342   -3.757244475    4.658836158
    0.174532925    0.349065850   38.151320276  -20.872031597    6.456857791
    0.349065850    0.349065850   33.393347843  -32.390626601    9.360455010
    0.523598776    0.349065850   27.420108706  -34.265907777   13.316167827
    0.698131701    0.349065850   22.120165423  -24.694343757   17.709154317
    0.872664626    0.349065850   19.376770106   -5.621004063   21.485573191
    1.047197551    0.349065850   20.400603944   17.343458525   23.553056032
    1.221730476    0.349065850   25.256232420   37.191161185   23.268194929
    1.396263402    0.349065850   32.885722847   48.543927193   20.715812850
    1.570796327    0.349065850   41.599546266   49.661401541   16.630875719
    1.745329252    0.349065850   49.732132697   42.414311838   12.026559195
    1.919862177    0.349065850   56.128267901   30.388527062    7.769529238
    2.094395102    0.349065850   60.253139055   16.815053639    4.343038292
    2.268928028    0.349065850   62.010149087    3.404393135    1.840472922
    2.443460953    0.349065850   61.472284827   -9.487323396    0.120282882
    2.617993878    0.349065850   58.728631588  -21.889521541   -1.033712281
    2.792526803    0.349065850   53.908765470  -33.098281218   -1.822129853
    2.967059728    0.349065850   47.352221131  -41.484910884   -2.401782807

   -3.141592654    0.698131701   39.432366297  -44.976791352   -4.081392611
   -2.967059728    0.698131701   31.702954498  -42.647584071   -4.092013918
   -2.792526803    0.698131701   24.843705926  -35.284252751   -3.927609981
   -2.617993878    0.698131701   19.526294162  -25.545284847   -3.751228335
   -2.443460953    0.698131701   15.855891746  -16.988917225   -3.722539071
   -2.268928028    0.698131701   13.358344964  -12.425257109   -3.934793161
   -2.094395102    0.698131701   11.243694836  -12.479016550   -4.362366257
   -1.919862177    0.698131701    8.848510674  -15.099893586   -4.855263201
   -1.745329252    0.698131701    6.051104892  -16.370689460   -5.187823728
   -1.570796327    0.698131701    3.441788068  -12.424435290   -5.148000007
   -1.396263402    0.698131701    2.118525236   -1.625158395   -4.624277592
   -1.221730476    0.698131701    3.175588884   14.267478892   -3.647968126
   -1.047197551    0.698131701    7.137062724   30.775626811   -2.377873338
   -0.872664626    0.698131701   13.662287662   42.867038682   -1.032023418
   -0.698131701    0.698131701   21.651966617   47.173822406    0.199843567
   -0.523598776    0.698131701   29.645561247   43.019948333    1.240306518
   -0.349065850    0.698131701   36.266852230   31.831397698    2.185360037
   -0.174532925    0.698131701   40.503987645   16.150197894    3.297929479
    0.000000000    0.698131701   41.831841917   -0.934755777    4.946632375
    0.174532925    0.698131701   40.302826491  -15.965470940    7.466565953
    0.349065850    0.698131701   36.603603812  -25.218929057   10.965279675
    0.523598776    0.698131701   32.028405872  -25.646610098   15.147873886
    0.698131701    0.698131701   28.233851338  -16.425891189   19.282461424
    0.872664626    0.698131701   26.741994986    0.091776477   22.374964685
    1.047197551    0.698131701   28.408464263   18.804342951   23.549369119
    1.221730476    0.698131701   33.105198093   33.964155847   22.440041293
    1.396263402    0.698131701   39.825256734   41.612073423   19.346474750
    1.570796327    0.698131701   47.139201436   40.894753413   15.077110691
    1.745329252    0.698131701   53.723876047   33.725353458   10.574169403
    1.919862177    0.698131701   58.711183401   23.085814645    6.552777264
    2.094395102    0.698131701   61.724512876   11.402470378    3.341142602
    2.268928028    0.698131701   62.697808165   -0.211727836    0.929862444
    2.443460953    0.698131701   61.659109272  -11.677911432   -0.852536049
    2.617993878    0.698131701   58.627885387  -23.056253012   -2.180661775
    2.792526803    0.698131701   53.668068447  -33.579025509   -3.150538704
    2.967059728    0.698131701   47.063160136  -41.579277808   -3.784921480

   -3.141592654    1.047197551   37.577670109  -44.924998991   -7.207562786
   -2.967059728    1.047197551   29.944332370  -41.633963065   -7.033244273
   -2.792526803    1.047197551   23.318482989  -33.705195268   -6.301973214
   -2.617993878    1.047197551   18.285686844  -23.957248573   -5.258932619
   -2.443460953    1.047197551   14.855300533  -15.892966097   -4.202997779
   -2.268928028    1.047197551   12.486526284  -12.054840358   -3.365671488
   -2.094395102    1.047197551   10.379529342  -12.715225965   -2.823528851
   -1.919862177    1.047197551    7.916763430  -15.563351327   -2.502647311
   -1.745329252    1.047197551    5.050583888  -16.631806493   -2.264773006
   -1.570796327    1.047197551    2.435195407  -12.207636773   -2.013831482
   -1.396263402    1.047197551    1.196055811   -0.892989050   -1.743286920
   -1.221730476    1.047197551    2.416441063   15.366519757   -1.498371509
   -1.047197551    1.047197551    6.587481801   32.040147718   -1.300232214
   -0.872664626    1.047197551   13.336206863   44.142867783   -1.095818565
   -0.698131701    1.047197551   21.547131305   48.439645576   -0.767490462
   -0.523598776    1.047197551   29.770608946   44.433544599   -0.168641721
   -0.349065850    1.047197551   36.675721750   33.744571962    0.860135668
   -0.174532925    1.047197551   41.326625120   19.069120391    2.482795614
    0.000000000    1.047197551   43.289129600    3.488473284    4.850495936
    0.174532925    1.047197551   42.682511961   -9.827533800    8.022857018
    0.349065850    1.047197551   40.182278734  -17.749749522   11.844382209
    0.523598776    1.047197551   36.950215466  -17.969714038   15.848720080
    0.698131701    1.047197551   34.393617199  -10.215713440   19.295658969
    0.872664626    1.047197551   33.735107689    3.195653965   21.372894740
    1.047197551    1.047197551   35.598641526   17.902642445   21.516955480
    1.221730476    1.047197551   39.797727040   29.302213088   19.674416207
    1.396263402    1.047197551   45.462730682   34.450525485   16.321889510
    1.570796327    1.047197551   51.430257102   32.901475001   12.249519725
    1.745329252    1.047197551   56.652454906   26.285898336    8.222574622
    1.919862177    1.047197551   60.446602776   16.910605481    4.721034157
    2.094395102    1.047197551   62.499605974    6.538629418    1.872228383
    2.268928028    1.047197551   62.716712119   -4.075044761   -0.446875090
    2.443460953    1.047197551   61.065905137  -14.867949308   -2.427180742
    2.617993878    1.047197551   57.525899176  -25.688050284   -4.179190343
    2.792526803    1.047197551   52.162623006  -35.524002914   -5.663860660
    2.967059728    1.047197551   45.293873460  -42.592709597   -6.730521244

   -3.141592654    1.396263402   33.593988721  -46.496251193  -10.692748185
   -2.967059728    1.396263402   25.855633321  -41.251463546  -10.608234838
   -2.792526803    1.396263402   19.455968035  -31.570671390   -9.670193684
   -2.617993878    1.396263402   14.903706117  -20.716862871   -8.168213962
   -2.443460953    1.396263402   12.075674064  -12.360874035   -6.477147831
   -2.268928028    1.396263402   10.299911686   -8.868448636   -4.896402660
   -2.094395102    1.396263402    8.696584333  -10.144031096   -3.548842768
   -1.919862177    1.396263402    6.629964617  -13.576880422   -2.404882401
   -1.745329252    1.396263402    4.066883159  -15.137366882   -1.401419053
   -1.570796327    1.396263402    1.668240535  -11.237731741   -0.555713575
   -1.396263402    1.396263402    0.543632374   -0.573856113    0.026815415
   -1.221730476    1.396263402    1.760282799   15.011887342    0.257986587
   -1.047197551    1.396263402    5.828292731   31.274522035    0.185845898
   -0.872664626    1.396263402   12.444698207   43.486478320    0.024298884
   -0.698131701    1.396263402   20.595590508   48.500262366    0.064187805
   -0.523598776    1.396263402   28.929642570   45.707588606    0.553366279
   -0.349065850    1.396263402   36.185849629   36.522829459    1.636599104
   -0.174532925    1.396263402   41.459999300   23.427632465    3.373913108
    0.000000000    1.396263402   44.311160781    9.261847314    5.770350724
    0.174532925    1.396263402   44.803365173   -3.126897009    8.746793791
    0.349065850    1.396263402   43.492785707  -11.003633538   12.055692573
    0.523598776    1.396263402   41.355867719  -12.378167836   15.224975046
    0.698131701    1.396263402   39.583655022   -6.995315134   17.622864248
    0.872664626    1.396263402   39.219734305    3.283816724   18.655456143
    1.047197551    1.396263402   40.822775344   14.914661563   18.018820707
    1.221730476    1.396263402   44.290409842   24.101443367   15.850782044
    1.396263402    1.396263402   48.948064392   28.327303976   12.666857776
    1.570796327    1.396263402   53.853459737   27.009026978    9.132370760
    1.745329252    1.396263402   58.116738327   21.238066101    5.792025135
    1.919862177    1.396263402   61.107205414   12.705024438    2.904589563
    2.094395102    1.396263402   62.471150100    2.762993937    0.439816742
    2.268928028    1.396263402   62.029975084   -7.912653589   -1.797305586
    2.443460953    1.396263402   59.680691165  -19.050721915   -3.995058771
    2.617993878    1.396263402   55.384252576  -30.112122851   -6.198767442
    2.792526803    1.396263402   49.260136429  -39.700125294   -8.251332822
    2.967059728    1.396263402   41.734921241  -45.795338716   -9.854048495

   -3.141592654    1.745329252   28.861492004  -48.250156359  -14.391257585
   -2.967059728    1.745329252   21.012000096  -40.764892913  -14.896405520
   -2.792526803    1.745329252   14.874926437  -29.141977900  -14.240558301
   -2.617993878    1.745329252   10.863462035  -17.092518092  -12.623879655
   -2.443460953    1.745329252    8.709925637   -8.383659602  -10.406849672
   -2.268928028    1.745329252    7.613476874   -5.126983814   -7.939673273
   -2.094395102    1.745329252    6.624789314   -6.852020167   -5.434561706
   -1.919862177    1.745329252    5.093310830  -10.734343143   -2.966792351
   -1.745329252    1.745329252    2.984154288  -12.804089566   -0.589417734
   -1.570796327    1.745329252    0.931982607   -9.652092528    1.547163164
   -1.396263402    1.745329252    0.000000000    0.017986348    3.193150316
   -1.221730476    1.745329252    1.234324878   14.657137102    4.135231979
   -1.047197551    1.745329252    5.192210178   30.473112796    4.356319165
   -0.872664626    1.745329252   11.686569617   43.018377656    4.089755263
   -0.698131701    1.745329252   19.838560528   49.073196768    3.715535715
   -0.523598776    1.745329252   28.391955099   47.669633912    3.594764123
   -0.349065850    1.745329252   36.111773949   39.838927889    3.953124336
   -0.174532925    1.745329252   42.062593869   27.803289279    4.870260042
    0.000000000    1.745329252   45.738850937   14.256126514    6.306485860
    0.174532925    1.745329252   47.116373154    1.907112613    8.108434934
    0.349065850    1.745329252   46.635691826   -6.667092408    9.986763690
    0.523598776    1.745329252   45.135368182   -9.544920264   11.529423211
    0.698131701    1.745329252   43.677876435   -6.288439144   12.301924556
    0.872664626    1.745329252   43.236855139    1.719530910   12.016607530
    1.047197551    1.745329252   44.397258486   11.523292937   10.673606073
    1.221730476    1.745329252   47.174047311   19.730786424    8.576318228
    1.396263402    1.745329252   51.049342838   23.861341266    6.186032889
    1.570796327    1.745329252   55.211865601   23.021320345    3.915229320
    1.745329252    1.745329252   58.831870247   17.836664318    1.967631318
    1.919862177    1.745329252   61.260906708    9.602917543    0.300957962
    2.094395102    1.745329252   62.074743280   -0.519134815   -1.301985834
    2.268928028    1.745329252   61.012655506  -11.795900241   -3.102335737
    2.443460953    1.745329252   57.919953939  -23.675092987   -5.274259129
    2.617993878    1.745329252   52.768676082  -35.187438685   -7.805443612
    2.792526803    1.745329252   45.766667274  -44.531604334  -10.452693302
    2.967059728    1.745329252   37.484847620  -49.473209666  -12.802125537

   -3.141592654    2.094395102   23.513873914  -51.184188801  -13.907362617
   -2.967059728    2.094395102   15.350619787  -41.377688072  -14.481898725
   -2.792526803    2.094395102    9.311983525  -27.451497264  -13.858240357
   -2.617993878    2.094395102    5.762054186  -13.608555134  -12.168016960
   -2.443460953    2.094395102    4.320063421   -3.834696254   -9.707976981
   -2.268928028    2.094395102    4.063779001   -0.129527472   -6.781524645
   -2.094395102    2.094395102    3.959884294   -1.745933820   -3.583341149
   -1.919862177    2.094395102    3.317543248   -5.675072032   -0.214613131
   -1.745329252    2.094395102    2.073431799   -8.001284660    3.191390164
   -1.570796327    2.094395102    0.809095627   -5.509984952    6.352430291
   -1.396263402    2.094395102    0.507653420    3.027792251    8.857289553
   -1.221730476    2.094395102    2.148653450   16.290213125   10.342020924
   -1.047197551    2.094395102    6.283986807   30.936045147   10.691359218
   -0.872664626    2.094395102   12.798381750   42.895292949   10.118268574
   -0.698131701    2.094395102   20.928602916   49.050316648    9.052899898
   -0.523598776    2.094395102   29.524784568   48.233688916    7.941937591
   -0.349065850    2.094395102   37.410480782   41.178041085    7.083350176
   -0.174532925    2.094395102   43.657570334   29.823290157    6.583435502
    0.000000000    2.094395102   47.724588176   16.643021968    6.381120663
    0.174532925    2.094395102   49.515704018    4.154529185    6.291354637
    0.349065850    2.094395102   49.369306230   -5.198365279    6.055630048
    0.523598776    2.094395102   48.012053742   -9.452865105    5.426819789
    0.698131701    2.094395102   46.425855780   -7.854138594    4.282898354
    0.872664626    2.094395102   45.580056806   -1.264095488    2.721468956
    1.047197551    2.094395102   46.145279994    7.830496938    1.042866461
    1.221730476    2.094395102   48.278379833   16.179804562   -0.384610421
    1.396263402    2.094395102   51.592762010   21.048961032   -1.311360115
    1.570796327    2.094395102   55.340529676   21.059543521   -1.724081886
    1.745329252    2.094395102   58.669422247   16.380495215   -1.832641263
    1.919862177    2.094395102   60.845605548    8.056900621   -1.964445058
    2.094395102    2.094395102   61.336675960   -2.758534664   -2.441378988
    2.268928028    2.094395102   59.790661726  -15.145877351   -3.489943883
    2.443460953    2.094395102   56.006926026  -28.223843295   -5.191512896
    2.617993878    2.094395102   49.977477224  -40.600165707   -7.446639921
    2.792526803    2.094395102   42.005412563  -50.078286507   -9.956960606
    2.967059728    2.094395102   32.814134254  -54.171956174  -12.274962198

   -3.141592654    2.443460953   19.071819216  -53.801331099   -8.561050545
   -2.967059728    2.443460953   10.625708847  -41.936204860   -8.728607092
   -2.792526803    2.443460953    4.683881729  -25.800441494   -7.998778983
   -2.617993878    2.443460953    1.596950944  -10.028901933   -6.415268897
   -2.443460953    2.443460953    0.911404191    1.163638989   -4.136233177
   -2.268928028    2.443460953    1.615426422    5.808321218   -1.329244854
   -2.094395102    2.443460953    2.605218735    4.804368954    1.899587047
   -1.919862177    2.443460953    3.140247500    1.212522189    5.473319516
   -1.745329252    2.443460953    3.097579398   -1.217943823    9.225596229
   -1.570796327    2.443460953    2.958193573    0.460903313   12.798563925
   -1.396263402    2.443460953    3.569463935    7.391204828   15.672351410
   -1.221730476    2.443460953    5.790669307   18.521717376   17.349429700
   -1.047197551    2.443460953   10.127828813   31.065244219   17.580681843
   -0.872664626    2.443460953   16.519078215   41.472667397   16.484919369
   -0.698131701    2.443460953   24.322764253   46.859984877   14.476670105
   -0.523598776    2.443460953   32.519710506   45.929773459   12.068373343
   -0.349065850    2.443460953   40.021312974   39.104046669    9.666374615
   -0.174532925    2.443460953   45.928723132   27.980562168    7.470569124
    0.000000000    2.443460953   49.676992409   14.772821542    5.469299291
    0.174532925    2.443460953   51.111842081    1.871132669    3.503042344
    0.349065850    2.443460953   50.505472433   -8.224966683    1.375426114
    0.523598776    2.443460953   48.547908772  -13.275592066   -1.006952666
    0.698131701    2.443460953   46.249289110  -12.081252054   -3.524190815
    0.872664626    2.443460953   44.684633202   -5.118744052   -5.820541281
    1.047197551    2.443460953   44.672210071    5.193837312   -7.438214335
    1.221730476    2.443460953   46.490957430   15.253257003   -8.040823510
    1.396263402    2.443460953   49.788723295   21.718235505   -7.593720617
    1.570796327    2.443460953   53.747723718   22.676697166   -6.392822986
    1.745329252    2.443460953   57.376938084   18.060611182   -4.923007821
    1.919862177    2.443460953   59.791803282    9.000019633   -3.664160949
    2.094395102    2.443460953   60.341938653   -3.084956201   -2.951619486
    2.268928028    2.443460953   58.609298977  -16.969526049   -2.933863562
    2.443460953    2.443460953   54.379965001  -31.468333890   -3.597416382
    2.617993878    2.443460953   47.685980797  -44.872897475   -4.795068981
    2.792526803    2.443460953   38.926367819  -54.693097924   -6.259120047
    2.967059728    2.443460953   28.964922114  -58.229353418   -7.639599030

   -3.141592654    2.792526803   17.475646125  -54.424448976    0.935020519
   -2.967059728    2.792526803    9.006066199  -41.542391637    1.744101858
   -2.792526803    2.792526803    3.235188403  -24.226555218    2.887824986
   -2.617993878    2.792526803    0.527290999   -7.268661825    4.391502504
   -2.443460953    2.792526803    0.422364564    5.043738887    6.267491242
   -2.268928028    2.792526803    1.897149535   10.752759194    8.531276580
   -2.094395102    2.792526803    3.839131233   10.754964898   11.193265332
   -1.919862177    2.792526803    5.487764404    7.965894730   14.202365096
   -1.745329252    2.792526803    6.657921057    5.803691089   17.361747174
   -1.570796327    2.792526803    7.703009793    6.834301639   20.281098007
   -1.396263402    2.792526803    9.290718948   12.031093766   22.435960064
   -1.221730476    2.792526803   12.104854443   20.573509282   23.338651887
   -1.047197551    2.792526803   16.550007188   30.264296837   22.740483030
   -0.872664626    2.792526803   22.577536544   38.219894976   20.740440261
   -0.698131701    2.792526803   29.658579773   41.987343476   17.735659565
   -0.523598776    2.792526803   36.927941452   40.299305860   14.246862224
   -0.349065850    2.792526803   43.426761530   33.308867315   10.716734789
   -0.174532925    2.792526803   48.325832742   22.227469725    7.384741725
    0.000000000    2.792526803   51.068086152    8.968038455    4.263260601
    0.174532925    2.792526803   51.472098065   -4.161007223    1.203643694
    0.349065850    2.792526803   49.790729610  -14.479009885   -1.957472856
    0.523598776    2.792526803   46.746136213  -19.373273357   -5.229225163
    0.698131701    2.792526803   43.450278967  -17.245465333   -8.359800635
    0.872664626    2.792526803   41.132445009   -8.428495254  -10.864614592
    1.047197551    2.792526803   40.754331521    4.381571585  -12.230831424
    1.221730476    2.792526803   42.654822719   16.950012950  -12.182932376
    1.396263402    2.792526803   46.421744729   25.242271118  -10.839251313
    1.570796327    2.792526803   51.077430602   26.949968402   -8.667160357
    1.745329252    2.792526803   55.439167867   22.032047766   -6.261347360
    1.919862177    2.792526803   58.466092680   11.962653759   -4.110352968
    2.094395102    2.792526803   59.421891574   -1.412302713   -2.468452345
    2.268928028    2.792526803   57.869970060  -16.545284383   -1.364339359
    2.443460953    2.792526803   53.621949468  -32.059411640   -0.687782486
    2.617993878    2.792526803   46.760677467  -46.133150497   -0.277731172
    2.792526803    2.792526803   37.752960042  -56.206017992    0.034744563
    2.967059728    2.792526803   27.540571747  -59.523051757    0.396835040
