#! FIELDS phi psi file.free der_phi der_psi
#! SET min_phi -pi
#! SET max_phi pi
#! SET nbins_phi  36
#! SET periodic_phi true
#! SET min_psi -pi
#! SET max_psi pi
#! SET nbins_psi  18
#! SET periodic_psi true
   -3.141592654   -3.141592654   17.467245552  -53.093967949   17.046259283
   -2.967059728   -3.141592654    9.658147913  -35.782711314   19.200018718
   -2.792526803   -3.141592654    5.081360689  -16.850865708   20.548126398
   -2.617993878   -3.141592654    3.619298501   -0.723121030   21.176924454
   -2.443460953   -3.141592654    4.485743329    9.521260204   21.403909453
   -2.268928028   -3.141592654    6.568484717   13.350288293   21.690539345
   -2.094395102   -3.141592654    8.878417306   12.581199359   22.490282962
   -1.919862177   -3.141592654   10.875380407   10.308085985   24.090084278
   -1.745329252   -3.141592654   12.571090070    9.550173139   26.493049942
   -1.570796327   -3.141592654   14.422204453   12.290644141   29.370476830
   -1.396263402   -3.141592654   17.106910714   19.043224635   32.127283656
   -1.221730476   -3.141592654   21.259087754   28.784009651   34.060341583
   -1.047197551   -3.141592654   27.213189466   39.237591917   34.569779358
   -0.872664626   -3.141592654   34.840707563   47.462110015   33.316729133
   -0.698131701   -3.141592654   43.513336832   50.838646834   30.280438070
   -0.523598776   -3.141592654   52.227263727   47.788481527   25.703236076
   -0.349065850   -3.141592654   59.821740595   38.086836556   19.978766833
   -0.174532925   -3.141592654   65.198191882   22.579956407   13.568447567
    0.000000000   -3.141592654   67.486387789    3.085237386    6.944993773
    0.174532925   -3.141592654   66.217303803  -17.638037031    0.550902925
    0.349065850   -3.141592654   61.500852612  -35.686152622   -5.205874561
    0.523598776   -3.141592654   54.200853458  -46.446582258   -9.953519475
    0.698131701   -3.141592654   45.958013521  -46.014152701  -13.366804340
    0.872664626   -3.141592654   38.891839594  -33.053076814  -15.210255151
    1.047197551   -3.141592654   35.012090004  -10.293411029  -15.433407700
    1.221730476   -3.141592654   35.507904158   15.818329631  -14.245719217
    1.396263402   -3.141592654   40.270937587   37.364984248  -12.074691562
    1.570796327   -3.141592654   47.908026258   47.950053605   -9.420130307
    1.745329252   -3.141592654   56.210970107   44.925018383   -6.661928591
    1.919862177   -3.141592654   62.873008712   29.666867696   -3.964500713
    2.094395102   -3.141592654   66.102505131    6.452329263   -1.292350991
    2.268928028   -3.141592654   64.978527808  -19.309277485    1.481467683
    2.443460953   -3.141592654   59.514542964  -42.512340065    4.464350651
    2.617993878   -3.141592654   50.525668676  -59.165977406    7.670471349
    2.792526803   -3.141592654   39.399782265  -66.738285783   10.997822346
    2.967059728   -3.141592654   27.821971927  -64.377170975   14.221743610

   -3.141592654   -2.792526803   25.004980202  -48.659567639   24.999977687
   -2.967059728   -2.792526803   17.799192535  -33.330836280   26.929607828
   -2.792526803   -2.792526803   13.481860154  -16.273455353   27.790216317
   -2.617993878   -2.792526803   11.996000713   -1.445372847   27.832490991
   -2.443460953   -2.792526803   12.688651768    8.417108789   27.520391289
   -2.268928028   -2.792526803   14.618684641   12.859739001   27.391687550
   -2.094395102   -2.792526803   16.957505103   13.503717971   27.875910771
   -1.919862177   -2.792526803   19.269742106   13.019691682   29.147200168
   -1.745329252   -2.792526803   21.583972043   13.842607473   31.057921503
   -1.570796327   -2.792526803   24.265647976   17.334551609   33.150285979
   -1.396263402   -2.792526803   27.801652846   23.509713686   34.764063568
   -1.221730476   -2.792526803   32.570863251   31.155167572   35.203283340
   -1.047197551   -2.792526803   38.657332613   38.221571162   33.941728002
   -0.872664626   -2.792526803   45.755474081   42.368811802   30.768548397
   -0.698131701   -2.792526803   53.181794585   41.737187976   25.836828971
   -0.523598776   -2.792526803   60.007551808   35.434413697   19.592620993
   -0.349065850   -2.792526803   65.249583514   23.723860140   12.634934546
   -0.174532925   -2.792526803   68.050520588    7.694230937    5.591148254
    0.000000000   -2.792526803   67.803123961  -10.846170662   -0.963876949
    0.174532925   -2.792526803   64.280308212  -29.340151431   -6.564358220
    0.349065850   -2.792526803   57.784478120  -44.249095038  -10.863532012
    0.523598776   -2.792526803   49.300473656  -51.405369920  -13.649660856
    0.698131701   -2.792526803   40.509389928  -47.365148866  -14.862243333
    0.872664626   -2.792526803   33.490669419  -31.254781471  -14.605924242
    1.047197551   -2.792526803   30.138399485   -6.201330220  -13.166391173
    1.221730476   -2.792526803   31.470820120   21.149182659  -10.967529913
    1.396263402   -2.792526803   37.200250470   42.983036159   -8.443314394
    1.570796327   -2.792526803   45.799489513   53.319470753   -5.889233899
    1.745329252   -2.792526803   55.012333828   50.019633790   -3.362033955
    1.919862177   -2.792526803   62.563919205   34.842257117   -0.715054590
    2.094395102   -2.792526803   66.736797535   12.145389573    2.276656949
    2.268928028   -2.792526803   66.672549884  -12.851055411    5.766096921
    2.443460953   -2.792526803   62.400349926  -35.366625223    9.739717350
    2.617993878   -2.792526803   54.692598647  -51.723010044   14.003234289
    2.792526803   -2.792526803   44.848280156  -59.623358835   18.229412191
    2.967059728   -2.792526803   34.433724717  -58.295836449   22.020165937

   -3.141592654   -2.443460953   33.551139466  -44.167583348   22.950285126
   -2.967059728   -2.443460953   26.955397220  -30.833561933   24.506382762
   -2.792526803   -2.443460953   22.915961631  -15.504747765   25.185344330
   -2.617993878   -2.443460953   21.460734361   -1.723902568   25.215659307
   -2.443460953   -2.443460953   22.080062776    8.010207227   24.950371251
   -2.268928028   -2.443460953   23.990863354   13.162353230   24.766010842
   -2.094395102   -2.443460953   26.481764554   14.977017493   24.931795917
   -1.919862177   -2.443460953   29.151009428   15.577335893   25.503448314
   -1.745329252   -2.443460953   31.961214464   16.819088380   26.289067886
   -1.570796327   -2.443460953   35.120050329   19.623344586   26.878778883
   -1.396263402   -2.443460953   38.900899939   23.820021279   26.753666287
   -1.221730476   -2.443460953   43.465738014   28.364119803   25.427563834
   -1.047197551   -2.443460953   48.743721633   31.716097511   22.608411317
   -0.872664626   -2.443460953   54.385040698   32.273718223   18.292590726
   -0.698131701   -2.443460953   59.791644569   28.888919179   12.776207953
   -0.523598776   -2.443460953   64.228028348   21.156577187    6.570332166
   -0.349065850   -2.443460953   66.961027951    9.501824115    0.268885082
   -0.174532925   -2.443460953   67.384973245   -5.105549108   -5.565489229
    0.000000000   -2.443460953   65.105030981  -21.194028163  -10.469958310
    0.174532925   -2.443460953   60.037373175  -36.618681324  -14.133151594
    0.349065850   -2.443460953   52.555043978  -48.262624792  -16.399965426
    0.523598776   -2.443460953   43.644959946  -52.319367164  -17.273944706
    0.698131701   -2.443460953   34.933155151  -45.625897558  -16.900963783
    0.872664626   -2.443460953   28.400210659  -27.540588773  -15.537203118
    1.047197551   -2.443460953   25.808251418   -1.332873492  -13.517626365
    1.221730476   -2.443460953   28.031820779   26.383921968  -11.189728647
    1.396263402   -2.443460953   34.665112103   48.051793226   -8.811701830
    1.570796327   -2.443460953   44.123590624   58.118522089   -6.472994982
    1.745329252   -2.443460953   54.170188546   54.845773218   -4.075420186
    1.919862177   -2.443460953   62.602708123   40.187125911   -1.417636731
    2.094395102   -2.443460953   67.785346595   18.409842050    1.682640690
    2.268928028   -2.443460953   68.904685300   -5.579949447    5.277430758
    2.443460953   -2.443460953   65.972619752  -27.368417187    9.246067285
    2.617993878   -2.443460953   59.684743998  -43.569493075   13.323453895
    2.792526803   -2.443460953   51.225297987  -52.044229630   17.174431931
    2.967059728   -2.443460953   42.032648138  -52.001476065   20.468841967

   -3.141592654   -2.094395102   39.892914495  -40.694628115   13.669048292
   -2.967059728   -2.094395102   33.783226511  -28.730142510   14.616668545
   -2.792526803   -2.094395102   30.004002237  -14.578461279   15.132304528
   -2.617993878   -2.094395102   28.635041290   -1.585974957   15.335302045
   -2.443460953   -2.094395102   29.246410811    7.863110132   15.355967085
   -2.268928028   -2.094395102   31.138980062   13.155995726   15.309575102
   -2.094395102   -2.094395102   33.654565741   15.260471758   15.249617610
   -1.919862177   -2.094395102   36.383851766   15.911619899   15.120214883
   -1.745329252   -2.094395102   39.214023405   16.590377311   14.744814732
   -1.570796327   -2.094395102   42.224002047   18.011318994   13.853745736
   -1.396263402   -2.094395102   45.544084342   20.045511173   12.168146948
   -1.221730476   -2.094395102   49.223422527   21.965279155    9.497652876
   -1.047197551   -2.094395102   53.154086680   22.741860564    5.840393283
   -0.872664626   -2.094395102   57.045900175   21.353510725    1.416813659
   -0.698131701   -2.094395102   60.451822663   17.094097242   -3.367612476
   -0.523598776   -2.094395102   62.844282148    9.749003329   -8.025129894
   -0.349065850   -2.094395102   63.705262134   -0.363722647  -12.108315536
   -0.174532925   -2.094395102   62.605027039  -12.591709687  -15.303043588
    0.000000000   -2.094395102   59.257325131  -25.913172233  -17.462787538
    0.174532925   -2.094395102   53.605806857  -38.623742178  -18.613906173
    0.349065850   -2.094395102   45.982268227  -47.952772278  -18.905253226
    0.523598776   -2.094395102   37.286178561  -50.274746809  -18.546452175
    0.698131701   -2.094395102   29.038059975  -42.444355943  -17.737698447
    0.872664626   -2.094395102   23.119153762  -23.757088103  -16.617773715
    1.047197551   -2.094395102   21.208578007    2.638020798  -15.259965078
    1.221730476   -2.094395102   24.122748030   30.305806175  -13.690132318
    1.396263402   -2.094395102   31.434087515   51.914410240  -11.893654489
    1.570796327   -2.094395102   41.576488686   62.140133564   -9.830760524
    1.745329252   -2.094395102   52.363624347   59.358028686   -7.451094201
    1.919862177   -2.094395102   61.648488832   45.463745009   -4.733062525
    2.094395102   -2.094395102   67.826225384   24.514629723   -1.716613266
    2.268928028   -2.094395102   70.071476693    1.153145038    1.478210024
    2.443460953   -2.094395102   68.341783614  -20.412401218    4.663608842
    2.617993878   -2.094395102   63.251894636  -36.887390574    7.626123203
    2.792526803   -2.094395102   55.900156750  -46.115023327   10.179078297
    2.967059728   -2.094395102   47.650274847  -47.197910876   12.205963500

   -3.141592654   -1.745329252   41.873935811  -39.374259074    4.940379217
   -2.967059728   -1.745329252   35.967642117  -27.700067413    5.388333923
   -2.792526803   -1.745329252   32.351678316  -13.735349405    5.744709328
   -2.617993878   -1.745329252   31.112567755   -0.956366024    5.988143235
   -2.443460953   -1.745329252   31.808072249    8.175038675    6.025685698
   -2.268928028   -1.745329252   33.715785421   12.988249048    5.730956082
   -2.094395102   -1.745329252   36.143389794   14.372797901    4.972847559
   -1.919862177   -1.745329252   38.631039366   13.967523346    3.634152706
   -1.745329252   -1.745329252   41.000580081   13.190383928    1.639582487
   -1.570796327   -1.745329252   43.264735523   12.830977796   -1.010288493
   -1.396263402   -1.745329252   45.517524968   13.017765541   -4.203745285
   -1.221730476   -1.745329252   47.830987912   13.445002955   -7.721151422
   -1.047197551   -1.745329252   50.199399519   13.528875663  -11.265417019
   -0.872664626   -1.745329252   52.503073700   12.564741868  -14.519907231
   -0.698131701   -1.745329252   54.496174921    9.871638472  -17.199114957
   -0.523598776   -1.745329252   55.830351397    4.956111355  -19.086360442
   -0.349065850   -1.745329252   56.096435413   -2.370384596  -20.063105778
   -0.174532925   -1.745329252   54.878132631  -12.007393479  -20.139409625
    0.000000000   -1.745329252   51.812453384  -23.405695878  -19.473349774
    0.174532925   -1.745329252   46.698952148  -35.126016906  -18.366776999
    0.349065850   -1.745329252   39.701892478  -44.411204619  -17.190510205
    0.523598776   -1.745329252   31.574673283  -47.379135701  -16.264175619
    0.698131701   -1.745329252   23.753903916  -40.443220222  -15.731627429
    0.872664626   -1.745329252   18.117550295  -22.454729808  -15.501980835
    1.047197551   -1.745329252   16.408379372    3.732405552  -15.302546580
    1.221730476   -1.745329252   19.537744651   31.756506057  -14.809412114
    1.396263402   -1.745329252   27.167299346   54.154260147  -13.770115931
    1.570796327   -1.745329252   37.786203461   65.360056311  -12.089004408
    1.745329252   -1.745329252   49.218492286   63.489325669   -9.834200690
    1.919862177   -1.745329252   59.285554271   50.226001495   -7.203441851
    2.094395102   -1.745329252   66.321517431   29.505394820   -4.457640805
    2.268928028   -1.745329252   69.426845418    5.941416938   -1.856989060
    2.443460953   -1.745329252   68.487948308  -16.196544190    0.391894072
    2.617993878   -1.745329252   64.065652697  -33.480567078    2.170735366
    2.792526803   -1.745329252   57.233026340  -43.570126780    3.461709168
    2.967059728   -1.745329252   49.361883537  -45.388356319    4.343179400

   -3.141592654   -1.396263402   40.993013472  -39.432002644    0.706086203
   -2.967059728   -1.396263402   35.098333339  -27.507478747    0.582976117
   -2.792526803   -1.396263402   31.534167783  -13.381902124    0.468044431
   -2.617993878   -1.396263402   30.345994739   -0.806669188    0.309389838
   -2.443460953   -1.396263402   31.013713036    7.619568798   -0.048495821
   -2.268928028   -1.396263402   32.726304392   11.236333744   -0.825276197
   -2.094395102   -1.396263402   34.715529918   11.056367373   -2.257271064
   -1.919862177   -1.396263402   36.474647912    8.931252889   -4.527993295
   -1.745329252   -1.396263402   37.822652593    6.570902402   -7.680608621
   -1.570796327   -1.396263402   38.826802373    5.127178377  -11.540012927
   -1.396263402   -1.396263402   39.699350107    5.067474939  -15.701348180
   -1.221730476   -1.396263402   40.678507842    6.280658664  -19.618111502
   -1.047197551   -1.396263402   41.937541566    8.122080557  -22.752260712
   -0.872664626   -1.396263402   43.503899448    9.601427492  -24.711676887
   -0.698131701   -1.396263402   45.215010405    9.610751690  -25.316269027
   -0.523598776   -1.396263402   46.730903713    7.242634560  -24.592195699
   -0.349065850   -1.396263402   47.583170364    1.954581441  -22.742080289
   -0.174532925   -1.396263402   47.241927908   -6.429343759  -20.120146769
    0.000000000   -1.396263402   45.188168132  -17.566628613  -17.202819190
    0.174532925   -1.396263402   41.038638809  -30.092541626  -14.521217896
    0.349065850   -1.396263402   34.781232972  -41.090697972  -12.532997387
    0.523598776   -1.396263402   27.047192563  -46.220871369  -11.478370359
    0.698131701   -1.396263402   19.251675318  -41.224021254  -11.290030019
    0.872664626   -1.396263402   13.369574550  -24.312831861  -11.618514320
    1.047197551   -1.396263402   11.329683434    1.991618007  -11.975330414
    1.221730476   -1.396263402   14.249399048   31.236051691  -11.923416436
    1.396263402   -1.396263402   21.945661781   55.480870551  -11.211673645
    1.570796327   -1.396263402   32.961994914   68.526172573   -9.821684865
    1.745329252   -1.396263402   45.070749337   67.940182028   -7.923638886
    1.919862177   -1.396263402   55.966779484   55.117937637   -5.791628310
    2.094395102   -1.396263402   63.833880932   34.006664260   -3.714424017
    2.268928028   -1.396263402   67.645526009    9.457337150   -1.929258704
    2.443460953   -1.396263402   67.213008536  -13.922092895   -0.583488061
    2.617993878   -1.396263402   63.082506760  -32.375157508    0.277059706
    2.792526803   -1.396263402   56.363813566  -43.301020972    0.694899850
    2.967059728   -1.396263402   48.500970024  -45.499686688    0.789439037

   -3.141592654   -1.047197551   38.308398687  -41.453393107    2.008584483
   -2.967059728   -1.047197551   32.102906894  -29.017470526    0.873157848
   -2.792526803   -1.047197551   28.327878053  -14.305278466   -0.393686656
   -2.617993878   -1.047197551   27.013865862   -1.396487214   -1.726619212
   -2.443460953   -1.047197551   27.570949758    6.836800001   -3.166197559
   -2.268928028   -1.047197551   29.081098706    9.586208169   -4.868915265
   -2.094395102   -1.047197551   30.659426568    7.912582260   -7.074020087
   -1.919862177   -1.047197551   31.711678287    3.953744217   -9.994490023
   -1.745329252   -1.047197551   32.039670687   -0.060527125  -13.661933326
   -1.570796327   -1.047197551   31.796677435   -2.349453104  -17.798176069
   -1.396263402   -1.047197551   31.383000060   -1.954283628  -21.823134362
   -1.221730476   -1.047197551   31.281271086    1.135177449  -25.018385408
   -1.047197551   -1.047197551   31.889300139    5.938942381  -26.777695071
   -0.872664626   -1.047197551   33.371497993   10.831222807  -26.796152866
   -0.698131701   -1.047197551   35.582790846   14.016923101  -25.124731047
   -0.523598776   -1.047197551   38.092131885   14.052895024  -22.102557735
   -0.349065850   -1.047197551   40.262485563   10.041871483  -18.245427581
   -0.174532925   -1.047197551   41.349696080    1.625702960  -14.145701795
    0.000000000   -1.047197551   40.603201254  -10.850104392  -10.384042636
    0.174532925   -1.047197551   37.429509478  -25.766563345   -7.417555113
    0.349065850   -1.047197551   31.677145005  -39.652924739   -5.470704109
    0.523598776   -1.047197551   23.956130917  -47.405389578   -4.477978033
    0.698131701   -1.047197551   15.794520345  -44.033353365   -4.131687672
    0.872664626   -1.047197551    9.382364672  -27.349725508   -4.026330595
    1.047197551   -1.047197551    6.891590169    0.031366230   -3.824450470
    1.221730476   -1.047197551    9.626809516   31.146202418   -3.353879649
    1.396263402   -1.047197551   17.483526980   57.360667999   -2.598561812
    1.570796327   -1.047197551   28.967267380   71.872966033   -1.630425564
    1.745329252   -1.047197551   41.728870635   71.916528780   -0.544175124
    1.919862177   -1.047197551   53.309092529   58.840966794    0.572575174
    2.094395102   -1.047197551   61.751639382   36.784365063    1.634075302
    2.268928028   -1.047197551   65.935342876   10.907996681    2.546529613
    2.443460953   -1.047197551   65.633480770  -13.854880173    3.208511747
    2.617993878   -1.047197551   61.407339116  -33.489559770    3.525048489
    2.792526803   -1.047197551   54.419029675  -45.201844425    3.424252776
    2.967059728   -1.047197551   46.191649443  -47.704989619    2.899222730

   -3.141592654   -0.698131701   37.798948620  -45.285492476    2.228469819
   -2.967059728   -0.698131701   30.896854249  -33.100333470    0.105132457
   -2.792526803   -0.698131701   26.414285132  -18.280911688   -2.198173722
   -2.617993878   -0.698131701   24.428600871   -5.116911357   -4.503649512
   -2.443460953   -0.698131701   24.349123453    3.211661647   -6.754368200
   -2.268928028   -0.698131701   25.203410020    5.608472041   -9.053241929
   -2.094395102   -0.698131701   26.016985975    3.050923563  -11.619744527
   -1.919862177   -0.698131701   26.120491878   -2.059097963  -14.641931667
   -1.745329252   -0.698131701   25.317945821   -6.884254750  -18.087167716
   -1.570796327   -0.698131701   23.884445571   -8.944834838  -21.573014987
   -1.396263402   -0.698131701   22.444239272   -6.867572521  -24.425289051
   -1.221730476   -0.698131701   21.731287443   -0.778007060  -25.911998665
   -1.047197551   -0.698131701   22.322051338    7.695217956  -25.552950735
   -0.872664626   -0.698131701   24.423506862   16.069398988  -23.309200123
   -0.698131701   -0.698131701   27.791271411   21.829917480  -19.579741170
   -0.523598776   -0.698131701   31.795899758   23.135026161  -15.037553335
   -0.349065850   -0.698131701   35.559683988   18.989608602  -10.416438660
   -0.174532925   -0.698131701   38.103963864    9.183474740   -6.338433994
    0.000000000   -0.698131701   38.487901398   -5.560420374   -3.197087897
    0.174532925   -0.698131701   36.012499351  -23.048533215   -1.068755318
    0.349065850   -0.698131701   30.533241347  -39.127300492    0.285205675
    0.523598776   -0.698131701   22.779684902  -48.126220054    1.306331361
    0.698131701   -0.698131701   14.469075975  -44.851029815    2.421624616
    0.872664626   -0.698131701    7.976143457  -27.363965643    3.824779950
    1.047197551   -0.698131701    5.583978657    1.171253051    5.393347315
    1.221730476   -0.698131701    8.608751197   33.248178792    6.801355653
    1.396263402   -0.698131701   16.882042217   59.935895707    7.738334236
    1.570796327   -0.698131701   28.820293175   74.429533060    8.088486724
    1.745329252   -0.698131701   42.001729294   74.131100194    7.959557206
    1.919862177   -0.698131701   53.926298117   60.558256084    7.584576998
    2.094395102   -0.698131701   62.619468473   37.927846576    7.177584955
    2.268928028   -0.698131701   66.946657155   11.393617723    6.833454914
    2.443460953   -0.698131701   66.662167210  -14.160167714    6.505968971
    2.617993878   -0.698131701   62.302515867  -34.742234665    6.042312902
    2.792526803   -0.698131701   55.007314002  -47.469119128    5.246145112
    2.967059728   -0.698131701   46.301028833  -50.897661955    3.981201502

   -3.141592654   -0.349065850   38.383904677  -50.375375202    2.971648869
   -2.967059728   -0.349065850   30.534599866  -38.765965343    0.146135479
   -2.792526803   -0.349065850   25.053372046  -23.964811962   -2.863417080
   -2.617993878   -0.349065850   22.104481642  -10.428980482   -5.796990060
   -2.443460953   -0.349065850   21.135548706   -1.691179455   -8.524636864
   -2.268928028   -0.349065850   21.148474295    0.801055953  -11.097989042
   -2.094395102   -0.349065850   21.099710430   -2.078386172  -13.685393763
   -1.919862177   -0.349065850   20.266589281   -7.637996226  -16.398113035
   -1.745329252   -0.349065850   18.482514445  -12.405458984  -19.101544093
   -1.570796327   -0.349065850   16.170664195  -13.255496875  -21.333812161
   -1.396263402   -0.349065850   14.185726799   -8.571808733  -22.437882076
   -1.221730476   -0.349065850   13.481019927    1.124055478  -21.845111460
   -1.047197551   -0.349065850   14.733397723   13.306028900  -19.380138071
   -0.872664626   -0.349065850   18.079497584   24.501833863  -15.376001211
   -0.698131701   -0.349065850   23.056329743   31.541115482  -10.562999473
   -0.523598776   -0.349065850   28.744318244   32.437978643   -5.801393348
   -0.349065850   -0.349065850   33.991143263   26.488355036   -1.799450498
   -0.174532925   -0.349065850   37.623483804   14.070536879    1.066134018
    0.000000000   -0.349065850   38.624680783   -3.313100610    2.821081257
    0.174532925   -0.349065850   36.361647697  -22.676534611    3.880729738
    0.349065850   -0.349065850   30.879426581  -39.290972429    4.895991468
    0.523598776   -0.349065850   23.156334115  -47.420063563    6.488683032
    0.698131701   -0.349065850   15.113960575  -42.434657938    8.946029369
    0.872664626   -0.349065850    9.191861792  -23.357950404   12.035330639
    1.047197551   -0.349065850    7.571435327    5.791986777   15.085568171
    1.221730476   -0.349065850   11.363445033   37.215341206   17.317994145
    1.396263402   -0.349065850   20.201524329   62.342807669   18.218393791
    1.570796327   -0.349065850   32.404296028   75.080631372   17.746656671
    1.745329252   -0.349065850   45.574582224   73.461264116   16.278976364
    1.919862177   -0.349065850   57.316706909   59.256330127   14.375974779
    2.094395102   -0.349065850   65.769509284   36.542144163   12.526250298
    2.268928028   -0.349065850   69.863872222   10.111636371   10.984421369
    2.443460953   -0.349065850   69.352022651  -15.537066939    9.741442828
    2.617993878   -0.349065850   64.712783199  -36.660639745    8.584699620
    2.792526803   -0.349065850   57.003580977  -50.357624592    7.207271245
    2.967059728   -0.349065850   47.690533328  -54.960353403    5.363129822

   -3.141592654    0.000000000   39.692691367  -55.469762496    2.694473739
   -2.967059728    0.000000000   30.891357233  -44.487269769   -0.045734818
   -2.792526803    0.000000000   24.395012222  -29.777317173   -2.845174344
   -2.617993878    0.000000000   20.456011324  -15.909900058   -5.470973681
   -2.443460953    0.000000000   18.569133234   -6.736728931   -7.824650545
   -2.268928028    0.000000000   17.726447345   -3.999650082   -9.972826693
   -2.094395102    0.000000000   16.843969526   -6.844715554  -12.054742984
   -1.919862177    0.000000000   15.188271503  -12.224377214  -14.104661043
   -1.745329252    0.000000000   12.668915464  -16.066808526  -15.899546750
   -1.570796327    0.000000000    9.884653274  -14.789102184  -16.945348538
   -1.396263402    0.000000000    7.903429080   -6.838569341  -16.668829456
   -1.221730476    0.000000000    7.824311170    6.543249210  -14.714023252
   -1.047197551    0.000000000   10.303422713   21.741104814  -11.197554022
   -0.872664626    0.000000000   15.271316415   34.326835928   -6.730744746
   -0.698131701    0.000000000   21.940438365   40.775667003   -2.206892827
   -0.523598776    0.000000000   29.065968692   39.459096650    1.537232423
   -0.349065850    0.000000000   35.280789915   30.510298162    4.020253748
   -0.174532925    0.000000000   39.363273277   15.317348783    5.240067477
    0.000000000    0.000000000   40.417956611   -3.696879604    5.643194815
    0.174532925    0.000000000   38.067836004  -22.987558294    5.984839917
    0.349065850    0.000000000   32.665266282  -37.828559874    7.067795721
    0.523598776    0.000000000   25.434297076  -43.179757668    9.429899473
    0.698131701    0.000000000   18.368870515  -35.646981681   13.068699124
    0.872664626    0.000000000   13.755001008  -15.491991888   17.357183626
    1.047197551    0.000000000   13.450198187   12.649889841   21.263260015
    1.221730476    0.000000000   18.216385736   41.301203550   23.793440495
    1.396263402    0.000000000   27.464293268   62.940976185   24.404349565
    1.570796327    0.000000000   39.493034365   72.649760474   23.179163272
    1.745329252    0.000000000   52.060324452   69.218995487   20.693139625
    1.919862177    0.000000000   63.002744269   54.543845969   17.704078539
    2.094395102    0.000000000   70.665705577   32.316744462   14.847170617
    2.268928028    0.000000000   74.095910698    6.737949595   12.456207400
    2.443460953    0.000000000   73.057997575  -18.259235190   10.545320268
    2.617993878    0.000000000   67.961540771  -39.297545425    8.892616293
    2.792526803    0.000000000   59.753945060  -53.526575763    7.175571444
    2.967059728    0.000000000   49.806995965  -59.073678120    5.136856807

   -3.141592654    0.349065850   41.038190115  -59.978148537    1.748118253
   -2.967059728    0.349065850   31.407209808  -49.398841466    0.007377657
   -2.792526803    0.349065850   24.052690161  -34.605358063   -1.645169035
   -2.617993878    0.349065850   19.308748181  -20.252579268   -3.124722910
   -2.443460953    0.349065850   16.716684763  -10.477766950   -4.436244936
   -2.268928028    0.349065850   15.263784101   -7.283911994   -5.674113409
   -2.094395102    0.349065850   13.834808949   -9.828872980   -6.935476218
   -1.919862177    0.349065850   11.691875226  -14.755902672   -8.192746902
   -1.745329252    0.349065850    8.812075064  -17.522185709   -9.212646587
   -1.570796327    0.349065850    5.932409142  -14.275777778   -9.594098449
   -1.396263402    0.349065850    4.264861852   -3.687900078   -8.950493885
   -1.221730476    0.349065850    4.967203413   12.257637060   -7.132255964
   -1.047197551    0.349065850    8.601764511   29.036136839   -4.375893673
   -0.872664626    0.349065850   14.865983686   41.597845229   -1.247903336
   -0.698131701    0.349065850   22.684865096   46.442735118    1.582243321
   -0.523598776    0.349065850   30.585173100   42.585100676    3.628511253
   -0.349065850    0.349065850   37.117659721   31.104825851    4.790479245
   -0.174532925    0.349065850   41.145922454   14.314618071    5.367351730
    0.000000000    0.349065850   41.998762385   -4.710566611    5.940512574
    0.174532925    0.349065850   39.600341531  -22.249260764    7.178989310
    0.349065850    0.349065850   34.584508632  -33.986320146    9.593970989
    0.523598776    0.349065850   28.329607576  -35.901040958   13.311320778
    0.698131701    0.349065850   22.769954216  -25.965674576   17.935360301
    0.872664626    0.349065850   19.904340226   -5.567709496   22.595331241
    1.047197551    0.349065850   21.170444990   20.348323699   26.233967613
    1.221730476    0.349065850   26.947098434   44.991125196   28.018136336
    1.396263402    0.349065850   36.446357318   62.184295097   27.640713095
    1.570796327    0.349065850   48.011132579   68.324186949   25.386194679
    1.745329252    0.349065850   59.628197295   62.952742435   21.937153604
    1.919862177    0.349065850   69.429613955   47.981758387   18.076691048
    2.094395102    0.349065850   76.008403864   26.583196300   14.433015898
    2.268928028    0.349065850   78.545717295    2.251416541   11.349049638
    2.443460953    0.349065850   76.821861873  -21.706904290    8.885905220
    2.617993878    0.349065850   71.173723803  -42.291608503    6.901546675
    2.792526803    0.349065850   62.435706081  -56.706555146    5.163853648
    2.967059728    0.349065850   51.880966928  -62.875393614    3.474673743

   -3.141592654    0.698131701   42.630269205  -62.374278729   -0.137135897
   -2.967059728    0.698131701   32.557979599  -52.021010029   -0.607353195
   -2.792526803    0.698131701   24.738751583  -37.262189065   -0.827763970
   -2.617993878    0.698131701   19.540976599  -22.767991177   -0.891605708
   -2.443460953    0.698131701   16.526648159  -12.797548820   -0.926887692
   -2.268928028    0.698131701   14.683144413   -9.445134552   -1.068301817
   -2.094395102    0.698131701   12.890207622  -11.822707837   -1.397994010
   -1.919862177    0.698131701   10.426813115  -16.376042315   -1.888562673
   -1.745329252    0.698131701    7.326737222  -18.337084645   -2.392265341
   -1.570796327    0.698131701    4.410408998  -13.811563573   -2.689364580
   -1.396263402    0.698131701    2.953856374   -1.732720660   -2.595800151
   -1.221730476    0.698131701    4.110007575   15.407118431   -2.059918871
   -1.047197551    0.698131701    8.344257286   32.600440466   -1.198978707
   -0.872664626    0.698131701   15.195976909   44.613718244   -0.231941424
   -0.698131701    0.698131701   23.440302814   48.227059252    0.653577285
   -0.523598776    0.698131701   31.535254692   43.082456459    1.428805982
   -0.349065850    0.698131701   38.084383431   30.951253547    2.280310795
   -0.174532925    0.698131701   42.109909669   14.645389129    3.546180613
    0.000000000    0.698131701   43.155965886   -2.624988811    5.595986615
    0.174532925    0.698131701   41.349487750  -17.436137984    8.687226348
    0.349065850    0.698131701   37.438588333  -26.177196106   12.822343075
    0.523598776    0.698131701   32.764217162  -25.809390497   17.658077728
    0.698131701    0.698131701   29.048250144  -15.281150350   22.510668080
    0.872664626    0.698131701   27.939680263    3.503139084   26.494658554
    1.047197551    0.698131701   30.499623472   25.844248976   28.805210741
    1.221730476    0.698131701   36.840607812   45.900994738   29.011686717
    1.396263402    0.698131701   46.107501574   58.755920195   27.189496351
    1.570796327    0.698131701   56.782245389   61.821291408   23.850045016
    1.745329252    0.698131701   67.120483244   55.091265634   19.704382381
    1.919862177    0.698131701   75.548668709   40.332458231   15.423790298
    2.094395102    0.698131701   80.891286340   20.182620377   11.485940998
    2.268928028    0.698131701   82.453003165   -2.515449349    8.139109675
    2.443460953    0.698131701   80.029717161  -25.019859369    5.447131595
    2.617993878    0.698131701   73.893920396  -44.667571509    3.361004567
    2.792526803    0.698131701   64.779353093  -58.727662539    1.788414388
    2.967059728    0.698131701   53.866547685  -64.982679505    0.641880241

   -3.141592654    1.047197551   41.437711567  -62.324465935   -5.072575988
   -2.967059728    1.047197551   31.459923101  -51.031633022   -4.312524902
   -2.792526803    1.047197551   23.866384608  -35.735847697   -3.202069125
   -2.617993878    1.047197551   18.946964642  -21.176891685   -2.002245360
   -2.443460953    1.047197551   16.184301699  -11.557259636   -0.940162931
   -2.268928028    1.047197551   14.508250265   -8.784581526   -0.161633623
   -2.094395102    1.047197551   12.778080748  -11.744285111    0.291971100
   -1.919862177    1.047197551   10.288722255  -16.715285140    0.460204771
   -1.745329252    1.047197551    7.109243839  -18.872142643    0.404244083
   -1.570796327    1.047197551    4.094843802  -14.384020739    0.160648537
   -1.396263402    1.047197551    2.539291575   -2.300792108   -0.265469746
   -1.221730476    1.047197551    3.593872466   14.794657143   -0.852306827
   -1.047197551    1.047197551    7.714267206   31.902499174   -1.501601110
   -0.872664626    1.047197551   14.441478599   43.912541270   -2.009559935
   -0.698131701    1.047197551   22.584216880   47.834829253   -2.088975110
   -0.523598776    1.047197551   30.676480474   43.556198069   -1.431814900
   -0.349065850    1.047197551   37.434267175   32.983695483    0.222476132
   -0.174532925    1.047197551   41.997588062   18.857707360    3.015684953
    0.000000000    1.047197551   43.994148013    4.067580915    6.921657314
    0.174532925    1.047197551   43.559365532   -8.504529703   11.708273442
    0.349065850    1.047197551   41.342963407  -15.899190461   16.910555257
    0.523598776    1.047197551   38.475401681  -15.665695551   21.857083012
    0.698131701    1.047197551   36.388799218   -7.049741993   25.775781968
    0.872664626    1.047197551   36.433440951    8.275174764   27.979875487
    1.047197551    1.047197551   39.459728754   26.370955708   28.094984774
    1.221730476    1.047197551   45.530965312   42.401447263   26.194156909
    1.396263402    1.047197551   53.908930627   52.293970397   22.741317100
    1.570796327    1.047197551   63.300486837   53.812267754   18.395717304
    1.745329252    1.047197551   72.201522426   46.808306358   13.772128226
    1.919862177    1.047197551   79.225159037   32.617265889    9.308899428
    2.094395102    1.047197551   83.302310011   13.431988739    5.253823082
    2.268928028    1.047197551   83.778822624   -8.194874622    1.739672298
    2.443460953    1.047197551   80.457576888  -29.627969469   -1.141983704
    2.617993878    1.047197551   73.611750499  -48.180816136   -3.306759375
    2.792526803    1.047197551   63.983573712  -61.073168096   -4.682675410
    2.967059728    1.047197551   52.765978607  -66.097845621   -5.251361879

   -3.141592654    1.396263402   36.652485511  -61.222768724  -10.714471264
   -2.967059728    1.396263402   27.022193746  -48.229929797   -9.220630319
   -2.792526803    1.396263402   20.022237274  -31.853095183   -7.314729847
   -2.617993878    1.396263402   15.821355175  -16.943109546   -5.365404963
   -2.443460953    1.396263402   13.778758339   -7.630386183   -3.632236763
   -2.268928028    1.396263402   12.728883410   -5.581866578   -2.208483399
   -2.094395102    1.396263402   11.481378002   -9.425113544   -1.047373501
   -1.919862177    1.396263402    9.317611900  -15.309830531   -0.070470882
   -1.745329252    1.396263402    6.300222234  -18.444111614    0.713139583
   -1.570796327    1.396263402    3.265291786  -15.078298441    1.174592794
   -1.396263402    1.396263402    1.484467277   -4.188583544    1.153113221
   -1.221730476    1.396263402    2.121257630   11.963925198    0.622477064
   -1.047197551    1.396263402    5.715133978   28.846951963   -0.190023465
   -0.872664626    1.396263402   11.966515095   41.705819914   -0.827888867
   -0.698131701    1.396263402   19.882128287   47.612627487   -0.759511544
   -0.523598776    1.396263402   28.174052319   46.171555950    0.427942456
   -0.349065850    1.396263402   35.665048584   38.772450371    2.904570537
   -0.174532925    1.396263402   41.499481017   27.532837381    6.572735639
    0.000000000    1.396263402   45.200514736   14.728232857   11.101021797
    0.174532925    1.396263402   46.699471597    2.717877368   15.969449258
    0.349065850    1.396263402   46.365524623   -5.855279530   20.508231531
    0.523598776    1.396263402   45.020720369   -8.516050253   23.981522815
    0.698131701    1.396263402   43.833373259   -4.031445992   25.740796741
    0.872664626    1.396263402   44.012916481    6.836762033   25.421404089
    1.047197551    1.396263402   46.444788708   21.193117474   23.097681008
    1.221730476    1.396263402   51.388215358   34.918259526   19.271570875
    1.396263402    1.396263402   58.373307507   44.042459411   14.667805054
    1.570796327    1.396263402   66.339493322   45.841154873    9.959302210
    1.745329252    1.396263402   73.904700197   39.476292465    5.559933729
    1.919862177    1.396263402   79.696391128   25.785148248    1.604086001
    2.094395102    1.396263402   82.606412759    6.866206184   -1.942625255
    2.268928028    1.396263402   81.956702722  -14.502585035   -5.114668112
    2.443460953    1.396263402   77.577642670  -35.359891441   -7.844005856
    2.617993878    1.396263402   69.819452541  -52.791939075   -9.948205339
    2.792526803    1.396263402   59.523553263  -64.017817131  -11.198993478
    2.967059728    1.396263402   47.963371906  -67.024383894  -11.448398246

   -3.141592654    1.745329252   30.470435859  -58.919481332  -16.969672627
   -2.967059728    1.745329252   21.400982071  -44.233527666  -15.689186208
   -2.792526803    1.745329252   15.182512731  -27.052163394  -13.805618467
   -2.617993878    1.745329252   11.825569111  -12.197431008  -11.630348892
   -2.443460953    1.745329252   10.562882859   -3.498829016   -9.392037797
   -2.268928028    1.745329252   10.167152957   -2.215779502   -7.176731202
   -2.094395102    1.745329252    9.447325122   -6.722674727   -4.947121167
   -1.919862177    1.745329252    7.703893201  -13.208038384   -2.654311372
   -1.745329252    1.745329252    4.990260409  -17.122419784   -0.370600363
   -1.570796327    1.745329252    2.093173902  -14.884859894    1.665350358
   -1.396263402    1.745329252    0.234083271   -5.277996762    3.153288682
   -1.221730476    1.745329252    0.594539228    9.999122440    3.935853406
   -1.047197551    1.745329252    3.842548706   27.051408215    4.160853426
   -0.872664626    1.745329252    9.893648684   41.423411556    4.265770186
   -0.698131701    1.745329252   17.975758926   49.941702118    4.790932089
   -0.523598776    1.745329252   26.938444457   51.531443035    6.138591306
   -0.349065850    1.745329252   35.608541972   46.798454373    8.415962496
   -0.174532925    1.745329252   43.005713811   37.199737259   11.423339041
    0.000000000    1.745329252   48.433810684   24.587068168   14.720597716
    0.174532925    1.745329252   51.552086327   11.133902281   17.718196562
    0.349065850    1.745329252   52.446890442   -0.426417999   19.767033797
    0.523598776    1.745329252   51.702826688   -7.181278917   20.289137443
    0.698131701    1.745329252   50.361865549   -7.085934348   18.953572448
    0.872664626    1.745329252   49.670811425    0.117837857   15.841046693
    1.047197551    1.745329252   50.719606374   12.359311371   11.482995864
    1.221730476    1.745329252   54.068615859   25.754963574    6.692911878
    1.396263402    1.745329252   59.529077897   35.889715502    2.244916464
    1.570796327    1.745329252   66.202157039   39.176706759   -1.413530774
    1.745329252    1.745329252   72.714890783   33.980434773   -4.268750295
    1.919862177    1.745329252   77.598706938   20.758098195   -6.613413152
    2.094395102    1.745329252   79.627338207    1.739478415   -8.810098061
    2.268928028    1.745329252   78.061783159  -19.832533073  -11.066006594
    2.443460953    1.745329252   72.762321696  -40.460642936  -13.340236532
    2.617993878    1.745329252   64.188972950  -56.871256019  -15.375506884
    2.792526803    1.745329252   53.328491172  -66.275684381  -16.817932922
    2.967059728    1.745329252   41.571006337  -66.976901356  -17.384840850

   -3.141592654    2.094395102   23.504365739  -57.686267441  -18.529973594
   -2.967059728    2.094395102   14.789385949  -41.488570137  -17.294388438
   -2.792526803    2.094395102    9.141520203  -23.366652268  -15.377226609
   -2.617993878    2.094395102    6.469494214   -8.113892142  -13.051473024
   -2.443460953    2.094395102    5.928870617    0.659420368  -10.518829211
   -2.268928028    2.094395102    6.261904168    1.987540244   -7.839153963
   -2.094395102    2.094395102    6.289519115   -2.342301532   -4.943721921
   -1.919862177    2.094395102    5.331395297   -8.608908942   -1.753603437
   -1.745329252    2.094395102    3.424405792  -12.553106376    1.665757360
   -1.570796327    2.094395102    1.287504550  -10.841474265    5.033600536
   -1.396263402    2.094395102    0.055543457   -2.193544411    7.948900513
   -1.221730476    2.094395102    0.867365449   12.122045876   10.106356525
   -1.047197551    2.094395102    4.439859251   28.768905760   11.483518267
   -0.872664626    2.094395102   10.818922468   43.611461773   12.352286503
   -0.698131701    2.094395102   19.381068317   53.347202697   13.105299269
   -0.523598776    2.094395102   29.065782151   56.380060584   14.024329284
   -0.349065850    2.094395102   38.684274640   52.698990276   15.131677887
   -0.174532925    2.094395102   47.139657200   43.239008176   16.197741215
    0.000000000    2.094395102   53.547286550   29.554130645   16.825707676
    0.174532925    2.094395102   57.346219083   13.755974005   16.559768235
    0.349065850    2.094395102   58.414236337   -1.205851529   14.998441459
    0.523598776    2.094395102   57.194834528  -11.859207107   11.936516816
    0.698131701    2.094395102   54.717323074  -15.275497661    7.513599259
    0.872664626    2.094395102   52.382067584  -10.237557379    2.286107799
    1.047197551    2.094395102   51.574378056    1.777795592   -2.885248560
    1.221730476    2.094395102   53.193431302   16.762363952   -7.139404539
    1.396263402    2.094395102   57.303575464   29.486174293   -9.962047186
    1.570796327    2.094395102   63.084924222   35.262138789  -11.375087467
    1.745329252    2.094395102   69.066057777   31.609651888  -11.864457488
    1.919862177    2.094395102   73.581443795   18.721279419  -12.105501676
    2.094395102    2.094395102   75.213494439   -0.858537620  -12.657920769
    2.268928028    2.094395102   73.120641419  -23.253786405  -13.766260884
    2.443460953    2.094395102   67.175743302  -44.321707237  -15.330230143
    2.617993878    2.094395102   57.945271394  -60.378370071  -16.994754564
    2.792526803    2.094395102   46.563969151  -68.602558061  -18.304344300
    2.967059728    2.094395102   34.546150392  -67.570643403  -18.879985484

   -3.141592654    2.443460953   17.283249445  -57.007600668  -12.553434535
   -2.967059728    2.443460953    8.817271085  -39.354755394  -11.275056632
   -2.792526803    2.443460953    3.649060358  -20.071744675   -9.536835629
   -2.617993878    2.443460953    1.629486485   -3.984896832   -7.515778122
   -2.443460953    2.443460953    1.866492374    5.419419142   -5.306311491
   -2.268928028    2.443460953    3.084473534    7.376424962   -2.869095224
   -2.094395102    2.443460953    4.116002715    3.784770146   -0.051345567
   -1.919862177    2.443460953    4.293581492   -1.750040841    3.299360962
   -1.745329252    2.443460953    3.626737095   -5.293757607    7.175840402
   -1.570796327    2.443460953    2.746456911   -3.833073976   11.310807854
   -1.396263402    2.443460953    2.664260541    3.862770604   15.229361711
   -1.221730476    2.443460953    4.419255331   16.840866842   18.435343133
   -1.047197551    2.443460953    8.703745257   32.258434116   20.619901226
   -0.872664626    2.443460953   15.616125816   46.313557135   21.747345527
   -0.698131701    2.443460953   24.612302891   55.664189966   21.974672754
   -0.523598776    2.443460953   34.673554866   58.340099620   21.486950614
   -0.349065850    2.443460953   44.576843092   53.899720238   20.361145613
   -0.174532925    2.443460953   53.125454054   42.974255700   18.545148424
    0.000000000    2.443460953   59.302451734   27.050101557   15.902309816
    0.174532925    2.443460953   62.423636402    8.416631419   12.289569430
    0.349065850    2.443460953   62.295645257   -9.549749920    7.655901658
    0.523598776    2.443460953   59.387943231  -22.705480917    2.158196002
    0.698131701    2.443460953   54.886820382  -27.331726519   -3.748884134
    0.872664626    2.443460953   50.475399247  -21.628703548   -9.324406658
    1.047197551    2.443460953   47.877208937   -7.070396352  -13.732159369
    1.221730476    2.443460953   48.266129746   11.621499124  -16.356842186
    1.396263402    2.443460953   51.810863746   28.052896499  -17.065186835
    1.570796327    2.443460953   57.591882261   36.453727569  -16.261915457
    1.745329252    2.443460953   63.891384987   33.794305639  -14.694229999
    1.919862177    2.443460953   68.761090205   20.393713849  -13.141736279
    2.094395102    2.443460953   70.568397080   -0.599195817  -12.146182266
    2.268928028    2.443460953   68.380658846  -24.559385313  -11.891588505
    2.443460953    2.443460953   62.102415187  -46.714751273  -12.236381762
    2.617993878    2.443460953   52.417904686  -63.029423430  -12.831666540
    2.792526803    2.443460953   40.614134719  -70.661036744  -13.269132029
    2.967059728    2.443460953   28.337998535  -68.400900608  -13.227930619

   -3.141592654    2.792526803   14.603197792  -55.756899273    0.905142585
   -2.967059728    2.792526803    6.405049324  -37.560602948    2.508806821
   -2.792526803    2.792526803    1.590890640  -17.830013816    4.025103394
   -2.617993878    2.792526803    0.000000000   -1.309258817    5.426003618
   -2.443460953    2.792526803    0.751169357    8.668148586    6.814540052
   -2.268928028    2.792526803    2.607345763   11.493567306    8.411980650
   -2.094395102    2.792526803    4.459527392    9.119345548   10.490175299
   -1.919862177    2.792526803    5.690579007    4.989755661   13.254047438
   -1.745329252    2.792526803    6.311469844    2.643601533   16.706889721
   -1.570796327    2.792526803    6.874593666    4.614998358   20.564166596
   -1.396263402    2.792526803    8.239378101   11.813914798   24.295983664
   -1.221730476    2.792526803   11.265160674   23.304679634   27.288302188
   -1.047197551    2.792526803   16.496436767   36.569325058   29.051856863
   -0.872664626    2.792526803   23.951956999   48.213819093   29.352053919
   -0.698131701    2.792526803   33.068636151   55.159194254   28.206434167
   -0.523598776    2.792526803   42.835293604   55.469761229   25.783790243
   -0.349065850    2.792526803   52.030708753   48.649903184   22.286491801
   -0.174532925    2.792526803   59.452638660   35.315054426   17.900672823
    0.000000000    2.792526803   64.087676650   17.071759470   12.792113773
    0.174532925    2.792526803   65.289244133   -3.514762819    7.129645567
    0.349065850    2.792526803   62.960421828  -22.669079492    1.142244765
    0.523598776    2.792526803   57.743926782  -35.798904254   -4.815526293
    0.698131701    2.792526803   51.071769570  -38.828514789  -10.228302020
    0.872664626    2.792526803   44.908749655  -29.954090959  -14.476561223
    1.047197551    2.792526803   41.216187781  -11.173136105  -17.025045524
    1.221730476    2.792526803   41.271222188   11.831620353  -17.657256965
    1.396263402    2.792526803   45.165255542   31.623909417  -16.592895075
    1.570796327    2.792526803   51.746917354   41.778085168  -14.413275606
    1.745329252    2.792526803   59.004603275   39.209808687  -11.815723763
    1.919862177    2.792526803   64.735529184   24.713358953   -9.368061819
    2.094395102    2.792526803   67.159632041    2.131420466   -7.361738489
    2.268928028    2.792526803   65.314980037  -23.295808302   -5.815578366
    2.443460953    2.792526803   59.164673787  -46.411990296   -4.568973699
    2.617993878    2.792526803   49.494908315  -63.061305923   -3.401987704
    2.792526803    2.792526803   37.696268709  -70.505483521   -2.130079615
    2.967059728    2.792526803   25.489546303  -67.744275095   -0.679889032
