#! FIELDS phi psi file.free der_phi der_psi
#! SET min_phi -pi
#! SET max_phi pi
#! SET nbins_phi  36
#! SET periodic_phi true
#! SET min_psi -pi
#! SET max_psi pi
#! SET nbins_psi  18
#! SET periodic_psi true
   -3.141592654   -3.141592654   18.916452491  -54.219000178   14.219058703
   -2.967059728   -3.141592654   10.775507169  -38.271749493   16.483745212
   -2.792526803   -3.141592654    5.723828543  -19.594634632   18.164738460
   -2.617993878   -3.141592654    3.830192114   -2.791239527   19.229109055
   -2.443460953   -3.141592654    4.429988775    8.577463372   19.882359869
   -2.268928028   -3.141592654    6.440680912   13.427977780   20.505672987
   -2.094395102   -3.141592654    8.819616460   13.208676458   21.504480210
   -1.919862177   -3.141592654   10.930915335   10.902907930   23.128499226
   -1.745329252   -3.141592654   12.688613192    9.613089512   25.346781687
   -1.570796327   -3.141592654   14.475936906   11.471104743   27.810736419
   -1.396263402   -3.141592654   16.924371736   17.158464248   29.940092279
   -1.221730476   -3.141592654   20.649872319   25.808722484   31.098756398
   -1.047197551   -3.141592654   25.997384118   35.317926545   30.807316268
   -0.872664626   -3.141592654   32.878385939   42.904626031   28.889368256
   -0.698131701   -3.141592654   40.729875567   46.078573224   25.500774259
   -0.523598776   -3.141592654   48.632226411   43.355899133   21.034730282
   -0.349065850   -3.141592654   55.523128661   34.574650077   15.957276564
   -0.174532925   -3.141592654   60.411270775   20.611013238   10.672374014
    0.000000000   -3.141592654   62.528452389    3.180216471    5.449054114
    0.174532925   -3.141592654   61.474376615  -15.245803347    0.420613892
    0.349065850   -3.141592654   57.363695000  -31.188533847   -4.323368689
    0.523598776   -3.141592654   50.988465911  -40.471643516   -8.621027577
    0.698131701   -3.141592654   43.850050889  -39.487080620  -12.169078301
    0.872664626   -3.141592654   37.893974630  -27.020648795  -14.562627041
    1.047197551   -3.141592654   34.950553615   -5.731187557  -15.468498209
    1.221730476   -3.141592654   36.057933708   18.185341230  -14.818336253
    1.396263402   -3.141592654   41.018197816   37.273464963  -12.872788599
    1.570796327   -3.141592654   48.446935931   45.793300462  -10.123341534
    1.745329252   -3.141592654   56.266371259   41.782692575   -7.081430007
    1.919862177   -3.141592654   62.401515667   27.038649738   -4.112607582
    2.094395102   -3.141592654   65.319324273    5.691437485   -1.366626893
    2.268928028   -3.141592654   64.274570033  -17.630776234    1.180997206
    2.443460953   -3.141592654   59.284738085  -38.923431396    3.651478758
    2.617993878   -3.141592654   50.989774845  -55.061167208    6.178738677
    2.792526803   -3.141592654   40.507832958  -63.688772073    8.840044149
    2.967059728   -3.141592654   29.289743745  -63.381968632   11.583422430

   -3.141592654   -2.792526803   25.521831137  -49.371224146   21.528461569
   -2.967059728   -2.792526803   18.098617596  -34.958377030   23.776129454
   -2.792526803   -2.792526803   13.478919162  -17.946248766   25.140356507
   -2.617993878   -2.792526803   11.748218571   -2.481236234   25.728036517
   -2.443460953   -2.792526803   12.336731935    8.278690551   25.876126690
   -2.268928028   -2.792526803   14.306889496   13.405840993   26.036696358
   -2.094395102   -2.792526803   16.761963165   14.195952153   26.596318749
   -1.919862177   -2.792526803   19.160859476   13.224311345   27.713038855
   -1.745329252   -2.792526803   21.427157403   13.034791006   29.245399474
   -1.570796327   -2.792526803   23.853478969   15.203442475   30.775300831
   -1.396263402   -2.792526803   26.895752715   20.018360460   31.726863084
   -1.221730476   -2.792526803   30.950360892   26.535206219   31.530518629
   -1.047197551   -2.792526803   36.164135267   32.956155836   29.804754814
   -0.872664626   -2.792526803   42.333070395   37.121304097   26.473940991
   -0.698131701   -2.792526803   48.897935225   37.247139864   21.789770136
   -0.523598776   -2.792526803   55.056194813   32.393019492   16.238489175
   -0.349065850   -2.792526803   59.931440582   22.641420390   10.377034187
   -0.174532925   -2.792526803   62.733079959    8.810172447    4.684985646
    0.000000000   -2.792526803   62.865025768   -7.649469977   -0.513288182
    0.174532925   -2.792526803   60.046894102  -24.552108504   -5.053841568
    0.349065850   -2.792526803   54.470636040  -38.616497200   -8.848761929
    0.523598776   -2.792526803   46.983493322  -45.730302269  -11.796922125
    0.698131701   -2.792526803   39.136074307  -42.302243064  -13.743715266
    0.872664626   -2.792526803   32.912373267  -27.255767604  -14.523186890
    1.047197551   -2.792526803   30.141632274   -3.568309997  -14.079613392
    1.221730476   -2.792526803   31.796631706   22.190323939  -12.557734290
    1.396263402   -2.792526803   37.559945814   42.344007714  -10.273816263
    1.570796327   -2.792526803   45.914307112   51.240604395   -7.587967117
    1.745329252   -2.792526803   54.686800503   47.222037099   -4.753478413
    1.919862177   -2.792526803   61.765793993   32.430403503   -1.857768451
    2.094395102   -2.792526803   65.631816024   11.194384043    1.143798982
    2.268928028   -2.792526803   65.571283745  -11.836341529    4.334654909
    2.443460953   -2.792526803   61.625460946  -32.762949864    7.757893617
    2.617993878   -2.792526803   54.432762552  -48.623710321   11.372471972
    2.792526803   -2.792526803   45.079229004  -57.272863339   15.041876974
    2.967059728   -2.792526803   34.946751459  -57.466896507   18.527549086

   -3.141592654   -2.443460953   33.054553990  -44.373394196   20.401487241
   -2.967059728   -2.443460953   26.368099254  -31.553993746   22.265019439
   -2.792526803   -2.443460953   22.201648633  -16.121074692   23.375416166
   -2.617993878   -2.443460953   20.679933088   -1.810168965   23.842927909
   -2.443460953   -2.443460953   21.336830614    8.520841515   23.917874364
   -2.268928028   -2.443460953   23.366378330   13.949251872   23.907626110
   -2.094395102   -2.443460953   25.976581468   15.461469389   24.048507604
   -1.919862177   -2.443460953   28.657561981   15.137295039   24.395311800
   -1.745329252   -2.443460953   31.274571323   15.010206419   24.789049957
   -1.570796327   -2.443460953   33.984323841   16.308856833   24.896564181
   -1.396263402   -2.443460953   37.068019731   19.230115430   24.317879774
   -1.221730476   -2.443460953   40.756763171   23.041300728   22.705467771
   -1.047197551   -2.443460953   45.094939435   26.423354769   19.884341987
   -0.872664626   -2.443460953   49.874948881   27.849613698   15.914879146
   -0.698131701   -2.443460953   54.641113730   26.098810186   11.090959234
   -0.523598776   -2.443460953   58.773651271   20.542235364    5.859828206
   -0.349065850   -2.443460953   61.603610986   11.234223609    0.695061617
   -0.174532925   -2.443460953   62.517413784   -1.295149588   -4.017892585
    0.000000000   -2.443460953   61.034030293  -16.005813485   -8.036781752
    0.174532925   -2.443460953   56.919774103  -31.036124813  -11.265271184
    0.349065850   -2.443460953   50.372846261  -43.247707906  -13.681813273
    0.523598776   -2.443460953   42.238606137  -48.496394330  -15.268404185
    0.698131701   -2.443460953   34.076621414  -43.114229840  -15.975061536
    0.872664626   -2.443460953   27.883884274  -26.085689462  -15.748011874
    1.047197551   -2.443460953   25.476779130   -0.619728162  -14.614198251
    1.221730476   -2.443460953   27.768312350   26.447634783  -12.732085793
    1.396263402   -2.443460953   34.346079382   47.328946141  -10.351424870
    1.570796327   -2.443460953   43.599993287   56.512140889   -7.711262508
    1.745329252   -2.443460953   53.304542621   52.625350157   -4.942743444
    1.919862177   -2.443460953   61.344620855   38.065022424   -2.056159633
    2.094395102   -2.443460953   66.228435537   17.246328629    1.006332729
    2.268928028   -2.443460953   67.269512711   -5.267682826    4.286135543
    2.443460953   -2.443460953   64.512277299  -25.748068893    7.753255638
    2.617993878   -2.443460953   58.566214000  -41.414256127   11.293151486
    2.792526803   -2.443460953   50.459446483  -50.286905225   14.727099809
    2.967059728   -2.443460953   41.491207171  -51.222891828   17.836895061

   -3.141592654   -2.094395102   38.883500007  -40.786952313   12.807588680
   -2.967059728   -2.094395102   32.729147404  -29.057549666   13.827611053
   -2.792526803   -2.094395102   28.906122429  -14.660196573   14.498547236
   -2.617993878   -2.094395102   27.564453928   -1.158111227   14.889560489
   -2.443460953   -2.094395102   28.290319955    8.720817611   15.077412776
   -2.268928028   -2.094395102   30.339671801   14.018651976   15.129470868
   -2.094395102   -2.094395102   32.960371340   15.505147243   15.064225202
   -1.919862177   -2.094395102   35.633434474   14.944350337   14.816300318
   -1.745329252   -2.094395102   38.161691448   14.091253508   14.238581574
   -1.570796327   -2.094395102   40.603821587   14.069185386   13.140185956
   -1.396263402   -2.094395102   43.143299758   15.175021491   11.358515113
   -1.221730476   -2.094395102   45.946927671   16.960442210    8.819610380
   -1.047197551   -2.094395102   49.055942884   18.491542678    5.585879621
   -0.872664626   -2.094395102   52.329186393   18.645327388    1.861047209
   -0.698131701   -2.094395102   55.438316710   16.479534970   -2.043508668
   -0.523598776   -2.094395102   57.923554417   11.443474420   -5.781024235
   -0.349065850   -2.094395102   59.268055425    3.421876474   -9.059792053
   -0.174532925   -2.094395102   58.964348077   -7.386666906  -11.716131767
    0.000000000   -2.094395102   56.573255275  -20.332124201  -13.731825013
    0.174532925   -2.094395102   51.841422180  -33.829852757  -15.206649517
    0.349065850   -2.094395102   44.916965814  -44.815681408  -16.267919511
    0.523598776   -2.094395102   36.601040780  -49.018381801  -16.980835283
    0.698131701   -2.094395102   28.438990924  -42.570109643  -17.296000390
    0.872664626   -2.094395102   22.441214270  -24.374070284  -17.073769041
    1.047197551   -2.094395102   20.436554702    2.269848974  -16.181793499
    1.221730476   -2.094395102   23.324292666   30.348756071  -14.592004038
    1.396263402   -2.094395102   30.650947688   51.957495973  -12.401880687
    1.570796327   -2.094395102   40.757050856   61.611388769   -9.788327849
    1.745329252   -2.094395102   51.382184793   58.054447656   -6.929961249
    1.919862177   -2.094395102   60.396044296   43.783284652   -3.961775114
    2.094395102   -2.094395102   66.301996988   23.225666468   -0.972247026
    2.268928028   -2.094395102   68.403784677    0.878084938    1.965172889
    2.443460953   -2.094395102   66.721809041  -19.616582328    4.765685052
    2.617993878   -2.094395102   61.827765217  -35.539859876    7.329314383
    2.792526803   -2.094395102   54.704921945  -44.940761824    9.560480925
    2.967059728   -2.094395102   46.606599570  -46.661565628   11.395138949

   -3.141592654   -1.745329252   40.958268195  -39.771566039    5.292501583
   -2.967059728   -1.745329252   34.966899395  -28.183358643    5.562753462
   -2.792526803   -1.745329252   31.293576240  -13.816880876    5.796530796
   -2.617993878   -1.745329252   30.093261567   -0.404910981    5.988390696
   -2.443460953   -1.745329252   30.930254913    9.204656297    6.043017885
   -2.268928028   -1.745329252   33.022027045   13.975274714    5.813408404
   -2.094395102   -1.745329252   35.566767886   14.624003217    5.138465186
   -1.919862177   -1.745329252   37.988422430   12.891633796    3.883438351
   -1.745329252   -1.745329252   40.034644861   10.583754745    1.986802922
   -1.570796327   -1.745329252   41.727929770    9.003265984   -0.498048102
   -1.396263402   -1.745329252   43.257673308    8.731227132   -3.384953035
   -1.221730476   -1.745329252   44.850268000    9.640960818   -6.398558386
   -1.047197551   -1.745329252   46.658413490   11.045592290   -9.251170416
   -0.872664626   -1.745329252   48.683170549   11.922261295  -11.714682377
   -0.698131701   -1.745329252   50.736995961   11.215874409  -13.648161800
   -0.523598776   -1.745329252   52.465774834    8.086702031  -14.988803760
   -0.349065850   -1.745329252   53.396229254    2.009959513  -15.739464980
   -0.174532925   -1.745329252   52.991774693   -7.212821772  -15.978526830
    0.000000000   -1.745329252   50.722893139  -19.227535239  -15.873640118
    0.174532925   -1.745329252   46.210478026  -32.530777861  -15.668400223
    0.349065850   -1.745329252   39.485493962  -43.892665664  -15.600158787
    0.523598776   -1.745329252   31.281198180  -48.652969675  -15.787439346
    0.698131701   -1.745329252   23.151382637  -42.487372925  -16.142634566
    0.872664626   -1.745329252   17.184266104  -23.998364126  -16.384955216
    1.047197551   -1.745329252   15.315141179    3.525218154  -16.163468309
    1.221730476   -1.745329252   18.526676990   32.822646132  -15.221557391
    1.396263402   -1.745329252   26.393280868   55.634109542  -13.495099187
    1.570796327   -1.745329252   37.226061653   66.188635538  -11.118786967
    1.745329252   -1.745329252   48.698829061   63.108809961   -8.348696651
    1.919862177   -1.745329252   58.606844091   48.904604751   -5.469144493
    2.094395102   -1.745329252   65.388300808   28.081750556   -2.724476208
    2.268928028   -1.745329252   68.295896283    5.214766240   -0.294959733
    2.443460953   -1.745329252   67.311738617  -15.986923694    1.704025614
    2.617993878   -1.745329252   62.981272859  -32.723872929    3.218441035
    2.792526803   -1.745329252   56.279485568  -42.922030103    4.258379434
    2.967059728   -1.745329252   48.476326101  -45.281051474    4.907251541

   -3.141592654   -1.396263402   40.592929903  -40.448605785    1.462684070
   -2.967059728   -1.396263402   34.507045759  -28.570692027    1.099097939
   -2.792526803   -1.396263402   30.794545040  -13.909792581    0.713845494
   -2.617993878   -1.396263402   29.583420136   -0.510486903    0.322800205
   -2.443460953   -1.396263402   30.364877177    8.583350110   -0.172895577
   -2.268928028   -1.396263402   32.263233591   12.298440098   -0.966666967
   -2.094395102   -1.396263402   34.391500165   11.479700124   -2.299959523
   -1.919862177   -1.396263402   36.123048979    8.133199184   -4.372484660
   -1.745329252   -1.396263402   37.211320095    4.436645254   -7.231816407
   -1.570796327   -1.396263402   37.754168327    2.106148570  -10.685620200
   -1.396263402   -1.396263402   38.081620810    2.023733700  -14.302065293
   -1.221730476   -1.396263402   38.593107272    4.114411288  -17.531649642
   -1.047197551   -1.396263402   39.596806910    7.442813101  -19.893099760
   -0.872664626   -1.396263402   41.187261827   10.559895391  -21.118171042
   -0.698131701   -1.396263402   43.191973384   11.963554591  -21.188041609
   -0.523598776   -1.396263402   45.205133594   10.507829606  -20.276444415
   -0.349065850   -1.396263402   46.660380397    5.496073719  -18.670197285
   -0.174532925   -1.396263402   46.907009157   -3.356770513  -16.719191992
    0.000000000   -1.396263402   45.289892574  -15.738651402  -14.808351187
    0.174532925   -1.396263402   41.303629857  -30.090028650  -13.307869951
    0.349065850   -1.396263402   34.878345061  -42.940595780  -12.474516391
    0.523598776   -1.396263402   26.707750744  -49.174302981  -12.347379704
    0.698131701   -1.396263402   18.396204202  -43.922647516  -12.699486921
    0.872664626   -1.396263402   12.167322999  -25.395705036  -13.108319268
    1.047197551   -1.396263402   10.131983069    3.152470162  -13.123186634
    1.221730476   -1.396263402   13.420381017   34.133580035  -12.448198321
    1.396263402   -1.396263402   21.675482449   58.739303711  -11.032872633
    1.570796327   -1.396263402   33.180214353   70.673905541   -9.048003724
    1.745329252   -1.396263402   45.505126920   68.247932374   -6.780334388
    1.919862177   -1.396263402   56.310377786   53.918083699   -4.516367490
    2.094395102   -1.396263402   63.908799492   32.338614135   -2.473082732
    2.268928028   -1.396263402   67.463523590    8.327524605   -0.783821112
    2.443460953   -1.396263402   66.911315437  -14.151615460    0.483457314
    2.617993878   -1.396263402   62.795224665  -32.071594086    1.305003546
    2.792526803   -1.396263402   56.124785106  -43.154475365    1.691494649
    2.967059728   -1.396263402   48.236100515  -45.967910756    1.708181867

   -3.141592654   -1.047197551   38.523398482  -43.042310613    2.344375645
   -2.967059728   -1.047197551   32.006663381  -30.858241492    1.187381698
   -2.792526803   -1.047197551   27.942351056  -15.635914857   -0.253123575
   -2.617993878   -1.047197551   26.477387796   -1.733356526   -1.832317224
   -2.443460953   -1.047197551   27.062922110    7.473850284   -3.496083280
   -2.268928028   -1.047197551   28.732733117   10.676324170   -5.328040662
   -2.094395102   -1.047197551   30.485015158    8.700661882   -7.531999898
   -1.919862177   -1.047197551   31.599538074    3.815457989  -10.311986280
   -1.745329252   -1.047197551   31.806248204   -1.270668905  -13.699045687
   -1.570796327   -1.047197551   31.285084582   -4.199624963  -17.414529202
   -1.396263402   -1.047197551   30.548926749   -3.629989434  -20.884177548
   -1.221730476   -1.047197551   30.226051873    0.395725164  -23.425036976
   -1.047197551   -1.047197551   30.815653789    6.499837827  -24.516351683
   -0.872664626   -1.047197551   32.499902869   12.537993178  -23.989464702
   -0.698131701   -1.047197551   35.072113111   16.356625267  -22.047759498
   -0.523598776   -1.047197551   37.999171641   16.412920068  -19.147900197
   -0.349065850   -1.047197551   40.540241906   11.854406161  -15.836559367
   -0.174532925   -1.047197551   41.859527397    2.405830516  -12.628730581
    0.000000000   -1.047197551   41.128474527  -11.483998595   -9.936821784
    0.174532925   -1.047197551   37.705586438  -27.955862430   -8.007455000
    0.349065850   -1.047197551   31.455478364  -43.035554522   -6.871982780
    0.523598776   -1.047197551   23.107684037  -50.977501367   -6.341934076
    0.698131701   -1.047197551   14.407778948  -46.375947801   -6.079989848
    0.872664626   -1.047197551    7.786628671  -27.251039428   -5.744894759
    1.047197551   -1.047197551    5.555707167    2.872398330   -5.129950131
    1.221730476   -1.047197551    8.965743440   35.802212712   -4.220057568
    1.396263402   -1.047197551   17.665555313   62.065507860   -3.136320007
    1.570796327   -1.047197551   29.843562045   74.912192484   -2.027939246
    1.745329252   -1.047197551   42.925056599   72.537504598   -0.988069517
    1.919862177   -1.047197551   54.430284758   57.550171690   -0.029851870
    2.094395102   -1.047197551   62.572265100   34.886575213    0.873341393
    2.268928028   -1.047197551   66.463691597    9.628315206    1.732845160
    2.443460953   -1.047197551   66.029739321  -14.080276178    2.503710200
    2.617993878   -1.047197551   61.827196175  -33.111074369    3.078455728
    2.792526803   -1.047197551   54.894207842  -45.080374419    3.308561310
    2.967059728   -1.047197551   46.616306507  -48.450183434    3.077080844

   -3.141592654   -0.698131701   38.317525561  -46.401014299    2.588872770
   -2.967059728   -0.698131701   31.143450324  -34.956805603    0.712194716
   -2.792526803   -0.698131701   26.333586540  -19.999712405   -1.633057200
   -2.617993878   -0.698131701   24.112945509   -5.986411872   -4.184426478
   -2.443460953   -0.698131701   23.973730641    3.405461108   -6.754541893
   -2.268928028   -0.698131701   24.930735110    6.506454978   -9.324572421
   -2.094395102   -0.698131701   25.912264685    3.965251777  -12.034365132
   -1.919862177   -0.698131701   26.127587492   -1.761398046  -15.038115682
   -1.745329252   -0.698131701   25.303159819   -7.403687338  -18.304518157
   -1.570796327   -0.698131701   23.728753475   -9.928993908  -21.477976044
   -1.396263402   -0.698131701   22.124820749   -7.611598988  -23.929647067
   -1.221730476   -0.698131701   21.348136625   -0.672231858  -24.994857256
   -1.047197551   -0.698131701   22.046126138    8.815366742  -24.281801658
   -0.872664626   -0.698131701   24.406658824   17.838021614  -21.855919048
   -0.698131701   -0.698131701   28.090452946   23.575792190  -18.207806718
   -0.523598776   -0.698131701   32.349100171   24.224224619  -14.055244473
   -0.349065850   -0.698131701   36.213669118   19.023190001  -10.095045675
   -0.174532925   -0.698131701   38.659049307    8.016915051   -6.823719687
    0.000000000   -0.698131701   38.734426014   -7.891481739   -4.450778468
    0.174532925   -0.698131701   35.762650427  -26.324269447   -2.871241228
    0.349065850   -0.698131701   29.664339920  -42.802493546   -1.732231509
    0.523598776   -0.698131701   21.300360257  -51.243876953   -0.588090712
    0.698131701   -0.698131701   12.578852706  -46.241741852    0.886212102
    0.872664626   -0.698131701    6.060700814  -26.172990829    2.715893807
    1.047197551   -0.698131701    4.105318781    4.895964553    4.605936465
    1.221730476   -0.698131701    7.922045558   38.336510979    6.107455674
    1.396263402   -0.698131701   17.067269572   64.542614492    6.869477319
    1.570796327   -0.698131701   29.641788395   76.931669845    6.821381697
    1.745329252   -0.698131701   43.026709568   74.001114450    6.183822139
    1.919862177   -0.698131701   54.747343473   58.587987758    5.338045784
    2.094395102   -0.698131701   63.047285042   35.684321287    4.641632326
    2.268928028   -0.698131701   67.063871491   10.263016585    4.293654823
    2.443460953   -0.698131701   66.718856903  -13.727954393    4.282866323
    2.617993878   -0.698131701   62.532465168  -33.343945795    4.409751598
    2.792526803   -0.698131701   55.483229806  -46.233784677    4.353887032
    2.967059728   -0.698131701   46.906750788  -50.737570756    3.808216493

   -3.141592654   -0.349065850   39.091843797  -50.246235406    3.354640899
   -2.967059728   -0.349065850   31.126483576  -40.088563608    1.074127410
   -2.792526803   -0.349065850   25.351414686  -25.807428192   -1.774360984
   -2.617993878   -0.349065850   22.105538695  -11.835470988   -4.854283635
   -2.443460953   -0.349065850   20.969846846   -2.137559526   -7.893781611
   -2.268928028   -0.349065850   20.984473737    1.213697368  -10.798298778
   -2.094395102   -0.349065850   21.043770342   -1.354463978  -13.629669734
   -1.919862177   -0.349065850   20.317080751   -7.218237224  -16.447841200
   -1.745329252   -0.349065850   18.554544046  -12.570446381  -19.121161339
   -1.570796327   -0.349065850   16.174526083  -13.787168744  -21.234655884
   -1.396263402   -0.349065850   14.102216229   -8.920755617  -22.202083003
   -1.221730476   -0.349065850   13.386748879    1.421360025  -21.531108501
   -1.047197551   -0.349065850   14.752768424   14.291750555  -19.106241424
   -0.872664626   -0.349065850   18.300099145   25.736458560  -15.297940303
   -0.698131701   -0.349065850   23.464192307   32.353344509  -10.841507307
   -0.523598776   -0.349065850   29.215409939   32.302935169   -6.567723375
   -0.349065850   -0.349065850   34.340140186   25.239713485   -3.113057747
   -0.174532925   -0.349065850   37.667483113   11.880343269   -0.742970162
    0.000000000   -0.349065850   38.226668671   -6.107883851    0.697875999
    0.174532925   -0.349065850   35.448564144  -25.693105392    1.728547483
    0.349065850   -0.349065850   29.452506318  -42.052085925    3.029177548
    0.523598776   -0.349065850   21.315239898  -49.266495469    5.144094261
    0.698131701   -0.349065850   13.083870775  -42.627609910    8.186941634
    0.872664626   -0.349065850    7.308532496  -21.451877163   11.706748802
    1.047197551   -0.349065850    6.187793850    9.497986546   14.847492393
    1.221730476   -0.349065850   10.700726763   41.523570815   16.743869079
    1.396263402   -0.349065850   20.219955660   65.587503950   16.925544860
    1.570796327   -0.349065850   32.792812334   75.953396561   15.508287268
    1.745329252   -0.349065850   45.885030715   71.793398398   13.086531380
    1.919862177   -0.349065850   57.187112829   56.165622572   10.438431172
    2.094395102   -0.349065850   65.106180391   33.839155283    8.217748686
    2.268928028   -0.349065850   68.877839814    9.309105744    6.765548907
    2.443460953   -0.349065850   68.431528678  -14.005962850    6.070144739
    2.617993878   -0.349065850   64.212506008  -33.575542615    5.830511390
    2.792526803   -0.349065850   57.071296427  -47.184076328    5.575157006
    2.967059728   -0.349065850   48.217984982  -53.026567310    4.845951646

   -3.141592654    0.000000000   40.579865397  -53.683898340    2.972638808
   -2.967059728    0.000000000   31.883943862  -44.939932268    0.898565795
   -2.792526803    0.000000000   25.177547999  -31.508603075   -1.634311177
   -2.617993878    0.000000000   20.909673330  -17.748247469   -4.330355016
   -2.443460953    0.000000000   18.754959451   -7.861488792   -6.955664473
   -2.268928028    0.000000000   17.794600367   -4.241215474   -9.427116047
   -2.094395102    0.000000000   16.921771223   -6.577776052  -11.767578016
   -1.919862177    0.000000000   15.314534209  -12.015946696  -13.954275425
   -1.745329252    0.000000000   12.796976772  -16.269375352  -15.774227419
   -1.570796327    0.000000000    9.942498844  -15.337347150  -16.800184891
   -1.396263402    0.000000000    7.860174748   -7.356933364  -16.550086609
   -1.221730476    0.000000000    7.717854554    6.398454000  -14.744639506
   -1.047197551    0.000000000   10.207052475   21.988489008  -11.523806217
   -0.872664626    0.000000000   15.226854034   34.611798375   -7.465567888
   -0.698131701    0.000000000   21.910387645   40.587943552   -3.389028453
   -0.523598776    0.000000000   28.934482204   38.471275799   -0.049993133
   -0.349065850    0.000000000   34.905763753   28.754577511    2.138424581
   -0.174532925    0.000000000   38.637201006   13.130539702    3.226663096
    0.000000000    0.000000000   39.301987497   -5.893217999    3.702008318
    0.174532925    0.000000000   36.591021118  -24.857544912    4.339425492
    0.349065850    0.000000000   30.907989520  -39.112782026    5.916266546
    0.523598776    0.000000000   23.523000365  -43.591972851    8.872527575
    0.698131701    0.000000000   16.482932812  -34.888949135   13.035489145
    0.872664626    0.000000000   12.111595027  -13.486557378   17.577099722
    1.047197551    0.000000000   12.235806331   15.440466683   21.308584554
    1.221730476    0.000000000   17.480674984   43.790354263   23.192300701
    1.396263402    0.000000000   27.038113251   63.820053472   22.783280057
    1.570796327    0.000000000   39.012297895   71.107901017   20.373710716
    1.745329252    0.000000000   51.112297080   65.580063576   16.791347067
    1.919862177    0.000000000   61.337534754   50.294306422   13.014802686
    2.094395102    0.000000000   68.350648937   29.456637739    9.821093421
    2.268928028    0.000000000   71.520078487    6.787344926    7.597056703
    2.443460953    0.000000000   70.774746473  -15.015286298    6.328008952
    2.617993878    0.000000000   66.452855894  -33.920721333    5.692016327
    2.792526803    0.000000000   59.236141279  -47.867894452    5.202276087
    2.967059728    0.000000000   50.168322916  -54.887517249    4.392693737

   -3.141592654    0.349065850   41.981518501  -56.425674030    1.772053578
   -2.967059728    0.349065850   32.700907847  -48.824822306    0.574781383
   -2.792526803    0.349065850   25.250412147  -36.040586023   -0.858667256
   -2.617993878    0.349065850   20.178041502  -22.343539600   -2.389502384
   -2.443460953    0.349065850   17.245544993  -12.138633795   -3.916617799
   -2.268928028    0.349065850   15.575738934   -8.092875989   -5.417367461
   -2.094395102    0.349065850   14.067684478   -9.996020599   -6.895822902
   -1.919862177    0.349065850   11.913188633  -14.808186662   -8.277357262
   -1.745329252    0.349065850    8.999504734  -17.898647501   -9.337827914
   -1.570796327    0.349065850    6.015279473  -15.073856647   -9.734509597
   -1.396263402    0.349065850    4.185100479   -4.681805438   -9.157210926
   -1.221730476    0.349065850    4.717636699   11.374821690   -7.509375122
   -1.047197551    0.349065850    8.217536973   28.393535274   -5.019056761
   -0.872664626    0.349065850   14.380527617   41.059295351   -2.186896478
   -0.698131701    0.349065850   22.092379775   45.718267996    0.405356496
   -0.523598776    0.349065850   29.832953344   41.477552440    2.331469155
   -0.349065850    0.349065850   36.138910000   29.657964606    3.500335016
   -0.174532925    0.349065850   39.902423500   12.793581717    4.186447174
    0.000000000    0.349065850   40.505270552   -5.987922985    4.947690010
    0.174532925    0.349065850   37.920154850  -23.065881387    6.447071525
    0.349065850    0.349065850   32.807964131  -34.247178243    9.187802205
    0.523598776    0.349065850   26.557876860  -35.561383222   13.244217468
    0.698131701    0.349065850   21.109687210  -25.020886885   18.103134232
    0.872664626    0.349065850   18.450783910   -4.189813007   22.738715790
    1.047197551    0.349065850   19.957958906   21.617689744   25.972863920
    1.221730476    0.349065850   25.880292984   45.233783482   26.958008923
    1.396263402    0.349065850   35.261152004   60.481664061   25.508193366
    1.570796327    0.349065850   46.327634276   64.361186674   22.125759545
    1.745329252    0.349065850   57.102203742   57.499890475   17.731738160
    1.919862177    0.349065850   65.945320487   42.815733806   13.290383141
    2.094395102    0.349065850   71.801740616   23.811774396    9.515627025
    2.268928028    0.349065850   74.178968217    3.346115079    6.747365330
    2.443460953    0.349065850   73.002293284  -16.627316608    4.978857631
    2.617993878    0.349065850   68.499346880  -34.554978196    3.956348107
    2.792526803    0.349065850   61.184712287  -48.514596198    3.302532163
    2.967059728    0.349065850   51.937979104  -56.370769565    2.654440287

   -3.141592654    0.698131701   43.403514888  -57.392929372   -0.622740916
   -2.967059728    0.698131701   33.890408476  -50.497395587   -0.827111558
   -2.792526803    0.698131701   26.096260753  -38.256730305   -0.964603635
   -2.617993878    0.698131701   20.608066147  -24.846462378   -1.086609094
   -2.443460953    0.698131701   17.228827026  -14.726715043   -1.263228285
   -2.268928028    0.698131701   15.109062427  -10.643183612   -1.569766603
   -2.094395102    0.698131701   13.168362605  -12.372852158   -2.038085632
   -1.919862177    0.698131701   10.632284942  -16.744720982   -2.607154162
   -1.745329252    0.698131701    7.448357101  -18.981068821   -3.120595395
   -1.570796327    0.698131701    4.380301965  -14.895351254   -3.379244965
   -1.396263402    0.698131701    2.705607219   -3.081520215   -3.236306058
   -1.221730476    0.698131701    3.625942782   14.138797245   -2.668672313
   -1.047197551    0.698131701    7.665022378   31.678985361   -1.787341697
   -0.872664626    0.698131701   14.388726530   44.072379115   -0.775064914
   -0.698131701    0.698131701   22.557124731   47.864590398    0.213293910
   -0.523598776    0.698131701   30.583857816   42.638369714    1.140404120
   -0.349065850    0.698131701   37.035169867   30.280662592    2.135922511
   -0.174532925    0.698131701   40.925768607   13.807980177    3.470281984
    0.000000000    0.698131701   41.823655137   -3.429000050    5.486070173
    0.174532925    0.698131701   39.893788503  -17.996400631    8.475622987
    0.349065850    0.698131701   35.914621989  -26.369660819   12.508073648
    0.523598776    0.698131701   31.238770921  -25.623891462   17.275793062
    0.698131701    0.698131701   27.578913372  -14.843366414   22.053441947
    0.872664626    0.698131701   26.545770913    3.861897534   25.848851438
    1.047197551    0.698131701   29.118797422   25.523784370   27.751398313
    1.221730476    0.698131701   35.286733590   44.120337522   27.302914159
    1.396263402    0.698131701   44.066892978   54.917089595   24.667637680
    1.570796327    0.698131701   53.889397436   56.002050021   20.532059568
    1.745329252    0.698131701   63.109445235   48.378167044   15.796342663
    1.919862177    0.698131701   70.423608378   34.654563874   11.258759020
    2.094395102    0.698131701   75.020455801   17.644630374    7.427145009
    2.268928028    0.698131701   76.521209430   -0.539556750    4.496979012
    2.443460953    0.698131701   74.845637873  -18.548896855    2.432894784
    2.617993878    0.698131701   70.130446199  -35.196944067    1.073863762
    2.792526803    0.698131701   62.756895332  -48.667915094    0.221447175
    2.967059728    0.698131701   53.472300563  -56.716983347   -0.302696701

   -3.141592654    1.047197551   42.203980803  -57.137910963   -5.504436849
   -2.967059728    1.047197551   32.803895856  -49.490802097   -4.897471229
   -2.792526803    1.047197551   25.226694800  -36.838607826   -3.939315752
   -2.617993878    1.047197551   19.990925628  -23.440733908   -2.866337314
   -2.443460953    1.047197551   16.826756919  -13.718360716   -1.907441190
   -2.268928028    1.047197551   14.831720822  -10.236540000   -1.217701532
   -2.094395102    1.047197551   12.910282189  -12.531999971   -0.836979052
   -1.919862177    1.047197551   10.312394060  -17.248829326   -0.704834353
   -1.745329252    1.047197551    7.030672848  -19.555532587   -0.729585725
   -1.570796327    1.047197551    3.870748752  -15.354581956   -0.854559899
   -1.396263402    1.047197551    2.130456720   -3.379822759   -1.077017017
   -1.221730476    1.047197551    3.010213606   13.957139151   -1.396239755
   -1.047197551    1.047197551    7.025775121   31.587926677   -1.739203855
   -0.872664626    1.047197551   13.746206529   44.146675692   -1.927581670
   -0.698131701    1.047197551   21.957565441   48.329707779   -1.713399772
   -0.523598776    1.047197551   30.125156561   43.860580426   -0.852741878
   -0.349065850    1.047197551   36.888842680   32.717291290    0.836732629
   -0.174532925    1.047197551   41.345071722   17.922992302    3.447148444
    0.000000000    1.047197551   43.132891498    2.687290497    6.974124805
    0.174532925    1.047197551   42.446223586   -9.918406105   11.285679143
    0.349065850    1.047197551   40.007945384  -16.957342933   16.052384100
    0.523598776    1.047197551   37.000701742  -16.183238181   20.701467402
    0.698131701    1.047197551   34.862974466   -7.152174817   24.469596807
    0.872664626    1.047197551   34.893277323    8.116777184   26.594305479
    1.047197551    1.047197551   37.832816218   25.404546942   26.598634844
    1.221730476    1.047197551   43.603144121   39.808219096   24.499210261
    1.396263402    1.047197551   51.345709718   47.593184636   20.790101300
    1.570796327    1.047197551   59.745576686   47.296066796   16.229334007
    1.745329252    1.047197551   67.435626989   39.757920379   11.542602138
    1.919862177    1.047197551   73.324874341   27.049170256    7.228263224
    2.094395102    1.047197551   76.712424319   11.412497637    3.514893628
    2.268928028    1.047197551   77.245109357   -5.422290856    0.449295909
    2.443460953    1.047197551   74.822688700  -22.251751367   -1.991215313
    2.617993878    1.047197551   69.552953340  -37.858412022   -3.821923301
    2.792526803    1.047197551   61.800540995  -50.337151883   -5.025205694
    2.967059728    1.047197551   52.308990726  -57.392543334   -5.581286886

   -3.141592654    1.396263402   37.729282154  -57.110830098  -10.993363382
   -2.967059728    1.396263402   28.496823609  -47.639960544   -9.948887469
   -2.792526803    1.396263402   21.369983519  -33.632877350   -8.336677033
   -2.617993878    1.396263402   16.760141136  -19.602082188   -6.522375566
   -2.443460953    1.396263402   14.265940772   -9.988941465   -4.819844217
   -2.268928028    1.396263402   12.872562146   -7.130001317   -3.390644961
   -2.094395102    1.396263402   11.422676926  -10.242725036   -2.230191056
   -1.919862177    1.396263402    9.153909089  -15.759391840   -1.254467916
   -1.745329252    1.396263402    6.065319859  -18.838034141   -0.430518300
   -1.570796327    1.396263402    2.958464884  -15.486046785    0.158264663
   -1.396263402    1.396263402    1.115250870   -4.434568872    0.367917896
   -1.221730476    1.396263402    1.740666889   12.146054506    0.149374547
   -1.047197551    1.396263402    5.413766690   29.593794398   -0.321775544
   -0.872664626    1.396263402   11.833996481   42.856126035   -0.651087781
   -0.698131701    1.396263402   19.950286899   48.668556334   -0.373550515
   -0.523598776    1.396263402   28.369724237   46.483520424    0.858338273
   -0.349065850    1.396263402   35.810170183   37.844815448    3.162014850
   -0.174532925    1.396263402   41.365970688   25.320123548    6.431585719
    0.000000000    1.396263402   44.598482656   11.705717246   10.399455292
    0.174532925    1.396263402   45.555397843   -0.309375871   14.679865080
    0.349065850    1.396263402   44.749404522   -8.112483083   18.764507077
    0.523598776    1.396263402   43.109750877   -9.596448978   22.039325595
    0.698131701    1.396263402   41.829061646   -4.077885153   23.883710567
    0.872664626    1.396263402   42.043306031    7.139338903   23.864891294
    1.047197551    1.396263402   44.483912628   20.818541524   21.938456868
    1.221730476    1.396263402   49.226385670   32.860242052   18.503085452
    1.396263402    1.396263402   55.661463505   39.794231937   14.240767907
    1.570796327    1.396263402   62.714788648   39.802681676    9.839979005
    1.745329252    1.396263402   69.164525976   33.064937782    5.753849724
    1.919862177    1.396263402   73.952270545   21.072851132    2.133797458
    2.094395102    1.396263402   76.335762012    5.832155705   -1.082749097
    2.268928028    1.396263402   75.910601533  -10.830416940   -3.999325763
    2.443460953    1.396263402   72.560864900  -27.430269135   -6.631196166
    2.617993878    1.396263402   66.430483423  -42.451076627   -8.856159830
    2.792526803    1.396263402   57.963838555  -53.822197131  -10.449063182
    2.967059728    1.396263402   47.997071408  -59.260556195  -11.194555226

   -3.141592654    1.745329252   31.817998537  -56.372618959  -16.692387561
   -2.967059728    1.745329252   22.902310768  -44.840343595  -16.030788305
   -2.792526803    1.745329252   16.390539692  -29.535965730  -14.520806667
   -2.617993878    1.745329252   12.542468795  -15.113853065  -12.488653579
   -2.443460953    1.745329252   10.811571348   -5.817961741  -10.243977144
   -2.268928028    1.745329252   10.093188207   -3.584994932   -7.966070787
   -2.094395102    1.745329252    9.207493886   -7.305644765   -5.677790381
   -1.919862177    1.745329252    7.405011463  -13.355841065   -3.337484623
   -1.745329252    1.745329252    4.683105888  -17.083558351   -0.986090033
   -1.570796327    1.745329252    1.804457046  -14.684646161    1.172743151
   -1.396263402    1.745329252    0.002572416   -4.772086342    2.840528730
   -1.221730476    1.745329252    0.487777213   10.964294392    3.817937849
   -1.047197551    1.745329252    3.942979623   28.453001455    4.181477670
   -0.872664626    1.745329252   10.253953515   42.934023179    4.299647607
   -0.698131701    1.745329252   18.563463450   50.923098034    4.667383257
   -0.523598776    1.745329252   27.595616870   51.242882985    5.678567661
   -0.349065850    1.745329252   36.063462868   44.743032681    7.469523095
   -0.174532925    1.745329252   42.947811841   33.466645747    9.910513976
    0.000000000    1.745329252   47.627488029   19.934920049   12.669381236
    0.174532925    1.745329252   49.937112274    6.745262956   15.285698129
    0.349065850    1.745329252   50.172034972   -3.426254235   17.226988235
    0.523598776    1.745329252   49.073130685   -8.194720057   17.979181794
    0.698131701    1.745329252   47.720289955   -6.291126371   17.193627868
    0.872664626    1.745329252   47.262430741    1.805379164   14.858868708
    1.047197551    1.745329252   48.586527524   13.604892236   11.375072670
    1.221730476    1.745329252   52.018305774   25.295169790    7.434848280
    1.396263402    1.745329252   57.194828291   33.079017548    3.736657704
    1.570796327    1.745329252   63.188977055   34.383569265    0.700982051
    1.745329252    1.745329252   68.787111100   28.628280531   -1.656503822
    1.919862177    1.745329252   72.834551425   16.900172587   -3.628124864
    2.094395102    1.745329252   74.462845971    1.278302260   -5.596342330
    2.268928028    1.745329252   73.188430000  -15.994998687   -7.812282955
    2.443460953    1.745329252   68.902219405  -32.899194560  -10.286285536
    2.617993878    1.745329252   61.841608894  -47.479757710  -12.787344539
    2.792526803    1.745329252   52.600116747  -57.511185460  -14.927431427
    2.967059728    1.745329252   42.161755505  -60.873872873  -16.316113179

   -3.141592654    2.094395102   25.179525714  -56.812103817  -17.873071924
   -2.967059728    2.094395102   16.368490271  -43.256805534  -17.267695213
   -2.792526803    2.094395102   10.276052128  -26.424580384  -15.718091577
   -2.617993878    2.094395102    7.057291678  -11.121512024  -13.522467458
   -2.443460953    2.094395102    6.060245741   -1.466933301  -10.960400793
   -2.268928028    2.094395102    6.114537394    0.905373828   -8.176346294
   -2.094395102    2.094395102    6.026055520   -2.648568061   -5.159139874
   -1.919862177    2.094395102    5.055018880   -8.498575309   -1.853954137
   -1.745329252    2.094395102    3.185924958  -12.232853046    1.669632549
   -1.570796327    2.094395102    1.119861827  -10.322621793    5.122113321
   -1.396263402    2.094395102    0.000000000   -1.392393315    8.067477229
   -1.221730476    2.094395102    0.976681912   13.224460162   10.142455010
   -1.047197551    2.094395102    4.755349156   29.997864555   11.266900297
   -0.872664626    2.094395102   11.329116352   44.536291513   11.691417371
   -0.698131701    2.094395102   19.979369437   53.326951092   11.843254472
   -0.523598776    2.094395102   29.529605312   54.782918809   12.095182863
   -0.349065850    2.094395102   38.705000564   49.232908282   12.590926646
   -0.174532925    2.094395102   46.411591178   38.259291766   13.221821228
    0.000000000    2.094395102   51.887668854   24.092716699   13.684502266
    0.174532925    2.094395102   54.791432430    9.213300788   13.571661124
    0.349065850    2.094395102   55.238420983   -3.601049739   12.479231989
    0.523598776    2.094395102   53.834024122  -11.552499264   10.152572820
    0.698131701    2.094395102   51.625484810  -12.620787637    6.644165241
    0.872664626    2.094395102   49.876719678   -6.405746545    2.408060727
    1.047197551    2.094395102   49.724208000    5.193672274   -1.790884930
    1.221730476    2.094395102   51.791914482   18.298822708   -5.160309499
    1.396263402    2.094395102   55.941970373   28.376005832   -7.220938246
    1.570796327    2.094395102   61.310822342   31.815939813   -8.005983741
    1.745329252    2.094395102   66.579491262   27.222938818   -8.006164854
    1.919862177    2.094395102   70.392060450   15.422348069   -7.913594679
    2.094395102    2.094395102   71.683157475   -1.209158347   -8.321608146
    2.268928028    2.094395102   69.857427209  -19.814619403   -9.520231193
    2.443460953    2.094395102   64.808057368  -37.716447780  -11.446108827
    2.617993878    2.094395102   56.875892278  -52.474277457  -13.743315134
    2.792526803    2.094395102   46.818335476  -61.695398344  -15.891963427
    2.967059728    2.094395102   35.783887978  -63.401001624  -17.384919444

   -3.141592654    2.443460953   19.218617495  -57.378621910  -12.223211048
   -2.967059728    2.443460953   10.479794049  -41.893977621  -11.478122542
   -2.792526803    2.443460953    4.773684152  -23.439842135  -10.012637846
   -2.617993878    2.443460953    2.184828168   -6.964178538   -8.036970927
   -2.443460953    2.443460953    1.988497956    3.505910661   -5.718350301
   -2.268928028    2.443460953    2.971449523    6.569933457   -3.093962475
   -2.094395102    2.443460953    3.934835788    3.746930552   -0.070321204
   -1.919862177    2.443460953    4.143239679   -1.409164176    3.458362701
   -1.745329252    2.443460953    3.548967117   -4.810757157    7.441179927
   -1.570796327    2.443460953    2.757006601   -3.291171126   11.561030830
   -1.396263402    2.443460953    2.770133537    4.426152629   15.285514649
   -1.221730476    2.443460953    4.615641410   17.307224106   18.071638885
   -1.047197551    2.443460953    8.954045022   32.374292564   19.600233630
   -0.872664626    2.443460953   15.827789471   45.698539540   19.889837351
   -0.698131701    2.443460953   24.620394156   53.889250090   19.222137338
   -0.523598776    2.443460953   34.245914630   55.106852554   17.959022153
   -0.349065850    2.443460953   43.457573930   49.277856896   16.357489043
   -0.174532925    2.443460953   51.119017239   37.599580003   14.491477797
    0.000000000    2.443460953   56.371816878   22.071724178   12.253730507
    0.174532925    2.443460953   58.754984083    5.165924725    9.423420218
    0.349065850    2.443460953   58.287228427  -10.057782591    5.793662483
    0.523598776    2.443460953   55.555510030  -20.199343836    1.344651137
    0.698131701    2.443460953   51.714403251  -22.435656252   -3.610239842
    0.872664626    2.443460953   48.268783681  -15.717584746   -8.397745390
    1.047197551    2.443460953   46.665451947   -1.852566089  -12.175519585
    1.221730476    2.443460953   47.790069481   14.643876074  -14.274737064
    1.396263402    2.443460953   51.606731337   28.116857424  -14.502898272
    1.570796327    2.443460953   57.154084455   33.882106161  -13.235662010
    1.745329252    2.443460953   62.867479151   29.974433862  -11.238545728
    1.919862177    2.443460953   67.104181157   17.317186481   -9.352740567
    2.094395102    2.443460953   68.575175814   -1.132185954   -8.201769013
    2.268928028    2.443460953   66.583160909  -21.764868850   -8.044665688
    2.443460953    2.443460953   61.046344450  -41.226023707   -8.778202881
    2.617993878    2.443460953   52.429620734  -56.625596529  -10.031896885
    2.792526803    2.443460953   41.668304691  -65.434842285  -11.306667262
    2.967059728    2.443460953   30.086149017  -65.818374908  -12.139384055

   -3.141592654    2.792526803   16.638622125  -56.851112156   -0.339033196
   -2.967059728    2.792526803    8.074100052  -40.453003261    1.028975266
   -2.792526803    2.792526803    2.688334365  -21.247158068    2.569424085
   -2.617993878    2.792526803    0.538004107   -4.143936266    4.179895110
   -2.443460953    2.792526803    0.890600690    6.995882564    5.873273974
   -2.268928028    2.792526803    2.557174264   10.961287444    7.793665929
   -2.094395102    2.792526803    4.387784578    9.332460080   10.156811088
   -1.919862177    2.792526803    5.685820728    5.478542953   13.114476122
   -1.745329252    2.792526803    6.387525928    3.052623583   16.611263688
   -1.570796327    2.792526803    6.996120529    4.716950365   20.303117794
   -1.396263402    2.792526803    8.338402065   11.451369031   23.616647724
   -1.221730476    2.792526803   11.247265759   22.323338435   25.935561304
   -1.047197551    2.792526803   16.240501111   34.817552763   26.827840633
   -0.872664626    2.792526803   23.312735932   45.573018651   26.185099875
   -0.698131701    2.792526803   31.886482250   51.594056723   24.206940683
   -0.523598776    2.792526803   40.957288293   51.115406773   21.266158390
   -0.349065850    2.792526803   49.349859963   43.915805409   17.732769917
   -0.174532925    2.792526803   55.963821258   30.956406438   13.858536713
    0.000000000    2.792526803   59.940483654   14.072429126    9.732105422
    0.174532925    2.792526803   60.804748956   -4.235180221    5.310369788
    0.349065850    2.792526803   58.588120049  -20.613628091    0.541756613
    0.523598776    2.792526803   53.964237891  -31.142554906   -4.467731744
    0.698131701    2.792526803   48.272301142  -32.430374584   -9.332051014
    0.872664626    2.792526803   43.280169381  -23.172572102  -13.404909950
    1.047197551    2.792526803   40.693336761   -5.511744272  -16.001537717
    1.221730476    2.792526803   41.543808643   15.136026217  -16.711162152
    1.396263402    2.792526803   45.760415366   32.007235136  -15.602426674
    1.570796327    2.792526803   52.173073061   39.622229660  -13.205077229
    1.745329252    2.792526803   58.920853658   35.819726797  -10.273951380
    1.919862177    2.792526803   64.083366136   21.913533418   -7.509297767
    2.094395102    2.792526803   66.193235887    1.547746405   -5.351673789
    2.268928028    2.792526803   64.498555880  -20.983848037   -3.930933051
    2.443460953    2.792526803   58.967692719  -41.824473736   -3.117701937
    2.617993878    2.792526803   50.181082142  -57.837933237   -2.629488003
    2.792526803    2.792526803   39.210453264  -66.514396988   -2.142185496
    2.967059728    2.792526803   27.494534250  -66.218570773   -1.412019516
