#! FIELDS phi psi file.free der_phi der_psi
#! SET min_phi -pi
#! SET max_phi pi
#! SET nbins_phi  36
#! SET periodic_phi true
#! SET min_psi -pi
#! SET max_psi pi
#! SET nbins_psi  18
#! SET periodic_psi true
   -3.141592654   -3.141592654   18.556609625  -54.020732296   15.024799443
   -2.967059728   -3.141592654   10.483167597  -37.754265517   17.373549156
   -2.792526803   -3.141592654    5.526002422  -19.088663356   19.074296358
   -2.617993878   -3.141592654    3.700039164   -2.552784582   20.106077566
   -2.443460953   -3.141592654    4.311402447    8.473484171   20.692518005
   -2.268928028   -3.141592654    6.282554397   13.110774260   21.232722521
   -2.094395102   -3.141592654    8.605397969   12.925176245   22.149556224
   -1.919862177   -3.141592654   10.688288241   10.888510326   23.712322422
   -1.745329252   -3.141592654   12.477943499    9.999021869   25.911158080
   -1.570796327   -3.141592654   14.368676898   12.259073180   28.416331411
   -1.396263402   -3.141592654   16.983593909   18.252034460   30.658667284
   -1.221730476   -3.141592654   20.918479269   27.089775172   31.998503242
   -1.047197551   -3.141592654   26.499660271   36.699273218   31.932462474
   -0.872664626   -3.141592654   33.627676441   44.346126794   30.234464001
   -0.698131701   -3.141592654   41.734893096   47.558254457   26.990180958
   -0.523598776   -3.141592654   49.893318546   44.783131899   22.520105514
   -0.349065850   -3.141592654   57.014715230   35.739573451   17.244001341
   -0.174532925   -3.141592654   62.062281086   21.216102748   11.572864923
    0.000000000   -3.141592654   64.217633132    2.977413038    5.846799393
    0.174532925   -3.141592654   63.052366738  -16.309250267    0.315003561
    0.349065850   -3.141592654   58.694476645  -32.909936960   -4.813986691
    0.523598776   -3.141592654   51.989273232  -42.459593957   -9.304308642
    0.698131701   -3.141592654   44.513122189  -41.305778424  -12.852970199
    0.872664626   -3.141592654   38.282014964  -28.306628155  -15.124508611
    1.047197551   -3.141592654   35.177700491   -6.271152883  -15.885771359
    1.221730476   -3.141592654   36.259262838   18.413037468  -15.149318205
    1.396263402   -3.141592654   41.314292635   38.077781677  -13.203016581
    1.570796327   -3.141592654   48.908038946   46.803608621  -10.508897749
    1.745329252   -3.141592654   56.889216845   42.549727329   -7.519388465
    1.919862177   -3.141592654   63.109213525   27.196687853   -4.546891955
    2.094395102   -3.141592654   65.988699836    5.092629300   -1.717999812
    2.268928028   -3.141592654   64.780092381  -18.869245450    0.984803990
    2.443460953   -3.141592654   59.541444143  -40.474732961    3.659537187
    2.617993878   -3.141592654   50.979077358  -56.511032408    6.413740858
    2.792526803   -3.141592654   40.279855103  -64.684437417    9.299787779
    2.967059728   -3.141592654   28.941906334  -63.752102960   12.241084883

   -3.141592654   -2.792526803   25.519301288  -49.100111702   22.784187969
   -2.967059728   -2.792526803   18.165071914  -34.492066128   25.048754451
   -2.792526803   -2.792526803   13.622378674  -17.583658975   26.379701800
   -2.617993878   -2.792526803   11.929268259   -2.438161882   26.902967153
   -2.443460953   -2.792526803   12.493465872    7.963141034   26.973165226
   -2.268928028   -2.792526803   14.388096944   12.891889959   27.055042183
   -2.094395102   -2.792526803   16.756274011   13.762205058   27.546143635
   -1.919862177   -2.792526803   19.107053629   13.141279852   28.616959814
   -1.745329252   -2.792526803   21.402792202   13.465625806   30.137899131
   -1.570796327   -2.792526803   23.951725604   16.168160867   31.696336494
   -1.396263402   -2.792526803   27.202626998   21.414798433   32.712209709
   -1.221730476   -2.792526803   31.527961895   28.208350841   32.602493112
   -1.047197551   -2.792526803   37.046305651   34.742389240   30.964906190
   -0.872664626   -2.792526803   43.526032057   38.867122425   27.693326962
   -0.698131701   -2.792526803   50.381310366   38.798303907   22.999197758
   -0.523598776   -2.792526803   56.779459439   33.550622103   17.327080738
   -0.349065850   -2.792526803   61.805420787   23.166317589   11.210252350
   -0.174532925   -2.792526803   64.627876145    8.492790662    5.144072575
    0.000000000   -2.792526803   64.626210944   -8.858851715   -0.480849982
    0.174532925   -2.792526803   61.532005844  -26.458928934   -5.400890480
    0.349065850   -2.792526803   55.590851341  -40.819147954   -9.432396739
    0.523598776   -2.792526803   47.727132510  -47.773561233  -12.426618624
    0.698131701   -2.792526803   39.563451958  -43.847402206  -14.254839243
    0.872664626   -2.792526803   33.126480262  -28.145648308  -14.839825170
    1.047197551   -2.792526803   30.258871351   -3.799607760  -14.232982090
    1.221730476   -2.792526803   31.925150889   22.528098429  -12.650041897
    1.396263402   -2.792526803   37.786277571   43.089743196  -10.408053800
    1.570796327   -2.792526803   46.289847835   52.155470437   -7.803681751
    1.745329252   -2.792526803   55.214990985   48.002167556   -5.004302351
    1.919862177   -2.792526803   62.396950196   32.788720958   -2.037407361
    2.094395102   -2.792526803   66.275655686   10.970780428    1.148752379
    2.268928028   -2.792526803   66.126907489  -12.598884549    4.600389742
    2.443460953   -2.792526803   62.017809061  -33.824830550    8.307377536
    2.617993878   -2.792526803   54.639259133  -49.638616660   12.184015825
    2.792526803   -2.792526803   45.136236161  -57.932829440   16.066524851
    2.967059728   -2.792526803   34.931712965  -57.628026118   19.702060720

   -3.141592654   -2.443460953   33.486330768  -44.116177581   21.680628348
   -2.967059728   -2.443460953   26.857822370  -31.192561665   23.540184651
   -2.792526803   -2.443460953   22.745305210  -15.911168722   24.607508911
   -2.617993878   -2.443460953   21.233279910   -1.929793186   25.008185747
   -2.443460953   -2.443460953   21.838339278    8.054089714   25.005196820
   -2.268928028   -2.443460953   23.767861786   13.307130927   24.914244991
   -2.094395102   -2.443460953   26.271642228   14.935348882   24.979741660
   -1.919862177   -2.443460953   28.892620649   15.013984468   25.265385984
   -1.745329252   -2.443460953   31.537204472   15.460413590   25.618167858
   -1.570796327   -2.443460953   34.377340089   17.339374476   25.701897544
   -1.396263402   -2.443460953   37.682881700   20.705719925   25.105087872
   -1.221730476   -2.443460953   41.654182920   24.764788446   23.467948281
   -1.047197551   -2.443460953   46.299917086   28.186802930   20.609798281
   -0.872664626   -2.443460953   51.377150235   29.454720304   16.589219697
   -0.698131701   -2.443460953   56.395637483   27.347436645   11.693623777
   -0.523598776   -2.443460953   60.698953760   21.209969987    6.355277907
   -0.349065850   -2.443460953   63.579009439   11.106109482    1.033648521
   -0.174532925   -2.443460953   64.391846164   -2.331385188   -3.881313036
    0.000000000   -2.443460953   62.654951635  -17.841273221   -8.110067392
    0.174532925   -2.443460953   58.176050533  -33.307795505  -11.495920683
    0.349065850   -2.443460953   51.231554537  -45.452109664  -13.961898461
    0.523598776   -2.443460953   42.751383248  -50.201521225  -15.474002376
    0.698131701   -2.443460953   34.351556655  -44.131553543  -16.023345741
    0.872664626   -2.443460953   28.038643944  -26.471966746  -15.639029387
    1.047197551   -2.443460953   25.606865341   -0.548113344  -14.430792063
    1.221730476   -2.443460953   27.940094151   26.834863398  -12.593382049
    1.396263402   -2.443460953   34.607799015   47.959730500  -10.343624774
    1.570796327   -2.443460953   43.988722541   57.318082863   -7.835223624
    1.745329252   -2.443460953   53.838988396   53.454567704   -5.109363610
    1.919862177   -2.443460953   62.009407258   38.687951039   -2.129063558
    2.094395102   -2.443460953   66.968258866   17.457759218    1.149117433
    2.268928028   -2.443460953   68.004701866   -5.526640261    4.709228948
    2.443460953   -2.443460953   65.170709810  -26.337721784    8.457527822
    2.617993878   -2.443460953   59.113485930  -42.053764047   12.235604992
    2.792526803   -2.443460953   50.911785877  -50.700419214   15.845982228
    2.967059728   -2.443460953   41.902533586  -51.274289516   19.066848258

   -3.141592654   -2.094395102   39.685341151  -40.435392396   13.656062609
   -2.967059728   -2.094395102   33.599468133  -28.667596388   14.694600933
   -2.792526803   -2.094395102   29.830263194  -14.479073771   15.363929668
   -2.617993878   -2.094395102   28.489117123   -1.353072332   15.734722183
   -2.443460953   -2.094395102   29.146656772    8.140854221   15.883701465
   -2.268928028   -2.094395102   31.073708323   13.236955376   15.878370936
   -2.094395102   -2.094395102   33.562386397   14.828674899   15.742241807
   -1.919862177   -2.094395102   36.149309527   14.674172122   15.417061272
   -1.745329252   -2.094395102   38.679812029   14.396522824   14.758746918
   -1.570796327   -2.094395102   41.225660844   14.934129660   13.569379045
   -1.396263402   -2.094395102   43.954238442   16.437055593   11.673463869
   -1.221730476   -2.094395102   46.998108992   18.414671768    8.991933202
   -1.047197551   -2.094395102   50.364170024   19.951855259    5.600427071
   -0.872664626   -2.094395102   53.881591680   19.951766865    1.730144022
   -0.698131701   -2.094395102   57.193561828   17.462698719   -2.281894958
   -0.523598776   -2.094395102   59.806712853   11.885988997   -6.078948471
   -0.349065850   -2.094395102   61.165389023    3.108713808   -9.374531542
   -0.174532925   -2.094395102   60.732940761   -8.548962853  -12.012864614
    0.000000000   -2.094395102   58.074803158  -22.187444139  -13.972294125
    0.174532925   -2.094395102   52.988249471  -35.961903778  -15.341656599
    0.349065850   -2.094395102   45.705880069  -46.708937228  -16.245707025
    0.523598776   -2.094395102   37.109020174  -50.307498000  -16.773823446
    0.698131701   -2.094395102   28.781120639  -43.204530901  -16.931790198
    0.872664626   -2.094395102   22.715669079  -24.563710079  -16.645606801
    1.047197551   -2.094395102   20.697249838    2.264595420  -15.825327999
    1.221730476   -2.094395102   23.591226861   30.423669161  -14.431727444
    1.396263402   -2.094395102   30.943588667   52.197099189  -12.492023450
    1.570796327   -2.094395102   41.116210382   62.146283227  -10.081495247
    1.745329252   -2.094395102   51.861145072   58.871924685   -7.294342430
    1.919862177   -2.094395102   61.027916735   44.668470035   -4.238697325
    2.094395102   -2.094395102   67.072215908   23.877873629   -1.040892876
    2.268928028   -2.094395102   69.252124623    1.104773283    2.152146418
    2.443460953   -2.094395102   67.574407385  -19.775609689    5.188598768
    2.617993878   -2.094395102   62.636325143  -35.842688905    7.933514144
    2.792526803   -2.094395102   55.469127516  -45.109395851   10.288095821
    2.967059728   -2.094395102   47.365443896  -46.547170943   12.199938356

   -3.141592654   -1.745329252   41.957710408  -39.352773641    5.659118179
   -2.967059728   -1.745329252   36.043582738  -27.759627535    5.999830930
   -2.792526803   -1.745329252   32.426883879  -13.639185769    6.295620966
   -2.617993878   -1.745329252   31.222946353   -0.645663997    6.529076127
   -2.443460953   -1.745329252   31.979703530    8.532852852    6.593711738
   -2.268928028   -1.745329252   33.929363410   13.060553031    6.335462939
   -2.094395102   -1.745329252   36.315977672   13.783687513    5.594476283
   -1.919862177   -1.745329252   38.620653996   12.431725197    4.240855968
   -1.745329252   -1.745329252   40.632740718   10.657367413    2.215309505
   -1.570796327   -1.745329252   42.383107215    9.558706077   -0.433341196
   -1.396263402   -1.745329252   44.039041951    9.579897882   -3.524053089
   -1.221730476   -1.745329252   45.791626363   10.597793766   -6.772213186
   -1.047197551   -1.745329252   47.767958054   12.002624494   -9.857352896
   -0.872664626   -1.745329252   49.956645533   12.830861921  -12.502437540
   -0.698131701   -1.745329252   52.160353789   12.002032480  -14.522015449
   -0.523598776   -1.745329252   54.003614318    8.574862742  -15.831622672
   -0.349065850   -1.745329252   54.976633845    1.971064328  -16.439327579
   -0.174532925   -1.745329252   54.507875473   -7.918887885  -16.446541859
    0.000000000   -1.745329252   52.063336664  -20.502492181  -16.049303784
    0.174532925   -1.745329252   47.303653905  -34.025490084  -15.524210214
    0.349065850   -1.745329252   40.330618272  -45.181596550  -15.151020476
    0.523598776   -1.745329252   31.939587681  -49.487696448  -15.102664531
    0.698131701   -1.745329252   23.701335123  -42.934960833  -15.350126483
    0.872664626   -1.745329252   17.670105769  -24.338653055  -15.652627775
    1.047197551   -1.745329252   15.732605179    3.058323006  -15.658406648
    1.221730476   -1.745329252   18.852168720   32.264150260  -15.057072174
    1.396263402   -1.745329252   26.634276824   55.280794909  -13.688148040
    1.570796327   -1.745329252   37.448748100   66.370972942  -11.581341462
    1.745329252   -1.745329252   49.008920637   63.912646768   -8.922752473
    1.919862177   -1.745329252   59.095016506   50.074662890   -5.990850286
    2.094395102   -1.745329252   66.080824108   29.177332439   -3.083276222
    2.268928028   -1.745329252   69.146335916    5.889696120   -0.457522134
    2.443460953   -1.745329252   68.237506371  -15.788883038    1.712012418
    2.617993878   -1.745329252   63.915357209  -32.781306226    3.350829888
    2.792526803   -1.745329252   57.203968343  -42.931883392    4.479762751
    2.967059728   -1.745329252   49.417984608  -45.062336482    5.202312911

   -3.141592654   -1.396263402   41.550176294  -39.818339629    1.465314689
   -2.967059728   -1.396263402   35.578674367  -27.938046327    1.155998283
   -2.792526803   -1.396263402   31.956537800  -13.561624620    0.853284973
   -2.617993878   -1.396263402   30.765822530   -0.651918820    0.552494671
   -2.443460953   -1.396263402   31.476651666    7.919528384    0.129640410
   -2.268928028   -1.396263402   33.226097579   11.300090325   -0.630390076
   -2.094395102   -1.396263402   35.174508944   10.476696082   -1.980822846
   -1.919862177   -1.396263402   36.754684479    7.442167673   -4.125830459
   -1.745329252   -1.396263402   37.762236326    4.204892858   -7.114680005
   -1.570796327   -1.396263402   38.301136977    2.264388089  -10.756757603
   -1.396263402   -1.396263402   38.677383829    2.385710912  -14.617057800
   -1.221730476   -1.396263402   39.259520320    4.547776005  -18.125997133
   -1.047197551   -1.396263402   40.344230635    7.945295694  -20.759565796
   -0.872664626   -1.396263402   42.034462371   11.207179181  -22.191388042
   -0.698131701   -1.396263402   44.167477861   12.774113286  -22.348467409
   -0.523598776   -1.396263402   46.326724771   11.332867509  -21.372271913
   -0.349065850   -1.396263402   47.908124236    6.067834723  -19.547547353
   -0.174532925   -1.396263402   48.214999001   -3.261847589  -17.250160992
    0.000000000   -1.396263402   46.570792103  -16.132915302  -14.912373120
    0.174532925   -1.396263402   42.488567544  -30.755774391  -12.968749399
    0.349065850   -1.396263402   35.944813247  -43.597643198  -11.750160081
    0.523598776   -1.396263402   27.670484781  -49.709486552  -11.366311273
    0.698131701   -1.396263402   19.267211225  -44.484685299  -11.640685595
    0.872664626   -1.396263402   12.918118766  -26.253568276  -12.162607010
    1.047197551   -1.396263402   10.696803788    1.882692703  -12.448133844
    1.221730476   -1.396263402   13.742550532   32.687456963  -12.127646110
    1.396263402   -1.396263402   21.767199185   57.634126436  -11.055513406
    1.570796327   -1.396263402   33.146802413   70.402022638   -9.315461529
    1.745329252   -1.396263402   45.509960293   68.938913876   -7.147172931
    1.919862177   -1.396263402   56.498454469   55.239476482   -4.847232775
    2.094395102   -1.396263402   64.340537992   33.707996359   -2.689775895
    2.268928028   -1.396263402   68.102173487    9.274204242   -0.880154243
    2.443460953   -1.396263402   67.667862446  -13.739264245    0.463818207
    2.617993878   -1.396263402   63.592939951  -31.959846841    1.307963180
    2.792526803   -1.396263402   56.941401506  -42.999842861    1.684752060
    2.967059728   -1.396263402   49.100456985  -45.560583755    1.692642199

   -3.141592654   -1.047197551   39.296227116  -42.310757732    2.138747289
   -2.967059728   -1.047197551   32.921846638  -30.011594849    0.982700944
   -2.792526803   -1.047197551   28.991697236  -15.011349590   -0.396590710
   -2.617993878   -1.047197551   27.595777117   -1.607014190   -1.873063798
   -2.443460953   -1.047197551   28.151799566    7.003198721   -3.422059630
   -2.268928028   -1.047197551   29.696648378    9.755769931   -5.156413608
   -2.094395102   -1.047197551   31.271443925    7.647136033   -7.302700434
   -1.919862177   -1.047197551   32.214882119    2.950169149  -10.081584175
   -1.745329252   -1.047197551   32.300268318   -1.792441739  -13.536401070
   -1.570796327   -1.047197551   31.714997832   -4.439222583  -17.395574909
   -1.396263402   -1.047197551   30.950496575   -3.747883094  -21.081432696
   -1.221730476   -1.047197551   30.611657353    0.329750136  -23.887491652
   -1.047197551   -1.047197551   31.200598732    6.584893653  -25.247771097
   -0.872664626   -1.047197551   32.927323055   12.963824837  -24.933116437
   -0.698131701   -1.047197551   35.613091173   17.230130940  -23.088941642
   -0.523598776   -1.047197551   38.724784260   17.616726825  -20.133187936
   -0.349065850   -1.047197551   41.483529103   13.085566954  -16.604795360
   -0.174532925   -1.047197551   42.996070216    3.346376169  -13.045098382
    0.000000000   -1.047197551   42.391866743  -10.986051727   -9.923095799
    0.174532925   -1.047197551   39.020999427  -27.846068427   -7.562592951
    0.349065850   -1.047197551   32.766057507  -43.188510262   -6.075436855
    0.523598776   -1.047197551   24.370722381  -51.384216864   -5.335173873
    0.698131701   -1.047197551   15.566673641  -47.203269968   -5.031089055
    0.872664626   -1.047197551    8.749586252  -28.691412678   -4.805322212
    1.047197551   -1.047197551    6.214014341    0.853960820   -4.400973562
    1.221730476   -1.047197551    9.249731304   33.625312792   -3.735667977
    1.396263402   -1.047197551   17.605544242   60.412417121   -2.866147354
    1.570796327   -1.047197551   29.586395254   74.370516422   -1.896540441
    1.745329252   -1.047197551   42.683722395   73.231483573   -0.906542971
    1.919862177   -1.047197551   54.389847248   59.048557996    0.070331931
    2.094395102   -1.047197551   62.811209958   36.463933414    1.017662873
    2.268928028   -1.047197551   66.939574987   10.697359870    1.900256022
    2.443460953   -1.047197551   66.633649041  -13.672423007    2.644213336
    2.617993878   -1.047197551   62.462669637  -33.092135038    3.140478609
    2.792526803   -1.047197551   55.530674061  -45.022815784    3.263256615
    2.967059728   -1.047197551   47.289368372  -48.062277263    2.931217862

   -3.141592654   -0.698131701   38.918607146  -45.812704016    2.303831692
   -2.967059728   -0.698131701   31.876189660  -34.089983652    0.341243748
   -2.792526803   -0.698131701   27.216782575  -19.215911130   -2.003789085
   -2.617993878   -0.698131701   25.101057256   -5.619988496   -4.481489534
   -2.443460953   -0.698131701   24.976380328    3.188890625   -6.934990772
   -2.268928028   -0.698131701   25.849487315    5.794414016   -9.379365694
   -2.094395102   -0.698131701   26.682533922    3.029252609  -11.983926683
   -1.919862177   -0.698131701   26.736942938   -2.632069711  -14.924832196
   -1.745329252   -0.698131701   25.778203286   -8.069824754  -18.185177518
   -1.570796327   -0.698131701   24.102604206  -10.446138986  -21.415594769
   -1.396263402   -0.698131701   22.412827662   -8.101496689  -23.984057560
   -1.221730476   -0.698131701   21.552142963   -1.132497485  -25.209121688
   -1.047197551   -0.698131701   22.185727288    8.581116588  -24.669181148
   -0.872664626   -0.698131701   24.546777695   18.117030134  -22.387730687
   -0.698131701   -0.698131701   28.339091018   24.546767440  -18.811319733
   -0.523598776   -0.698131701   32.822871390   25.793558035  -14.623381091
   -0.349065850   -0.698131701   36.990092009   20.851687617  -10.509526611
   -0.174532925   -0.698131701   39.746727057    9.692518442   -6.986513592
    0.000000000   -0.698131701   40.079551752   -6.656485460   -4.315122372
    0.174532925   -0.698131701   37.277933182  -25.620320617   -2.459170942
    0.349065850   -0.698131701   31.257431995  -42.615723933   -1.128556387
    0.523598776   -0.698131701   22.879448719  -51.606255020    0.089961478
    0.698131701   -0.698131701   14.038279496  -47.277674275    1.530395908
    0.872664626   -0.698131701    7.273034999  -27.970827798    3.261859562
    1.047197551   -0.698131701    4.946702492    2.494899508    5.044622510
    1.221730476   -0.698131701    8.327940621   35.853827434    6.473696453
    1.396263402   -0.698131701   17.086950034   62.715962768    7.216951288
    1.570796327   -0.698131701   29.446030100   76.349777934    7.198687375
    1.745329252   -0.698131701   42.848425322   74.742990380    6.618257252
    1.919862177   -0.698131701   54.780737402   60.148634237    5.829031298
    2.094395102   -0.698131701   63.366402149   37.259956750    5.161687249
    2.268928028   -0.698131701   67.609773211   11.212203195    4.792537697
    2.443460953   -0.698131701   67.360280280  -13.569024521    4.696734701
    2.617993878   -0.698131701   63.153100818  -33.665277406    4.675362642
    2.792526803   -0.698131701   56.042848971  -46.531972327    4.427357184
    2.967059728   -0.698131701   47.445998790  -50.632945206    3.683145591

   -3.141592654   -0.349065850   39.553289734  -50.052342067    3.073514771
   -2.967059728   -0.349065850   31.666440388  -39.428657308    0.601657602
   -2.792526803   -0.349065850   26.023754429  -25.025512564   -2.336970641
   -2.617993878   -0.349065850   22.897671844  -11.307274894   -5.410046128
   -2.443460953   -0.349065850   21.813918536   -2.099214795   -8.370849613
   -2.268928028   -0.349065850   21.791756439    0.775463343  -11.156067141
   -2.094395102   -0.349065850   21.747604992   -2.056424164  -13.857817049
   -1.919862177   -0.349065850   20.894429012   -7.933340236  -16.560756210
   -1.745329252   -0.349065850   19.016464923  -13.176563175  -19.149701390
   -1.570796327   -0.349065850   16.537412000  -14.337566063  -21.216482686
   -1.396263402   -0.349065850   14.366575885   -9.517499483  -22.173948987
   -1.221730476   -0.349065850   13.544350718    0.812143974  -21.523440701
   -1.047197551   -0.349065850   14.819443041   13.909882005  -19.141694157
   -0.872664626   -0.349065850   18.345207082   25.918223984  -15.385462647
   -0.698131701   -0.349065850   23.608776580   33.324956997  -10.969605853
   -0.523598776   -0.349065850   29.596290797   34.001819856   -6.699600807
   -0.349065850   -0.349065850   35.057453284   27.320841704   -3.192730212
   -0.174532925   -0.349065850   38.747369079   13.878382187   -0.714860987
    0.000000000   -0.349065850   39.619810124   -4.572195187    0.861314282
    0.174532925   -0.349065850   37.055408428  -24.803526884    2.009030804
    0.349065850   -0.349065850   31.155501126  -41.842646170    3.368262658
    0.523598776   -0.349065850   22.995434793  -49.742172677    5.474064692
    0.698131701   -0.349065850   14.619150115  -43.821248123    8.470658860
    0.872664626   -0.349065850    8.573324457  -23.343889667   11.963263991
    1.047197551   -0.349065850    7.076273871    7.136057121   15.146033580
    1.221730476   -0.349065850   11.172890979   39.215631050   17.171019714
    1.396263402   -0.349065850   20.344427524   64.015225529   17.543525205
    1.570796327   -0.349065850   32.747422762   75.626757817   16.327995006
    1.745329252   -0.349065850   45.896938429   72.727420632   14.065891785
    1.919862177   -0.349065850   57.436127588   57.821893366   11.501241173
    2.094395102   -0.349065850   65.648069445   35.399289538    9.277856841
    2.268928028   -0.349065850   69.633112866   10.118408032    7.740249533
    2.443460953   -0.349065850   69.245807526  -14.126562381    6.882322797
    2.617993878   -0.349065850   64.944942739  -34.313516780    6.409516918
    2.792526803   -0.349065850   57.661077296  -47.989482995    5.867627265
    2.967059728   -0.349065850   48.697527948  -53.426834262    4.834970500

   -3.141592654    0.000000000   40.939551136  -53.982759758    2.821691865
   -2.967059728    0.000000000   32.250308387  -44.603166378    0.479864912
   -2.792526803    0.000000000   25.636687619  -30.856519621   -2.214283450
   -2.617993878    0.000000000   21.481450902  -17.178223651   -4.958958933
   -2.443460953    0.000000000   19.397714214   -7.653797643   -7.540427034
   -2.268928028    0.000000000   18.437387395   -4.434690528   -9.907391464
   -2.094395102    0.000000000   17.506849871   -7.007872434  -12.116851521
   -1.919862177    0.000000000   15.820057149  -12.470507425  -14.172916361
   -1.745329252    0.000000000   13.229765349  -16.648700635  -15.876562433
   -1.570796327    0.000000000   10.312328703  -15.700576285  -16.801230022
   -1.396263402    0.000000000    8.160693557   -7.805116604  -16.460219724
   -1.221730476    0.000000000    7.933868102    5.892458996  -14.574778373
   -1.047197551    0.000000000   10.345292814   21.651023278  -11.297392482
   -0.872664626    0.000000000   15.345229541   34.768195510   -7.220124559
   -0.698131701    0.000000000   22.118158437   41.472903420   -3.164061314
   -0.523598776    0.000000000   29.360261974   40.052574396    0.133851272
   -0.349065850    0.000000000   35.647241156   30.719460280    2.291505266
   -0.174532925    0.000000000   39.722093100   15.023441887    3.381872586
    0.000000000    0.000000000   40.681432856   -4.471101196    3.887160218
    0.174532925    0.000000000   38.161592108  -24.114678880    4.553113043
    0.349065850    0.000000000   32.546486233  -39.073928340    6.126918577
    0.523598776    0.000000000   25.111248549  -44.197276829    9.046578367
    0.698131701    0.000000000   17.914547874  -36.070250445   13.176984351
    0.872664626    0.000000000   13.293737327  -15.140682806   17.750129857
    1.047197551    0.000000000   13.104446548   13.555320710   21.623043111
    1.221730476    0.000000000   18.032036655   42.120910417   23.758492007
    1.396263402    0.000000000   27.357164183   62.905711545   23.660317720
    1.570796327    0.000000000   39.266885925   71.309438327   21.541789648
    1.745329252    0.000000000   51.497489253   66.815163669   18.162113323
    1.919862177    0.000000000   61.990704447   52.005394561   14.468977093
    2.094395102    0.000000000   69.287233733   30.862600644   11.247410847
    2.268928028    0.000000000   72.628547008    7.283377858    8.907964164
    2.443460953    0.000000000   71.876199921  -15.575264099    7.451107741
    2.617993878    0.000000000   67.386419053  -35.201299168    6.557425475
    2.792526803    0.000000000   59.926091571  -49.278601484    5.746550049
    2.967059728    0.000000000   50.642153525  -55.881638519    4.581045165

   -3.141592654    0.349065850   42.356564034  -57.413415854    1.775015617
   -2.967059728    0.349065850   32.976250312  -49.004762545    0.310467970
   -2.792526803    0.349065850   25.547786712  -35.676559916   -1.308135830
   -2.617993878    0.349065850   20.557834999  -21.835729875   -2.929429516
   -2.443460953    0.349065850   17.701927711  -11.813021109   -4.460101389
   -2.268928028    0.349065850   16.063392041   -8.057920894   -5.897238496
   -2.094395102    0.349065850   14.542094513  -10.155018930   -7.271340171
   -1.919862177    0.349065850   12.355539221  -14.994191447   -8.532147363
   -1.745329252    0.349065850    9.414615079  -18.024156117   -9.470402479
   -1.570796327    0.349065850    6.411114895  -15.187424302   -9.746634207
   -1.396263402    0.349065850    4.555142989   -4.881549653   -9.049872807
   -1.221730476    0.349065850    5.044432913   11.083868274   -7.291870555
   -1.047197551    0.349065850    8.497007843   28.178685307   -4.725198335
   -0.872664626    0.349065850   14.649467763   41.194859677   -1.878361054
   -0.698131701    0.349065850   22.434080744   46.438922112    0.656700487
   -0.523598776    0.349065850   30.355727775   42.813300224    2.475306406
   -0.349065850    0.349065850   36.934004599   31.384873362    3.531144174
   -0.174532925    0.349065850   41.004991491   14.517310398    4.140663538
    0.000000000    0.349065850   41.879430149   -4.662950633    4.874196338
    0.174532925    0.349065850   39.472206508  -22.382728911    6.376858206
    0.349065850    0.349065850   34.419135355  -34.248638271    9.125988086
    0.523598776    0.349065850   28.116008823  -36.147313550   13.192515801
    0.698131701    0.349065850   22.526157892  -26.034104907   18.095256916
    0.872664626    0.349065850   19.666396156   -5.445763147   22.858653990
    1.047197551    0.349065850   20.950958401   20.369251137   26.337421204
    1.221730476    0.349065850   26.681803899   44.346468029   27.668854170
    1.396263402    0.349065850   35.967658754   60.329380011   26.600351213
    1.570796327    0.349065850   47.088577311   65.140250801   23.543207854
    1.745329252    0.349065850   58.071128375   59.035750737   19.346049417
    1.919862177    0.349065850   67.210375071   44.555239285   14.949573606
    2.094395102    0.349065850   73.335787483   25.036555463   11.092828847
    2.268928028    0.349065850   75.839408135    3.509378639    8.160525338
    2.443460953    0.349065850   74.586051234  -17.652843050    6.177567611
    2.617993878    0.349065850   69.822093617  -36.437176413    4.898770927
    2.792526803    0.349065850   62.148140560  -50.642304115    3.947446811
    2.967059728    0.349065850   52.555125408  -58.123305394    2.974706809

   -3.141592654    0.698131701   43.878278834  -58.966626957   -0.486364788
   -2.967059728    0.698131701   34.168983908  -51.184465170   -0.898754398
   -2.792526803    0.698131701   26.319920780  -38.258397264   -1.202196053
   -2.617993878    0.698131701   20.864621793  -24.538226137   -1.429076132
   -2.443460953    0.698131701   17.541142139  -14.442428112   -1.641143736
   -2.268928028    0.698131701   15.456954468  -10.523907453   -1.917245837
   -2.094395102    0.698131701   13.525589777  -12.364759600   -2.306038466
   -1.919862177    0.698131701   10.990998986  -16.718338490   -2.770028803
   -1.745329252    0.698131701    7.819150476  -18.870070677   -3.174040431
   -1.570796327    0.698131701    4.774478854  -14.757551961   -3.331244834
   -1.396263402    0.698131701    3.117760230   -3.035507862   -3.101299716
   -1.221730476    0.698131701    4.033719782   14.035971291   -2.472064610
   -1.047197551    0.698131701    8.048173620   31.524100541   -1.575484365
   -0.872664626    0.698131701   14.756735470   44.091916203   -0.614341988
   -0.698131701    0.698131701   22.963088376   48.312666825    0.257172675
   -0.523598776    0.698131701   31.116131623   43.638279875    1.034023024
   -0.349065850    0.698131701   37.784622542   31.729750991    1.898808955
   -0.174532925    0.698131701   41.945819483   15.393353170    3.167850821
    0.000000000    0.698131701   43.104144791   -2.098224508    5.196079206
    0.174532925    0.698131701   41.362057456  -17.215360451    8.254559159
    0.349065850    0.698131701   37.463442527  -26.228010264   12.379904456
    0.523598776    0.698131701   32.763616315  -26.014004671   17.250778497
    0.698131701    0.698131701   29.005060602  -15.548742666   22.161328191
    0.872664626    0.698131701   27.839254677    3.085976424   26.157640047
    1.047197551    0.698131701   30.288920310   24.925105389   28.353576115
    1.221730476    0.698131701   36.387320332   43.959284209   28.271488254
    1.396263402    0.698131701   45.194727413   55.412601595   26.006923597
    1.570796327    0.698131701   55.167116128   57.208499399   22.153910626
    1.745329252    0.698131701   64.645535743   50.061683022   17.541962043
    1.919862177    0.698131701   72.259833797   36.305069578   12.955076671
    2.094395102    0.698131701   77.096495757   18.641597574    8.945243938
    2.268928028    0.698131701   78.677805343   -0.664849099    5.778138920
    2.443460953    0.698131701   76.871531942  -19.907576235    3.472498178
    2.617993878    0.698131701   71.831242585  -37.486761425    1.885623085
    2.792526803    0.698131701   64.018704924  -51.301774920    0.811121455
    2.967059728    0.698131701   54.292213907  -59.050684502    0.060429773

   -3.141592654    1.047197551   42.724781025  -59.011243679   -5.482547065
   -2.967059728    1.047197551   33.075246609  -50.483009053   -4.934702228
   -2.792526803    1.047197551   25.392246028  -37.110105054   -4.044725536
   -2.617993878    1.047197551   20.148433584  -23.323652533   -3.033402092
   -2.443460953    1.047197551   17.015877479  -13.514262195   -2.111738349
   -2.268928028    1.047197551   15.052827277  -10.079246006   -1.423361718
   -2.094395102    1.047197551   13.156330424  -12.389124235   -1.009642992
   -1.919862177    1.047197551   10.588949827  -17.032565489   -0.822557983
   -1.745329252    1.047197551    7.353971812  -19.244143570   -0.786753383
   -1.570796327    1.047197551    4.250592207  -15.042226376   -0.858899391
   -1.396263402    1.047197551    2.553948577   -3.219687169   -1.045959335
   -1.221730476    1.047197551    3.441040181   13.867469718   -1.358636594
   -1.047197551    1.047197551    7.422658417   31.308235487   -1.737806713
   -0.872664626    1.047197551   14.093413365   43.899306765   -2.013035614
   -0.698131701    1.047197551   22.287183942   48.422552188   -1.923726366
   -0.523598776    1.047197551   30.518814199   44.521341929   -1.188739641
   -0.349065850    1.047197551   37.450124238   33.952409318    0.422655736
   -0.174532925    1.047197551   42.155358320   19.476783389    3.037165054
    0.000000000    1.047197551   44.213121784    4.149891950    6.650225598
    0.174532925    1.047197551   43.746394577   -8.913071066   11.098158676
    0.349065850    1.047197551   41.430758908  -16.565771512   16.009862803
    0.523598776    1.047197551   38.443797670  -16.313993953   20.789133258
    0.698131701    1.047197551   36.256044882   -7.550063109   24.682104933
    0.872664626    1.047197551   36.215768323    7.752708532   26.957614945
    1.047197551    1.047197551   39.114738067   25.339967940   27.164289608
    1.221730476    1.047197551   44.915621551   40.244127099   25.309341053
    1.396263402    1.047197551   52.785984625   48.619132352   21.834081603
    1.570796327    1.047197551   61.412129317   48.826783706   17.420219312
    1.745329252    1.047197551   69.393050663   41.484064358   12.735367295
    1.919862177    1.047197551   75.566890545   28.491690499    8.272718800
    2.094395102    1.047197551   79.143913598   12.063251926    4.313535571
    2.268928028    1.047197551   79.693804974   -5.909912516    0.985855707
    2.443460953    1.047197551   77.081612252  -23.919968419   -1.666556250
    2.617993878    1.047197551   71.437701050  -40.406028479   -3.633520258
    2.792526803    1.047197551   63.202957051  -53.217229052   -4.911467823
    2.967059728    1.047197551   53.224778482  -59.996282417   -5.513394375

   -3.141592654    1.396263402   38.118575557  -58.846198002  -11.136925361
   -2.967059728    1.396263402   28.656655285  -48.546891770  -10.024299623
   -2.792526803    1.396263402   21.433046531  -33.884483848   -8.398956081
   -2.617993878    1.396263402   16.814295196  -19.507693643   -6.616150876
   -2.443460953    1.396263402   14.346672851   -9.812514264   -4.962679351
   -2.268928028    1.396263402   12.982273413   -6.976023427   -3.571797958
   -2.094395102    1.396263402   11.559587435  -10.072023903   -2.422648298
   -1.919862177    1.396263402    9.327945782  -15.499604692   -1.431133543
   -1.745329252    1.396263402    6.293197716  -18.494365269   -0.575159292
   -1.570796327    1.396263402    3.245604404  -15.178952296    0.049043150
   -1.396263402    1.396263402    1.440175747   -4.339771266    0.287367644
   -1.221730476    1.396263402    2.055148805   11.917164272    0.081410150
   -1.047197551    1.396263402    5.663658159   29.104930162   -0.401668844
   -0.872664626    1.396263402   11.994008459   42.366834852   -0.771279648
   -0.698131701    1.396263402   20.052751689   48.560137758   -0.552477348
   -0.523598776    1.396263402   28.511136218   47.071619868    0.627109748
   -0.349065850    1.396263402   36.122661853   39.197581798    2.915297756
   -0.174532925    1.396263402   41.965086886   27.179565536    6.225115522
    0.000000000    1.396263402   45.532463645   13.590384924   10.282815989
    0.174532925    1.396263402   46.785123329    1.124403054   14.674442611
    0.349065850    1.396263402   46.169981817   -7.379561553   18.856265975
    0.523598776    1.396263402   44.599663911   -9.505759095   22.191778917
    0.698131701    1.396263402   43.299396889   -4.337669357   24.064790140
    0.872664626    1.396263402   43.465325245    6.905264169   24.069002813
    1.047197551    1.396263402   45.891973085   20.933667295   22.189941683
    1.221730476    1.396263402   50.700529672   33.515385739   18.833830338
    1.396263402    1.396263402   57.299194079   40.991047184   14.654162807
    1.570796327    1.396263402   64.595746535   41.337312537   10.285131991
    1.745329252    1.396263402   71.316424066   34.552340014    6.132754008
    1.919862177    1.396263402   76.326849796   22.056945269    2.341732536
    2.094395102    1.396263402   78.808692538    5.922879162   -1.106877036
    2.268928028    1.396263402   78.305436681  -11.825016069   -4.243174250
    2.443460953    1.396263402   74.691272394  -29.433208518   -7.016853367
    2.617993878    1.396263402   68.146799636  -45.121828170   -9.276337524
    2.792526803    1.396263402   59.192290126  -56.653697402  -10.810155526
    2.967059728    1.396263402   48.756322757  -61.728277636  -11.446381278

   -3.141592654    1.745329252   32.015835928  -57.744132516  -17.131682215
   -2.967059728    1.745329252   22.925165498  -45.496748160  -16.310171770
   -2.792526803    1.745329252   16.347959713  -29.678720443  -14.706191466
   -2.617993878    1.745329252   12.499045260  -15.027503986  -12.647585710
   -2.443460953    1.745329252   10.786855647   -5.713607638  -10.424209823
   -2.268928028    1.745329252   10.083182940   -3.515513773   -8.187821317
   -2.094395102    1.745329252    9.211267650   -7.201983168   -5.938047074
   -1.919862177    1.745329252    7.436380081  -13.139934417   -3.620616070
   -1.745329252    1.745329252    4.762310661  -16.767014032   -1.272875345
   -1.570796327    1.745329252    1.939118804  -14.395417314    0.900986660
   -1.396263402    1.745329252    0.172380283   -4.690693990    2.601497310
   -1.221730476    1.745329252    0.644976421   10.724081107    3.626224079
   -1.047197551    1.745329252    4.033808642   27.955943504    4.047517363
   -0.872664626    1.745329252   10.254546453   42.452913643    4.228897383
   -0.698131701    1.745329252   18.511419783   50.868982506    4.664044745
   -0.523598776    1.745329252   27.598793214   51.968854114    5.748759452
   -0.349065850    1.745329252   36.270997649   46.340296713    7.620397190
   -0.174532925    1.745329252   43.493279635   35.662252798   10.143633870
    0.000000000    1.745329252   48.570446790   22.188118912   12.971039025
    0.174532925    1.745329252   51.236534353    8.491362877   15.621490600
    0.349065850    1.745329252   51.705804110   -2.518187826   17.543400697
    0.523598776    1.745329252   50.691902155   -8.099744946   18.214212803
    0.698131701    1.745329252   49.307167179   -6.686000105   17.295678927
    0.872664626    1.745329252   48.771082047    1.378959955   14.804074839
    1.047197551    1.745329252   50.048975819   13.553363478   11.174993092
    1.221730476    1.745329252   53.522486209   25.835978281    7.124854498
    1.396263402    1.745329252   58.844046200   34.163610873    3.349816848
    1.570796327    1.745329252   65.055377078   35.716016881    0.243062492
    1.745329252    1.745329252   70.876228723   29.760502874   -2.211456390
    1.919862177    1.745329252   75.071891914   17.398084776   -4.317406005
    2.094395102    1.745329252   76.709702143    0.860983943   -6.436577204
    2.268928028    1.745329252   75.277142912  -17.375707785   -8.775799730
    2.443460953    1.745329252   70.678183939  -35.057215018  -11.300486367
    2.617993878    1.745329252   63.199198376  -50.047025284  -13.755110504
    2.792526803    1.745329252   53.506721207  -60.038293695  -15.758419445
    2.967059728    1.745329252   42.661837767  -62.948090402  -16.954563043

   -3.141592654    2.094395102   25.115262545  -57.672572400  -18.494325351
   -2.967059728    2.094395102   16.209954605  -43.513573368  -17.679389472
   -2.792526803    2.094395102   10.107515204  -26.337581159  -15.994870657
   -2.617993878    2.094395102    6.912681608  -10.976631256  -13.746003920
   -2.443460953    2.094395102    5.932655845   -1.431096834  -11.195328260
   -2.268928028    2.094395102    5.983379119    0.844223650   -8.459076124
   -2.094395102    2.094395102    5.884876437   -2.679311169   -5.498047917
   -1.919862177    2.094395102    4.920682132   -8.381998411   -2.235600475
   -1.745329252    2.094395102    3.086828754  -11.959859524    1.273971573
   -1.570796327    2.094395102    1.074360968  -10.010104315    4.752728005
   -1.396263402    2.094395102    0.000000000   -1.216470954    7.773837171
   -1.221730476    2.094395102    0.986861699   13.150461535    9.976997079
   -1.047197551    2.094395102    4.733830258   29.729768119   11.276004874
   -0.872664626    2.094395102   11.261600449   44.330258151   11.902694191
   -0.698131701    2.094395102   19.909557685   53.570307497   12.255329663
   -0.523598776    2.094395102   29.566674667   55.797756721   12.671722981
   -0.349065850    2.094395102   38.993439343   51.073369604   13.262842069
   -0.174532925    2.094395102   47.073556488   40.612526161   13.898613371
    0.000000000    2.094395102   52.964598557   26.383285727   14.272170997
    0.174532925    2.094395102   56.218973971   10.852159304   13.991334853
    0.349065850    2.094395102   56.868243601   -2.953350642   12.678453110
    0.523598776    2.094395102   55.490775281  -11.857876924   10.107106960
    0.698131701    2.094395102   53.170916967  -13.516827109    6.356111190
    0.872664626    2.094395102   51.252241227   -7.369593552    1.902305857
    1.047197551    2.094395102   50.961940635    4.641262126   -2.470448608
    1.221730476    2.094395102   52.991116845   18.426547172   -5.961658134
    1.396263402    2.094395102   57.222849518   29.145357132   -8.102221848
    1.570796327    2.094395102   62.760642198   32.904322552   -8.952647841
    1.745329252    2.094395102   68.212882630   28.146119305   -9.033395748
    1.919862177    2.094395102   72.138865838   15.731591676   -9.048803788
    2.094395102    2.094395102   73.409670177   -1.772152713   -9.576445757
    2.268928028    2.094395102   71.407765585  -21.246526035  -10.867080287
    2.443460953    2.094395102   66.049068624  -39.775923486  -12.813295683
    2.617993878    2.094395102   57.731186016  -54.764536527  -15.031243533
    2.792526803    2.094395102   47.285546073  -63.785912784  -17.003711706
    2.967059728    2.094395102   35.929826993  -64.950132247  -18.256922828

   -3.141592654    2.443460953   18.903519543  -57.777179252  -12.770942720
   -2.967059728    2.443460953   10.142889600  -41.793210200  -11.793627303
   -2.792526803    2.443460953    4.476882018  -23.139443966  -10.165601422
   -2.617993878    2.443460953    1.936943731   -6.741702390   -8.110060390
   -2.443460953    2.443460953    1.762099301    3.522916846   -5.783075546
   -2.268928028    2.443460953    2.733468794    6.442741978   -3.197318626
   -2.094395102    2.443460953    3.674456987    3.646215019   -0.231075672
   -1.919862177    2.443460953    3.879640939   -1.333467292    3.247774919
   -1.745329252    2.443460953    3.318131753   -4.521410844    7.211279404
   -1.570796327    2.443460953    2.589744563   -2.876200496   11.363026285
   -1.396263402    2.443460953    2.675737162    4.816020772   15.188426263
   -1.221730476    2.443460953    4.579579581   17.571458658   18.152866493
   -1.047197551    2.443460953    8.955207863   32.552023114   19.929301025
   -0.872664626    2.443460953   15.866418061   45.990853142   20.504445827
   -0.698131701    2.443460953   24.741836633   54.591972265   20.105984625
   -0.523598776    2.443460953   34.543059183   56.433150424   19.029789141
   -0.349065850    2.443460953   44.040578175   51.190267107   17.474807230
   -0.174532925    2.443460953   52.063984144   39.747442989   15.486857527
    0.000000000    2.443460953   57.673685424   23.913124232   12.974744361
    0.174532925    2.443460953   60.314036532    6.201115452    9.774248010
    0.349065850    2.443460953   59.937470923  -10.062782044    5.754185510
    0.523598776    2.443460953   57.120925584  -21.120596265    0.960580354
    0.698131701    2.443460953   53.068175861  -23.859728445   -4.256283866
    0.872664626    2.443460953   49.370061701  -17.097564454   -9.218920310
    1.047197551    2.443460953   47.566657600   -2.702671457  -13.102052819
    1.221730476    2.443460953   48.610360447   14.580125709  -15.262549745
    1.396263402    2.443460953   52.482261677   28.767374407  -15.533838679
    1.570796327    2.443460953   58.180598610   34.875529571  -14.313337392
    1.745329252    2.443460953   64.059759849   30.785070310  -12.379800762
    1.919862177    2.443460953   68.387577089   17.486722163  -10.573876974
    2.094395102    2.443460953   69.813766666   -1.826965029   -9.503119779
    2.268928028    2.443460953   67.628091835  -23.253336750   -9.397358972
    2.443460953    2.443460953   61.783706839  -43.199627363  -10.120235877
    2.617993878    2.443460953   52.811382385  -58.656079144  -11.277248872
    2.792526803    2.443460953   41.721186551  -67.115345810  -12.367434135
    2.967059728    2.443460953   29.897200502  -66.882843277  -12.952326687

   -3.141592654    2.792526803   16.151972560  -56.842467825   -0.311396779
   -2.967059728    2.792526803    7.631585599  -40.013390069    1.228443736
   -2.792526803    2.792526803    2.335866515  -20.717885806    2.871809011
   -2.617993878    2.792526803    0.263992309   -3.810607655    4.516097913
   -2.443460953    2.792526803    0.648384557    7.024190168    6.188793307
   -2.268928028    2.792526803    2.299290040   10.781450141    8.054194212
   -2.094395102    2.792526803    4.095907203    9.159011314   10.349464959
   -1.919862177    2.792526803    5.379715078    5.509091315   13.249289780
   -1.745329252    2.792526803    6.112363700    3.374154392   16.722475239
   -1.570796327    2.792526803    6.800449054    5.289168837   20.448926945
   -1.396263402    2.792526803    8.256569362   12.156687245   23.874487118
   -1.221730476    2.792526803   11.293151419   23.064021296   26.388880882
   -1.047197551    2.792526803   16.417851061   35.586306167   27.545027855
   -0.872664626    2.792526803   23.633581542   46.467851955   27.190757899
   -0.698131701    2.792526803   32.385812264   52.764204333   25.456611313
   -0.523598776    2.792526803   41.690872886   52.622416822   22.636232855
   -0.349065850    2.792526803   50.367836152   45.620795284   19.037659750
   -0.174532925    2.792526803   57.272614377   32.505723266   14.896035866
    0.000000000    2.792526803   61.474863708   15.034023665   10.344355071
    0.174532925    2.792526803   62.431686106   -4.172346490    5.433883903
    0.349065850    2.792526803   60.143123568  -21.485956032    0.223099973
    0.523598776    2.792526803   55.302745914  -32.689532108   -5.099214709
    0.698131701    2.792526803   49.314628455  -34.199119177  -10.120220191
    0.872664626    2.792526803   44.031427337  -24.663261462  -14.224413202
    1.047197551    2.792526803   41.238859634   -6.332943640  -16.790076027
    1.221730476    2.792526803   42.018320798   15.142520736  -17.468069458
    1.396263402    2.792526803   46.300536714   32.697905654  -16.362519420
    1.570796327    2.792526803   52.865782944   40.592352595  -14.006129773
    1.745329252    2.792526803   59.769592649   36.547111611  -11.134018723
    1.919862177    2.792526803   65.005404257   21.970094827   -8.418875282
    2.094395102    2.792526803   67.051523324    0.757621199   -6.277721158
    2.268928028    2.792526803   65.151927108  -22.497914655   -4.823351695
    2.443460953    2.792526803   59.318451685  -43.710499053   -3.915445593
    2.617993878    2.792526803   50.203183155  -59.647547928   -3.268906632
    2.792526803    2.792526803   38.953134464  -67.854736530   -2.570997797
    2.967059728    2.792526803   27.061723828  -66.874084674   -1.605586373
