#! FIELDS phi psi file.free der_phi der_psi
#! SET min_phi -pi
#! SET max_phi pi
#! SET nbins_phi  36
#! SET periodic_phi true
#! SET min_psi -pi
#! SET max_psi pi
#! SET nbins_psi  18
#! SET periodic_psi true
   -3.141592654   -3.141592654   17.732459854  -53.651930285   15.618334351
   -2.967059728   -3.141592654    9.794697116  -36.644373988   17.929414773
   -2.792526803   -3.141592654    5.062501936  -17.703860806   19.538162768
   -2.617993878   -3.141592654    3.471920540   -1.297625348   20.457023966
   -2.443460953   -3.141592654    4.272187292    9.356415223   20.935823090
   -2.268928028   -3.141592654    6.360316213   13.569223832   21.387585892
   -2.094395102   -3.141592654    8.733084864   13.065182162   22.240327030
   -1.919862177   -3.141592654   10.826877326   10.910075615   23.770275910
   -1.745329252   -3.141592654   12.627345415   10.138136415   25.981045552
   -1.570796327   -3.141592654   14.568182541   12.709140368   28.557510097
   -1.396263402   -3.141592654   17.297588024   19.113891208   30.936664405
   -1.221730476   -3.141592654   21.417552981   28.325553987   32.466169274
   -1.047197551   -3.141592654   27.236965501   38.155974941   32.612594990
   -0.872664626   -3.141592654   34.623820193   45.814496256   31.109476644
   -0.698131701   -3.141592654   42.974402076   48.849525674   28.004858001
   -0.523598776   -3.141592654   51.334863867   45.795155016   23.593433659
   -0.349065850   -3.141592654   58.608878456   36.482783497   18.285439351
   -0.174532925   -3.141592654   63.768780181   21.772339061   12.501550511
    0.000000000   -3.141592654   66.011548950    3.428679457    6.607927220
    0.174532925   -3.141592654   64.917678957  -15.951363971    0.892166267
    0.349065850   -3.141592654   60.609481799  -32.723207565   -4.395259262
    0.523598776   -3.141592654   53.914023090  -42.557463996   -8.986347054
    0.698131701   -3.141592654   46.390097247  -41.762881825  -12.566015399
    0.872664626   -3.141592654   40.049985798  -29.083937608  -14.812375098
    1.047197551   -3.141592654   36.793543302   -7.202208104  -15.526655531
    1.221730476   -3.141592654   37.716822032   17.566970925  -14.763852457
    1.396263402   -3.141592654   42.646737599   37.509861558  -12.844569663
    1.570796327   -3.141592654   50.168149523   46.520265394  -10.239857719
    1.745329252   -3.141592654   58.109268672   42.313000793   -7.380445334
    1.919862177   -3.141592654   64.263031319   26.600519623   -4.533360311
    2.094395102   -3.141592654   66.979479447    3.772083185   -1.774030859
    2.268928028   -3.141592654   65.468700890  -20.995052730    0.950208763
    2.443460953   -3.141592654   59.808569595  -43.097159442    3.738968483
    2.617993878   -3.141592654   50.787695086  -59.033362981    6.665649005
    2.792526803   -3.141592654   39.703610199  -66.483533012    9.726784586
    2.967059728   -3.141592654   28.144462886  -64.460498155   12.791995583

   -3.141592654   -2.792526803   24.930245099  -48.805091531   23.727881014
   -2.967059728   -2.792526803   17.684922225  -33.602307230   25.911911423
   -2.792526803   -2.792526803   13.322021334  -16.481414586   27.097866119
   -2.617993878   -2.792526803   11.815556368   -1.448145010   27.460534827
   -2.443460953   -2.792526803   12.527696380    8.646962326   27.395050850
   -2.268928028   -2.792526803   14.511534700   13.231285673   27.389279501
   -2.094395102   -2.792526803   16.915841532   13.862354587   27.846761447
   -1.919862177   -2.792526803   19.277777635   13.207413713   28.935106540
   -1.745329252   -2.792526803   21.600463441   13.746862485   30.520131789
   -1.570796327   -2.792526803   24.233506636   16.865897349   32.180580349
   -1.396263402   -2.792526803   27.650087494   22.609133209   33.321134217
   -1.221730476   -2.792526803   32.221998225   29.804985870   33.331417923
   -1.047197551   -2.792526803   38.038000312   36.504350476   31.776663843
   -0.872664626   -2.792526803   44.818614047   40.499042821   28.521339542
   -0.698131701   -2.792526803   51.928640933   40.048980497   23.761820167
   -0.523598776   -2.792526803   58.502170980   34.297964862   17.946509962
   -0.349065850   -2.792526803   63.617046443   23.454821091   11.630209078
   -0.174532925   -2.792526803   66.461730540    8.489038105    5.344632752
    0.000000000   -2.792526803   66.449060023   -8.954381421   -0.477004698
    0.174532925   -2.792526803   63.340849823  -26.514502709   -5.531145659
    0.349065850   -2.792526803   57.395417906  -40.828574233   -9.607598226
    0.523598776   -2.792526803   49.528222127  -47.829392192  -12.554400372
    0.698131701   -2.792526803   41.341870987  -44.072025347  -14.264562356
    0.872664626   -2.792526803   34.846161259  -28.598075891  -14.702086990
    1.047197551   -2.792526803   31.882874592   -4.426754375  -13.965704197
    1.221730476   -2.792526803   33.434994727   21.872799292  -12.310415769
    1.396263402   -2.792526803   39.190881567   42.556705485  -10.071436495
    1.570796327   -2.792526803   47.615599345   51.771616762   -7.537439163
    1.745329252   -2.792526803   56.476355835   47.604097929   -4.840702126
    1.919862177   -2.792526803   63.566087867   32.073954481   -1.956679669
    2.094395102   -2.792526803   67.271845023    9.667181321    1.217710312
    2.268928028   -2.792526803   66.839257565  -14.531625187    4.759000376
    2.443460953   -2.792526803   62.355796507  -36.113063425    8.649785730
    2.617993878   -2.792526803   54.582383085  -51.786466269   12.758608046
    2.792526803   -2.792526803   44.754391615  -59.439644150   16.854453401
    2.967059728   -2.792526803   34.365522290  -58.216259654   20.623234463

   -3.141592654   -2.443460953   33.217443078  -43.884087173   22.445260897
   -2.967059728   -2.443460953   26.669536204  -30.549757716   24.275292807
   -2.792526803   -2.443460953   22.684714677  -15.140692318   25.249111846
   -2.617993878   -2.443460953   21.301735694   -1.252983042   25.534849683
   -2.443460953   -2.443460953   22.007442002    8.518186253   25.434979270
   -2.268928028   -2.443460953   23.998590629   13.552249150   25.291341656
   -2.094395102   -2.443460953   26.532950280   15.062826577   25.357202495
   -1.919862177   -2.443460953   29.178977120   15.207359855   25.689876346
   -1.745329252   -2.443460953   31.879072748   15.934392627   26.120539597
   -1.570796327   -2.443460953   34.839444233   18.250594836   26.287688151
   -1.396263402   -2.443460953   38.345292858   22.071726439   25.750563669
   -1.221730476   -2.443460953   42.584339005   26.421361160   24.117505034
   -1.047197551   -2.443460953   47.523734138   29.834861054   21.184868286
   -0.872664626   -2.443460953   52.864202853   30.767914917   17.003334185
   -0.698131701   -2.443460953   58.064754398   28.090858153   11.872410786
   -0.523598776   -2.443460953   62.443050132   21.328436073    6.253725840
   -0.349065850   -2.443460953   65.299308325   10.752873117    0.647111793
   -0.174532925   -2.443460953   66.030494344   -2.862543211   -4.511855876
    0.000000000   -2.443460953   64.208939139  -18.237980404   -8.901745276
    0.174532925   -2.443460953   59.688072727  -33.378014131  -12.336983298
    0.349065850   -2.443460953   52.761334588  -45.203442104  -14.734675461
    0.523598776   -2.443460953   44.340750979  -49.811474920  -16.084545017
    0.698131701   -2.443460953   36.003334865  -43.849635781  -16.426126238
    0.872664626   -2.443460953   29.715863265  -26.485110470  -15.847543929
    1.047197551   -2.443460953   27.252183518   -0.894589792  -14.507441612
    1.221730476   -2.443460953   29.503344137   26.266717401  -12.624813420
    1.396263402   -2.443460953   36.065456315   47.343316848  -10.410206008
    1.570796327   -2.443460953   45.343125870   56.753461268   -7.987823438
    1.745329252   -2.443460953   55.096251761   52.880961122   -5.354399098
    1.919862177   -2.443460953   63.152209202   37.909645622   -2.426007894
    2.094395102   -2.443460953   67.942993736   16.281772892    0.878697907
    2.268928028   -2.443460953   68.736423898   -7.123815478    4.561085224
    2.443460953   -2.443460953   65.600928093  -28.143633156    8.515264950
    2.617993878   -2.443460953   59.237106013  -43.696288250   12.541079940
    2.792526803   -2.443460953   50.790397359  -51.817824101   16.383101138
    2.967059728   -2.443460953   41.646960981  -51.687577608   19.766501224

   -3.141592654   -2.094395102   39.589579226  -40.046633359   14.201315862
   -2.967059728   -2.094395102   33.597249028  -28.028434289   15.279847186
   -2.792526803   -2.094395102   29.944308329  -13.825456925   15.918186416
   -2.617993878   -2.094395102   28.707202815   -0.833552379   16.213391657
   -2.443460953   -2.094395102   29.439792337    8.479394950   16.276086770
   -2.268928028   -2.094395102   31.413051689   13.436615211   16.204850368
   -2.094395102   -2.094395102   33.932617042   15.003682001   16.041812543
   -1.919862177   -2.094395102   36.559829965   14.988905062   15.728787528
   -1.745329252   -2.094395102   39.170114928   15.015835374   15.104448794
   -1.570796327   -2.094395102   41.858713857   15.946549270   13.937717170
   -1.396263402   -2.094395102   44.795808326   17.783209392   12.016488377
   -1.221730476   -2.094395102   48.088807598   19.870282252    9.229665250
   -1.047197551   -2.094395102   51.695456788   21.192552495    5.641663422
   -0.872664626   -2.094395102   55.388245972   20.673950225    1.497491246
   -0.698131701   -2.094395102   58.767896580   17.501376832   -2.829008611
   -0.523598776   -2.094395102   61.330566989   11.290275851   -6.932498298
   -0.349065850   -2.094395102   62.548641762    2.151557803  -10.478744326
   -0.174532925   -2.094395102   61.947026318   -9.462323103  -13.273667032
    0.000000000   -2.094395102   59.162789148  -22.668436304  -15.272914889
    0.174532925   -2.094395102   54.047111338  -35.804247234  -16.562180818
    0.349065850   -2.094395102   46.845641107  -45.981121672  -17.286259823
    0.523598776   -2.094395102   38.405049993  -49.312965267  -17.578456640
    0.698131701   -2.094395102   30.244793516  -42.346180912  -17.503744795
    0.872664626   -2.094395102   24.293027084  -24.159014167  -17.046087461
    1.047197551   -2.094395102   22.296343787    2.109782671  -16.150811544
    1.221730476   -2.094395102   25.121914611   29.827849403  -14.780254183
    1.396263402   -2.094395102   32.349105294   51.396773297  -12.931013178
    1.570796327   -2.094395102   42.379439453   61.334087094  -10.632406217
    1.745329252   -2.094395102   52.985335654   58.080497746   -7.931731670
    1.919862177   -2.094395102   62.008181184   43.781263833   -4.901421154
    2.094395102   -2.094395102   67.879176487   22.755628142   -1.647971379
    2.268928028   -2.094395102   69.841285612   -0.259227010    1.684974143
    2.443460953   -2.094395102   67.916555429  -21.200178766    4.930315722
    2.617993878   -2.094395102   62.746155288  -37.030748531    7.920879986
    2.792526803   -2.094395102   55.412599836  -45.796459432   10.516033023
    2.967059728   -2.094395102   47.241121089  -46.641808082   12.623029323

   -3.141592654   -1.745329252   41.943037501  -38.706937412    5.976680522
   -2.967059728   -1.745329252   36.157027919  -26.983571616    6.430169794
   -2.792526803   -1.745329252   32.669905068  -12.967510157    6.765794001
   -2.617993878   -1.745329252   31.564971413   -0.194856707    6.972652539
   -2.443460953   -1.745329252   32.381038875    8.769192166    6.968205555
   -2.268928028   -1.745329252   34.360066128   13.177341620    6.630150169
   -2.094395102   -1.745329252   36.767131324   13.923291826    5.824166691
   -1.919862177   -1.745329252   39.109750040   12.749707820    4.428391899
   -1.745329252   -1.745329252   41.202168638   11.266915843    2.371157427
   -1.570796327   -1.745329252   43.086875483   10.472261155   -0.328911941
   -1.396263402   -1.745329252   44.920590768   10.661372381   -3.522847014
   -1.221730476   -1.745329252   46.858642402   11.587108308   -6.948308825
   -1.047197551   -1.745329252   48.977956574   12.601389465  -10.281403757
   -0.872664626   -1.745329252   51.220707216   12.824484079  -13.215987336
   -0.698131701   -1.745329252   53.366496083   11.352193806  -15.520961467
   -0.523598776   -1.745329252   55.051855981    7.455001617  -17.065554765
   -0.349065850   -1.745329252   55.813817140    0.741214821  -17.823702672
   -0.174532925   -1.745329252   55.153085023   -8.819582735  -17.879864282
    0.000000000   -1.745329252   52.608546714  -20.703854052  -17.429380566
    0.174532925   -1.745329252   47.887562994  -33.383804384  -16.762416983
    0.349065850   -1.745329252   41.090979619  -43.861271939  -16.186942582
    0.523598776   -1.745329252   32.960520974  -47.910270290  -15.918288676
    0.698131701   -1.745329252   24.982169070  -41.619917528  -15.977214955
    0.872664626   -1.745329252   19.126865479  -23.686180784  -16.165848218
    1.047197551   -1.745329252   17.234127129    2.921557976  -16.150182294
    1.221730476   -1.745329252   20.271271898   31.502283949  -15.605624137
    1.396263402   -1.745329252   27.889583758   54.218953487  -14.332371517
    1.570796327   -1.745329252   38.515183074   65.300972094  -12.316446112
    1.745329252   -1.745329252   49.897581881   62.945308952   -9.710703780
    1.919862177   -1.745329252   59.819808416   49.139019631   -6.778377168
    2.094395102   -1.745329252   66.636388768   28.150123154   -3.815216288
    2.268928028   -1.745329252   69.512766627    4.755057209   -1.081553160
    2.443460953   -1.745329252   68.406699463  -16.879434400    1.242966161
    2.617993878   -1.745329252   63.916466280  -33.575840149    3.074244578
    2.792526803   -1.745329252   57.108699181  -43.219693403    4.416077525
    2.967059728   -1.745329252   49.321105361  -44.806000479    5.346529354

   -3.141592654   -1.396263402   41.508959601  -38.853358660    1.793578793
   -2.967059728   -1.396263402   35.714515334  -26.930255256    1.588405710
   -2.792526803   -1.396263402   32.251677617  -12.785178864    1.340805579
   -2.617993878   -1.396263402   31.167168734   -0.219449775    1.039190826
   -2.443460953   -1.396263402   31.926446035    8.059491251    0.567473427
   -2.268928028   -1.396263402   33.686002568   11.302254128   -0.269252863
   -2.094395102   -1.396263402   35.636396977   10.522483655   -1.702018699
   -1.919862177   -1.396263402   37.240038053    7.683016856   -3.922488723
   -1.745329252   -1.396263402   38.312571473    4.703246437   -6.984268526
   -1.570796327   -1.396263402   38.958289021    2.963687474  -10.718055208
   -1.396263402   -1.396263402   39.461946008    3.098690419  -14.713800925
   -1.221730476   -1.396263402   40.151845934    5.021486749  -18.418123184
   -1.047197551   -1.396263402   41.281401667    7.951521193  -21.298620128
   -0.872664626   -1.396263402   42.923474507   10.642081764  -22.995217870
   -0.698131701   -1.396263402   44.912130659   11.708356768  -23.386779223
   -0.523598776   -1.396263402   46.858797983   10.009635942  -22.570464991
   -0.349065850   -1.396263402   48.213627478    4.861987325  -20.806206720
   -0.174532925   -1.396263402   48.350599972   -3.941425917  -18.470287147
    0.000000000   -1.396263402   46.658141571  -15.973244175  -16.015192741
    0.174532925   -1.396263402   42.684711661  -29.684983437  -13.905990387
    0.349065850   -1.396263402   36.392440381  -41.860629983  -12.507164706
    0.523598776   -1.396263402   28.444053286  -47.812617717  -11.961275729
    0.698131701   -1.396263402   20.342669246  -43.016661886  -12.121424024
    0.872664626   -1.396263402   14.179411046  -25.639405236  -12.596915037
    1.047197551   -1.396263402   11.981892218    1.555181266  -12.904384036
    1.221730476   -1.396263402   14.905047213   31.673337902  -12.652342720
    1.396263402   -1.396263402   22.724213621   56.360510430  -11.657268118
    1.570796327   -1.396263402   33.886995593   69.229739484   -9.966271299
    1.745329252   -1.396263402   46.065334827   67.990421672   -7.796235281
    1.919862177   -1.396263402   56.901671070   54.411219034   -5.441529017
    2.094395102   -1.396263402   64.597936251   32.835563876   -3.188899923
    2.268928028   -1.396263402   68.199820892    8.319973586   -1.259376773
    2.443460953   -1.396263402   67.602273109  -14.618361874    0.217851702
    2.617993878   -1.396263402   63.400216124  -32.493866831    1.203718050
    2.792526803   -1.396263402   56.702616828  -42.972667331    1.728561885
    2.967059728   -1.396263402   48.918183945  -44.959922327    1.885022761

   -3.141592654   -1.047197551   39.264115238  -41.110112787    2.692548832
   -2.967059728   -1.047197551   33.104910012  -28.811553186    1.527238690
   -2.792526803   -1.047197551   29.360557460  -14.129774051    0.134822549
   -2.617993878   -1.047197551   28.079937720   -1.176477455   -1.368905798
   -2.443460953   -1.047197551   28.675579814    7.048779611   -2.964567392
   -2.268928028   -1.047197551   30.208661820    9.608904489   -4.759884214
   -2.094395102   -1.047197551   31.757443146    7.526229141   -6.970721215
   -1.919862177   -1.047197551   32.695015443    3.021008970   -9.811154048
   -1.745329252   -1.047197551   32.814474083   -1.484093024  -13.329795970
   -1.570796327   -1.047197551   32.298581126   -3.983765209  -17.272478709
   -1.396263402   -1.047197551   31.612123552   -3.359066560  -21.079918092
   -1.221730476   -1.047197551   31.318025992    0.410898048  -24.053293540
   -1.047197551   -1.047197551   31.881250526    6.188314200  -25.611697136
   -0.872664626   -1.047197551   33.494960316   12.074318543  -25.489711291
   -0.698131701   -1.047197551   35.992927799   16.002756434  -23.788724372
   -0.523598776   -1.047197551   38.881600150   16.338216288  -20.893939653
   -0.349065850   -1.047197551   41.438743213   12.113465024  -17.338364475
   -0.174532925   -1.047197551   42.833951337    3.021385514  -13.686632179
    0.000000000   -1.047197551   42.247318869  -10.441778507  -10.447931272
    0.174532925   -1.047197551   39.048844028  -26.443470368   -7.985214738
    0.349065850   -1.047197551   33.094322768  -41.229494926   -6.435267652
    0.523598776   -1.047197551   25.051591861  -49.406569794   -5.678058428
    0.698131701   -1.047197551   16.550567188  -45.802223681   -5.395688539
    0.872664626   -1.047197551    9.896010465  -28.271301663   -5.213994125
    1.047197551   -1.047197551    7.342915865    0.258017659   -4.852608331
    1.221730476   -1.047197551   10.208217049   32.345261225   -4.201488641
    1.396263402   -1.047197551   18.318222429   58.952512615   -3.292005580
    1.570796327   -1.047197551   30.060667789   73.141236881   -2.215839674
    1.745329252   -1.047197551   42.975061967   72.357834922   -1.059078765
    1.919862177   -1.047197551   54.551005675   58.388144754    0.118838394
    2.094395102   -1.047197551   62.859990042   35.798430825    1.265024097
    2.268928028   -1.047197551   66.864858868    9.947168761    2.310698145
    2.443460953   -1.047197551   66.429941727  -14.362743066    3.161921228
    2.617993878   -1.047197551   62.164389204  -33.438006673    3.708514786
    2.792526803   -1.047197551   55.220697416  -44.786965225    3.840064662
    2.967059728   -1.047197551   47.074645007  -47.227599936    3.497456391

   -3.141592654   -0.698131701   39.021007714  -44.744635084    2.809433667
   -2.967059728   -0.698131701   32.174907001  -32.975309931    0.733585824
   -2.792526803   -0.698131701   27.689368722  -18.390455825   -1.672267205
   -2.617993878   -0.698131701   25.679352860   -5.248780193   -4.169441668
   -2.443460953   -0.698131701   25.581965197    3.150461615   -6.620803978
   -2.268928028   -0.698131701   26.426260704    5.537957230   -9.057329417
   -2.094395102   -0.698131701   27.212829244    2.786641529  -11.656763955
   -1.919862177   -0.698131701   27.239943100   -2.683875488  -14.601054808
   -1.745329252   -0.698131701   26.293702581   -7.887732922  -17.881443716
   -1.570796327   -0.698131701   24.663965571  -10.135724039  -21.158918452
   -1.396263402   -0.698131701   23.024121674   -7.890245093  -23.807868591
   -1.221730476   -0.698131701   22.174748613   -1.253080555  -25.141794579
   -1.047197551   -0.698131701   22.747914542    7.997536365  -24.719437488
   -0.872664626   -0.698131701   24.968830205   17.113679927  -22.534097413
   -0.698131701   -0.698131701   28.563637164   23.327884607  -19.005016063
   -0.523598776   -0.698131701   32.837437688   24.652963392  -14.804793184
   -0.349065850   -0.698131701   36.835108644   20.096373625  -10.633773583
   -0.174532925   -0.698131701   39.512706552    9.573181933   -7.045544393
    0.000000000   -0.698131701   39.891354915   -6.006424904   -4.343227641
    0.174532925   -0.698131701   37.268072285  -24.258775254   -2.518868568
    0.349065850   -0.698131701   31.528438253  -40.833051908   -1.284110101
    0.523598776   -0.698131701   23.464279707  -49.885182898   -0.200522113
    0.698131701   -0.698131701   14.879624295  -46.140992583    1.105595473
    0.872664626   -0.698131701    8.235113902  -27.755021096    2.744481602
    1.047197551   -0.698131701    5.864981662    1.810177200    4.508714349
    1.221730476   -0.698131701    9.073366643   34.639276267    6.012086607
    1.396263402   -0.698131701   17.612854032   61.490930757    6.925053759
    1.570796327   -0.698131701   29.788313022   75.506975141    7.157068893
    1.745329252   -0.698131701   43.084696301   74.352032430    6.875731033
    1.919862177   -0.698131701   54.973483929   59.983493627    6.389010220
    2.094395102   -0.698131701   63.527634255   37.012156955    5.977401632
    2.268928028   -0.698131701   67.708239376   10.732246903    5.773948461
    2.443460953   -0.698131701   67.361692772  -14.164044920    5.730042248
    2.617993878   -0.698131701   63.062708843  -34.067311402    5.650092816
    2.792526803   -0.698131701   55.922026432  -46.442488509    5.263303507
    2.967059728   -0.698131701   47.392263068  -49.963594230    4.347071035

   -3.141592654   -0.349065850   39.825831847  -49.436991651    3.561201654
   -2.967059728   -0.349065850   32.068521183  -38.620232112    0.874768657
   -2.792526803   -0.349065850   26.560435943  -24.346188173   -2.193043557
   -2.617993878   -0.349065850   23.525907441  -10.961547159   -5.313033445
   -2.443460953   -0.349065850   22.471224830   -2.101851380   -8.261370839
   -2.268928028   -0.349065850   22.427951235    0.565363297  -11.002318834
   -2.094395102   -0.349065850   22.343868959   -2.272986320  -13.650243202
   -1.919862177   -0.349065850   21.464988628   -7.993736035  -16.305749064
   -1.745329252   -0.349065850   19.594639677  -13.040761556  -18.864489536
   -1.570796327   -0.349065850   17.150278979  -14.106150191  -20.923349763
   -1.396263402   -0.349065850   15.013733247   -9.401443744  -21.893895681
   -1.221730476   -0.349065850   14.186757048    0.608369251  -21.267031480
   -1.047197551   -0.349065850   15.390535050   13.290522695  -18.904733142
   -0.872664626   -0.349065850   18.776293937   24.954702317  -15.149558663
   -0.698131701   -0.349065850   23.856356003   32.224444038  -10.712300027
   -0.523598776   -0.349065850   29.658963562   33.021047199   -6.409001455
   -0.349065850   -0.349065850   34.976797644   26.691382873   -2.881859727
   -0.174532925   -0.349065850   38.600192084   13.762596818   -0.427771980
    0.000000000   -0.349065850   39.503528356   -4.102876504    1.057922224
    0.174532925   -0.349065850   37.069205355  -23.808768274    2.046327247
    0.349065850   -0.349065850   31.374394038  -40.544497244    3.199774835
    0.523598776   -0.349065850   23.441593734  -48.507174534    5.095381053
    0.698131701   -0.349065850   15.246130074  -43.046517256    7.925450619
    0.872664626   -0.349065850    9.276108303  -23.268711908   11.337671322
    1.047197551   -0.349065850    7.733856997    6.579554270   14.553081272
    1.221730476   -0.349065850   11.703447088   38.392903618   16.731908699
    1.396263402   -0.349065850   20.743564135   63.396671936   17.367673957
    1.570796327   -0.349065850   33.081788785   75.523821417   16.495624540
    1.745329252   -0.349065850   46.258777898   73.108184484   14.613182907
    1.919862177   -0.349065850   57.883860419   58.350061608   12.410992838
    2.094395102   -0.349065850   66.170699918   35.662393871   10.478020581
    2.268928028   -0.349065850   70.160186600    9.888556458    9.111920284
    2.443460953   -0.349065850   69.694014124  -14.763750154    8.279609978
    2.617993878   -0.349065850   65.270285425  -35.019393465    7.688096137
    2.792526803   -0.349065850   57.886291165  -48.376116980    6.915913448
    2.967059728   -0.349065850   48.900673093  -53.281741310    5.598317586

   -3.141592654    0.000000000   41.352566602  -53.950539833    3.209676911
   -2.967059728    0.000000000   32.704845581  -44.210516263    0.638863278
   -2.792526803    0.000000000   26.170770980  -30.391098937   -2.191724756
   -2.617993878    0.000000000   22.086029092  -16.867143894   -4.978626273
   -2.443460953    0.000000000   20.037007350   -7.567914698   -7.530475846
   -2.268928028    0.000000000   19.077123047   -4.495449878   -9.829271682
   -2.094395102    0.000000000   18.134089902   -7.065649464  -11.962593967
   -1.919862177    0.000000000   16.447445334  -12.396531417  -13.955848108
   -1.745329252    0.000000000   13.884933385  -16.414960477  -15.618672638
   -1.570796327    0.000000000   11.016445909  -15.400624444  -16.519612361
   -1.396263402    0.000000000    8.910067543   -7.625543693  -16.159522536
   -1.221730476    0.000000000    8.691056358    5.773110023  -14.243757256
   -1.047197551    0.000000000   11.048839909   21.149925094  -10.918406633
   -0.872664626    0.000000000   15.931580445   33.942001723   -6.783122031
   -0.698131701    0.000000000   22.543531195   40.483860942   -2.682182693
   -0.523598776    0.000000000   29.613340608   39.094489545    0.617590164
   -0.349065850    0.000000000   35.748886206   29.966471132    2.709657219
   -0.174532925    0.000000000   39.720687655   14.611371638    3.658199621
    0.000000000    0.000000000   40.645246575   -4.450869144    3.957664116
    0.174532925    0.000000000   38.168279225  -23.656067500    4.383540609
    0.349065850    0.000000000   32.663942365  -38.302470774    5.722036039
    0.523598776    0.000000000   25.372533158  -43.375264101    8.452252159
    0.698131701    0.000000000   18.301184806  -35.505386366   12.475026327
    0.872664626    0.000000000   13.741683147  -15.015986376   17.049412693
    1.047197551    0.000000000   13.539725334   13.320927973   21.044260732
    1.221730476    0.000000000   18.418347297   41.861765829   23.416257705
    1.396263402    0.000000000   27.726702137   63.023885633   23.643847328
    1.570796327    0.000000000   39.708438774   72.020083868   21.900786086
    1.745329252    0.000000000   52.107355874   67.977998463   18.897888455
    1.919862177    0.000000000   62.812354662   53.177654731   15.533740966
    2.094395102    0.000000000   70.277381455   31.541253702   12.550087429
    2.268928028    0.000000000   73.671086315    7.181219493   10.325036066
    2.443460953    0.000000000   72.835581268  -16.387576029    8.844297239
    2.617993878    0.000000000   68.168466388  -36.345906673    7.795755714
    2.792526803    0.000000000   60.514745660  -50.276547749    6.730129694
    2.967059728    0.000000000   51.095910510  -56.396563410    5.261361571

   -3.141592654    0.349065850   42.861706790  -57.903500761    2.063590200
   -2.967059728    0.349065850   33.444842267  -48.974476328    0.423384148
   -2.792526803    0.349065850   26.049579119  -35.377813697   -1.292898656
   -2.617993878    0.349065850   21.117076345  -21.513922542   -2.931988537
   -2.443460953    0.349065850   18.309314638  -11.595347826   -4.419538610
   -2.268928028    0.349065850   16.699843219   -7.932604088   -5.783502122
   -2.094395102    0.349065850   15.199086867  -10.026604698   -7.083524822
   -1.919862177    0.349065850   13.042802393  -14.762483672   -8.288179538
   -1.745329252    0.349065850   10.154530356  -17.658958763   -9.192103760
   -1.570796327    0.349065850    7.222094850  -14.761473202   -9.445053678
   -1.396263402    0.349065850    5.434680720   -4.556265937   -8.720715321
   -1.221730476    0.349065850    5.959300388   11.131958621   -6.918069738
   -1.047197551    0.349065850    9.387292302   27.834732087   -4.293576011
   -0.872664626    0.349065850   15.444658906   40.451888304   -1.397256936
   -0.698131701    0.349065850   23.071106568   45.388348598    1.145921958
   -0.523598776    0.349065850   30.793516810   41.605234149    2.903085141
   -0.349065850    0.349065850   37.160610258   30.203443211    3.820331465
   -0.174532925    0.349065850   41.042743139   13.565010332    4.232147851
    0.000000000    0.349065850   41.785544205   -5.194770402    4.746443408
    0.174532925    0.349065850   39.331179207  -22.388544837    6.050147258
    0.349065850    0.349065850   34.321079159  -33.779539160    8.653974946
    0.523598776    0.349065850   28.126564934  -35.422158029   12.650607347
    0.698131701    0.349065850   22.664442491  -25.344001969   17.570820902
    0.872664626    0.349065850   19.906882441   -4.981271184   22.444213621
    1.047197551    0.349065850   21.254507182   20.655445366   26.119802622
    1.221730476    0.349065850   27.038897119   44.729866070   27.715735891
    1.396263402    0.349065850   36.425312596   61.137612451   26.946845885
    1.570796327    0.349065850   47.737054837   66.510206420   24.186662461
    1.745329252    0.349065850   58.995250752   60.758634268   20.247888233
    1.919862177    0.349065850   68.431207779   46.132483119   16.044077313
    2.094395102    0.349065850   74.779050466   25.921349371   12.296889519
    2.268928028    0.349065850   77.351614724    3.387829424    9.381519754
    2.443460953    0.349065850   75.991610042  -18.712811043    7.322293822
    2.617993878    0.349065850   70.989250324  -38.026100044    5.884004334
    2.792526803    0.349065850   63.032015565  -52.211462347    4.712346584
    2.967059728    0.349065850   53.200390895  -59.238007147    3.493556581

   -3.141592654    0.698131701   44.490055458  -59.859029551   -0.388306606
   -2.967059728    0.698131701   34.682055114  -51.454771128   -0.888379184
   -2.792526803    0.698131701   26.825678799  -38.119393823   -1.214967575
   -2.617993878    0.698131701   21.412410205  -24.236081057   -1.408081011
   -2.443460953    0.698131701   18.143330576  -14.141993460   -1.548767145
   -2.268928028    0.698131701   16.107629979  -10.267678616   -1.741253032
   -2.094395102    0.698131701   14.220111758  -12.106549255   -2.056468555
   -1.919862177    0.698131701   11.736113274  -16.384717892   -2.470623999
   -1.745329252    0.698131701    8.632146660  -18.428133456   -2.851194478
   -1.570796327    0.698131701    5.671183943  -14.260161948   -3.002539984
   -1.396263402    0.698131701    4.096470886   -2.624643522   -2.771811876
   -1.221730476    0.698131701    5.063501065   14.174710832   -2.135779236
   -1.047197551    0.698131701    9.066643960   31.231656070   -1.228550889
   -0.872664626    0.698131701   15.680863002   43.294043517   -0.268783687
   -0.698131701    0.698131701   23.705774695   47.043882491    0.566633758
   -0.523598776    0.698131701   31.606098128   42.039965571    1.258675417
   -0.349065850    0.698131701   37.984104200   30.044148225    1.998125733
   -0.174532925    0.698131701   41.866265651   13.931913819    3.130666575
    0.000000000    0.698131701   42.812289022   -3.027745074    5.048938906
    0.174532925    0.698131701   40.969553223  -17.427709219    8.051206833
    0.349065850    0.698131701   37.096700758  -25.749789184   12.181423737
    0.523598776    0.698131701   32.524851866  -25.081577489   17.111555491
    0.698131701    0.698131701   28.944872916  -14.489287212   22.126599121
    0.872664626    0.698131701   27.957042249    4.042455388   26.268807549
    1.047197551    0.698131701   30.563088073   25.780509931   28.648238295
    1.221730476    0.698131701   36.817123901   44.932981006   28.775430328
    1.396263402    0.698131701   45.825307454   56.769952966   26.722038664
    1.570796327    0.698131701   56.076561137   59.030525389   23.052566518
    1.745329252    0.698131701   65.898545436   52.107025672   18.569055903
    1.919862177    0.698131701   73.853767889   38.066164088   14.038378875
    2.094395102    0.698131701   78.933174599   19.575241489   10.007668540
    2.268928028    0.698131701   80.580672993   -0.866574344    6.747696125
    2.443460953    0.698131701   78.642773375  -21.172809247    4.291071180
    2.617993878    0.698131701   73.318023424  -39.395679846    2.515874292
    2.792526803    0.698131701   65.158280077  -53.276600397    1.240748801
    2.967059728    0.698131701   55.118589616  -60.604156635    0.304390788

   -3.141592654    1.047197551   43.247209155  -59.986741867   -5.745692390
   -2.967059728    1.047197551   33.494771578  -50.719651093   -5.168426169
   -2.792526803    1.047197551   25.819198709  -36.840198911   -4.210999663
   -2.617993878    1.047197551   20.646451943  -22.824987703   -3.113676098
   -2.443460953    1.047197551   17.605399520  -12.992061338   -2.103905149
   -2.268928028    1.047197551   15.728797857   -9.615686842   -1.338573441
   -2.094395102    1.047197551   13.908547267  -11.971174519   -0.867971999
   -1.919862177    1.047197551   11.413774633  -16.608225866   -0.649162932
   -1.745329252    1.047197551    8.256028397  -18.783842461   -0.607824778
   -1.570796327    1.047197551    5.234188389  -14.585578547   -0.695058040
   -1.396263402    1.047197551    3.609129747   -2.882843255   -0.909132385
   -1.221730476    1.047197551    4.532975935   13.917992884   -1.249983247
   -1.047197551    1.047197551    8.486826286   30.913449416   -1.654755537
   -0.872664626    1.047197551   15.042825159   42.965674545   -1.957010017
   -0.698131701    1.047197551   23.027069595   46.966082275   -1.903639662
   -0.523598776    1.047197551   30.969183239   42.694988162   -1.213798761
   -0.349065850    1.047197551   37.570338625   32.051519543    0.358281305
   -0.174532925    1.047197551   41.965530281   17.887328289    2.965023664
    0.000000000    1.047197551   43.800533946    3.233863056    6.624862813
    0.174532925    1.047197551   43.248488819   -8.967226417   11.178729745
    0.349065850    1.047197551   40.995815913  -15.828933599   16.238235071
    0.523598776    1.047197551   38.186440910  -15.080615768   21.179477407
    0.698131701    1.047197551   36.230363774   -6.186818250   25.226382117
    0.872664626    1.047197551   36.420284876    9.003278757   27.639684530
    1.047197551    1.047197551   39.525898881   26.476290987   27.967856957
    1.221730476    1.047197551   45.529528516   41.472908254   26.214865576
    1.396263402    1.047197551   53.640912615   50.178237315   22.809111903
    1.570796327    1.047197551   62.573904447   50.762239935   18.414785917
    1.745329252    1.047197551   70.908526036   43.527932164   13.684552976
    1.919862177    1.047197551   77.412155842   30.125867723    9.107687619
    2.094395102    1.047197551   81.199323120   12.752403470    4.974454967
    2.268928028    1.047197551   81.764413898   -6.445358363    1.432649482
    2.443460953    1.047197551   78.957743904  -25.562457174   -1.445723551
    2.617993878    1.047197551   72.963694615  -42.681010533   -3.618609734
    2.792526803    1.047197551   64.322688350  -55.494921757   -5.054603175
    2.967059728    1.047197551   53.986852492  -61.751885998   -5.749857842

   -3.141592654    1.396263402   38.360903073  -59.528566757  -11.752826783
   -2.967059728    1.396263402   28.853014516  -48.438724028  -10.535415924
   -2.792526803    1.396263402   21.695625067  -33.296093648   -8.778340807
   -2.617993878    1.396263402   17.197906619  -18.757708736   -6.865397856
   -2.443460953    1.396263402   14.859042472   -9.113547314   -5.101076720
   -2.268928028    1.396263402   13.606289545   -6.398162798   -3.626610806
   -2.094395102    1.396263402   12.275371476   -9.588607419   -2.422672034
   -1.919862177    1.396263402   10.123830326  -15.055284018   -1.404710110
   -1.745329252    1.396263402    7.165672274  -18.061970553   -0.549846595
   -1.570796327    1.396263402    4.190585160  -14.798834912    0.050874026
   -1.396263402    1.396263402    2.439874967   -4.117333701    0.252977877
   -1.221730476    1.396263402    3.069635882   11.833373306    0.014451472
   -1.047197551    1.396263402    6.626728407   28.576608116   -0.482381152
   -0.872664626    1.396263402   12.820456752   41.319476957   -0.837169547
   -0.698131701    1.396263402   20.653097185   47.031886528   -0.571686754
   -0.523598776    1.396263402   28.815427512   45.248969675    0.687733447
   -0.349065850    1.396263402   36.107132008   37.417651820    3.093260339
   -0.174532925    1.396263402   41.673239606   25.858016483    6.561700455
    0.000000000    1.396263402   45.077163479   13.080431236   10.814465493
    0.174532925    1.396263402   46.323556106    1.556645684   15.416322855
    0.349065850    1.396263402   45.856784657   -6.166066583   19.789295401
    0.523598776    1.396263402   44.540005136   -7.890385864   23.263381232
    0.698131701    1.396263402   43.525946193   -2.735285436   25.204607231
    0.872664626    1.396263402   43.950835076    8.248719555   25.210220409
    1.047197551    1.396263402   46.589195508   22.039824693   23.282084774
    1.221730476    1.396263402   51.586469068   34.616458601   19.842593405
    1.396263402    1.396263402   58.396277806   42.336568616   15.552052235
    1.570796327    1.396263402   65.954675020   42.968714900   11.044256100
    1.745329252    1.396263402   72.967516844   36.193297632    6.721443220
    1.919862177    1.396263402   78.228884805   23.192336170    2.727937554
    2.094395102    1.396263402   80.827407579    6.047326794   -0.949230589
    2.268928028    1.396263402   80.239575312  -12.925340403   -4.326849352
    2.443460953    1.396263402   76.338880738  -31.548759826   -7.331739734
    2.617993878    1.396263402   69.376306970  -47.689634053   -9.782005265
    2.792526803    1.396263402   59.984063122  -58.995964423  -11.436973408
    2.967059728    1.396263402   49.198478751  -63.334806487  -12.108493544

   -3.141592654    1.745329252   31.921745712  -58.086646110  -18.073629270
   -2.967059728    1.745329252   22.852011563  -44.977778824  -17.080278859
   -2.792526803    1.745329252   16.411932814  -28.702427728  -15.298858866
   -2.617993878    1.745329252   12.744790810  -13.976185821  -13.087796120
   -2.443460953    1.745329252   11.204303161   -4.824719182  -10.752066171
   -2.268928028    1.745329252   10.636069239   -2.852402655   -8.446622347
   -2.094395102    1.745329252    9.863216311   -6.716406547   -6.167340163
   -1.919862177    1.745329252    8.163160614  -12.755254156   -3.853075748
   -1.745329252    1.745329252    5.551226361  -16.436968585   -1.532938005
   -1.570796327    1.745329252    2.780512539  -14.140092898    0.602493481
   -1.396263402    1.745329252    1.047029023   -4.584412368    2.272366285
   -1.221730476    1.745329252    1.517578665   10.568969857    3.298258381
   -1.047197551    1.745329252    4.849085306   27.436041197    3.773833386
   -0.872664626    1.745329252   10.943454283   41.517685797    4.075057758
   -0.698131701    1.745329252   19.003770710   49.568171956    4.696311464
   -0.523598776    1.745329252   27.845100178   50.491870576    6.023441576
   -0.349065850    1.745329252   36.267699554   45.016341409    8.176434731
   -0.174532925    1.745329252   43.301016604   34.878758254   10.994847733
    0.000000000    1.745329252   48.311772379   22.239735086   14.098286948
    0.174532925    1.745329252   51.065654341    9.424867513   16.967489325
    0.349065850    1.745329252   51.759114236   -0.949937993   19.016612763
    0.523598776    1.745329252   51.043467182   -6.332204407   19.703949698
    0.698131701    1.745329252   49.952909565   -5.141176704   18.694570347
    0.872664626    1.745329252   49.649936139    2.492428990   16.028267076
    1.047197551    1.745329252   51.088454945   14.313451912   12.173509127
    1.221730476    1.745329252   54.683958276   26.524584220    7.876529792
    1.396263402    1.745329252   60.141178677   35.060875037    3.851531211
    1.570796327    1.745329252   66.533940769   36.874992403    0.498528276
    1.745329252    1.745329252   72.562723343   30.908163319   -2.200526456
    1.919862177    1.745329252   76.921588784   18.022287702   -4.552962521
    2.094395102    1.745329252   78.585995101    0.467761191   -6.919490421
    2.268928028    1.745329252   76.980071946  -18.967749625   -9.496125711
    2.443460953    1.745329252   72.015077386  -37.579762331  -12.225159237
    2.617993878    1.745329252   64.059533571  -52.865075260  -14.820245326
    2.792526803    1.745329252   53.903529172  -62.419943446  -16.874024699
    2.967059728    1.745329252   42.721387655  -64.377715818  -18.023430693

   -3.141592654    2.094395102   24.658335201  -57.663354814  -19.492782656
   -2.967059728    2.094395102   15.839154134  -42.613069392  -18.497311155
   -2.792526803    2.094395102    9.937364601  -25.025726149  -16.638734883
   -2.617993878    2.094395102    6.975262584   -9.681373298  -14.246297863
   -2.443460953    2.094395102    6.200222558   -0.404923577  -11.595427376
   -2.268928028    2.094395102    6.401532914    1.545361393   -8.806453763
   -2.094395102    2.094395102    6.401502318   -2.234954890   -5.837463368
   -1.919862177    2.094395102    5.499896266   -8.092431301   -2.601659650
   -1.745329252    2.094395102    3.709217940  -11.745814513    0.863338359
   -1.570796327    2.094395102    1.730265682   -9.849751458    4.304092862
   -1.396263402    2.094395102    0.678283422   -1.131921748    7.322092895
   -1.221730476    2.094395102    1.669506893   13.097841203    9.584955281
   -1.047197551    2.094395102    5.390824971   29.474469967   11.025958262
   -0.872664626    2.094395102   11.853711126   43.834850011   11.881907529
   -0.698131701    2.094395102   20.396140324   52.867220886   12.540100810
   -0.523598776    2.094395102   29.922102817   55.029094994   13.312302016
   -0.349065850    2.094395102   39.227293298   50.493489525   14.271631451
   -0.174532925    2.094395102   47.244524986   40.512763144   15.241739841
    0.000000000    2.094395102   53.175828174   26.957550452   15.867343863
    0.174532925    2.094395102   56.589103315   12.067536027   15.716455622
    0.349065850    2.094395102   57.487775407   -1.379593150   14.392399354
    0.523598776    2.094395102   56.386431501  -10.341955385   11.676245159
    0.698131701    2.094395102   54.298769792  -12.417816686    7.677921761
    0.872664626    2.094395102   52.524430196   -6.814125316    2.916235838
    1.047197551    2.094395102   52.293091107    4.804731415   -1.785906140
    1.221730476    2.094395102   54.340552913   18.528417866   -5.600807047
    1.396263402    2.094395102   58.608075762   29.486995040   -8.046086252
    1.570796327    2.094395102   64.233155988   33.539157570   -9.177669015
    1.745329252    2.094395102   69.804047030   28.793281229   -9.516350183
    1.919862177    2.094395102   73.807480109   15.874206158   -9.766662415
    2.094395102    2.094395102   75.022845086   -2.619770965  -10.502936823
    2.268928028    2.094395102   72.772563610  -23.236057713  -11.966975812
    2.443460953    2.094395102   66.986951775  -42.588423682  -14.036269864
    2.617993878    2.094395102   58.155231161  -57.711044881  -16.309475111
    2.792526803    2.094395102   47.240166234  -66.105041309  -18.257847811
    2.967059728    2.094395102   35.573985330  -66.141888404  -19.411101716

   -3.141592654    2.443460953   18.133782983  -57.507184573  -13.457047518
   -2.967059728    2.443460953    9.505257950  -40.632908420  -12.336636288
   -2.792526803    2.443460953    4.082517766  -21.604379060  -10.594628028
   -2.617993878    2.443460953    1.809298345   -5.283419990   -8.464530333
   -2.443460953    2.443460953    1.861613436    4.638925096   -6.105310899
   -2.268928028    2.443460953    2.992653580    7.157612839   -3.527966154
   -2.094395102    2.443460953    4.028639461    4.039766483   -0.604286457
   -1.919862177    2.443460953    4.283787085   -1.132886914    2.813950499
   -1.745329252    2.443460953    3.749656184   -4.391419924    6.724258075
   -1.570796327    2.443460953    3.044608844   -2.739656779   10.862618205
   -1.396263402    2.443460953    3.158555127    4.996884433   14.745202325
   -1.221730476    2.443460953    5.097822748   17.784998435   17.857353070
   -1.047197551    2.443460953    9.511231644   32.758799244   19.875334366
   -0.872664626    2.443460953   16.455063792   46.146284623   20.770735005
   -0.698131701    2.443460953   25.352033498   54.683161706   20.742207867
   -0.523598776    2.443460953   35.167463382   56.518849362   20.046533921
   -0.349065850    2.443460953   44.689558430   51.409971885   18.837396034
   -0.174532925    2.443460953   52.775471437   40.263987726   17.114024430
    0.000000000    2.443460953   58.508724003   24.810618255   14.744591442
    0.174532925    2.443460953   61.334290173    7.391686117   11.542605566
    0.349065850    2.443460953   61.173273912   -8.843039299    7.382846051
    0.523598776    2.443460953   58.548173893  -20.203155225    2.344446673
    0.698131701    2.443460953   54.610231335  -23.488328753   -3.173729709
    0.872664626    2.443460953   50.926123490  -17.293145842   -8.449332830
    1.047197551    2.443460953   49.053938333   -3.243809193  -12.629541681
    1.221730476    2.443460953   49.999509642   14.054599500  -15.063919635
    1.396263402    2.443460953   53.804901622   28.564163681  -15.591519045
    1.570796327    2.443460953   59.502217865   35.042579322  -14.616387297
    1.745329252    2.443460953   65.424627272   31.035632107  -12.917046842
    1.919862177    2.443460953   69.766650357   17.302219673  -11.324345385
    2.094395102    2.443460953   71.086453635   -2.928532232  -10.429079345
    2.268928028    2.443460953   68.615049618  -25.413705896  -10.442428947
    2.443460953    2.443460953   62.322219041  -46.084927417  -11.214055838
    2.617993878    2.443460953   52.832693310  -61.566874757  -12.345129523
    2.792526803    2.443460953   41.288592383  -69.294792033  -13.343362270
    2.967059728    2.443460953   29.185993696  -67.854840084  -13.791665502

   -3.141592654    2.792526803   15.209970975  -56.446629709   -0.273879141
   -2.967059728    2.792526803    6.840342373  -38.765367709    1.313372928
   -2.792526803    2.792526803    1.799863382  -19.133497604    2.950331087
   -2.617993878    2.792526803    0.000000000   -2.341495023    4.548258067
   -2.443460953    2.792526803    0.609789999    8.108409110    6.149403212
   -2.268928028    2.792526803    2.410987044   11.420141414    7.929104821
   -2.094395102    2.792526803    4.286431523    9.447534927   10.133385707
   -1.919862177    2.792526803    5.602169039    5.616203285   12.952638956
   -1.745329252    2.792526803    6.351385466    3.484603284   16.380348154
   -1.570796327    2.792526803    7.070757098    5.545493390   20.125505637
   -1.396263402    2.792526803    8.591402658   12.640686181   23.656398303
   -1.221730476    2.792526803   11.732936366   23.768291375   26.367170579
   -1.047197551    2.792526803   16.994985109   36.433667891   27.794575078
   -0.872664626    2.792526803   24.363456822   47.346220840   27.753390439
   -0.698131701    2.792526803   33.264631922   53.577755725   26.334060623
   -0.523598776    2.792526803   42.703588325   53.342028600   23.790081216
   -0.349065850    2.792526803   51.501799843   46.301273392   20.393225183
   -0.174532925    2.792526803   58.529026528   33.238802697   16.351342788
    0.000000000    2.792526803   62.868309114   15.867335910   11.784073640
    0.174532925    2.792526803   63.975503891   -3.308945010    6.751290577
    0.349065850    2.792526803   61.827431147  -20.783809834    1.344132039
    0.523598776    2.792526803   57.079182151  -32.374689854   -4.201225840
    0.698131701    2.792526803   51.100742987  -34.416437250   -9.426278799
    0.872664626    2.792526803   45.734722244  -25.374240163  -13.690276916
    1.047197551    2.792526803   42.790894269   -7.305487405  -16.374486269
    1.221730476    2.792526803   43.402662281   14.246325580  -17.155408044
    1.396263402    2.792526803   47.556748832   32.155638443  -16.168440469
    1.570796327    2.792526803   54.063434710   40.439657070  -13.964604002
    1.745329252    2.792526803   60.956973502   36.508830596  -11.272634964
    1.919862177    2.792526803   66.161224494   21.556305784   -8.735388646
    2.094395102    2.792526803   68.068263224   -0.483861110   -6.728966835
    2.268928028    2.792526803   65.867519104  -24.693657133   -5.331193735
    2.443460953    2.792526803   59.588197246  -46.533526396   -4.388860819
    2.617993878    2.792526803   49.973148177  -62.426750308   -3.631553099
    2.792526803    2.792526803   38.295385100  -69.872580158   -2.783326039
    2.967059728    2.792526803   26.153488811  -67.690628796   -1.672666447
