#! FIELDS phi psi file.free der_phi der_psi
#! SET min_phi -pi
#! SET max_phi pi
#! SET nbins_phi  36
#! SET periodic_phi true
#! SET min_psi -pi
#! SET max_psi pi
#! SET nbins_psi  18
#! SET periodic_psi true
   -3.141592654   -3.141592654   19.382884979  -51.609627664   12.470455614
   -2.967059728   -3.141592654   11.478072519  -38.026293055   14.709278306
   -2.792526803   -3.141592654    6.331424960  -20.712038484   16.488527280
   -2.617993878   -3.141592654    4.203061169   -4.186511507   17.788256982
   -2.443460953   -3.141592654    4.592147642    7.649086049   18.773382165
   -2.268928028   -3.141592654    6.502209281   13.214186611   19.728087048
   -2.094395102   -3.141592654    8.899500882   13.598916648   20.924310402
   -1.919862177   -3.141592654   11.112320656   11.631855261   22.482225076
   -1.745329252   -3.141592654   13.003187283   10.363800285   24.288629621
   -1.570796327   -3.141592654   14.894462050   11.849839862   25.993959188
   -1.396263402   -3.141592654   17.339478350   16.668858681   27.110367497
   -1.221730476   -3.141592654   20.862629913   23.919994204   27.171200898
   -1.047197551   -3.141592654   25.728393970   31.669042714   25.908414177
   -0.872664626   -3.141592654   31.815984298   37.519473592   23.349748692
   -0.698131701   -3.141592654   38.607962183   39.445209519   19.798733513
   -0.523598776   -3.141592654   45.302736728   36.318671437   15.698949141
   -0.349065850   -3.141592654   50.998547174   28.081724749   11.451862718
   -0.174532925   -3.141592654   54.862632648   15.514257651    7.294932621
    0.000000000   -3.141592654   56.260342943    0.149845907    3.276996007
    0.174532925   -3.141592654   54.896885094  -15.659158584   -0.677168199
    0.349065850   -3.141592654   50.974262962  -28.555942386   -4.617484147
    0.523598776   -3.141592654   45.334357343  -34.698417574   -8.425758126
    0.698131701   -3.141592654   39.435528527  -31.228739113  -11.755659821
    0.872664626   -3.141592654   35.022438048  -17.945506540  -14.109232977
    1.047197551   -3.141592654   33.558777367    1.729278515  -15.053216019
    1.221730476   -3.141592654   35.650424225   21.698923720  -14.450453507
    1.396263402   -3.141592654   40.782947946   35.699818768  -12.546027116
    1.570796327   -3.141592654   47.532159177   39.877381195   -9.860984892
    1.745329252   -3.141592654   54.107381744   33.939956139   -6.954672322
    1.919862177   -3.141592654   58.931165625   20.361215034   -4.215566808
    2.094395102   -3.141592654   60.974488433    2.659100157   -1.775578641
    2.268928028   -3.141592654   59.801873836  -16.039356405    0.442554632
    2.443460953   -3.141592654   55.452070013  -33.418694171    2.612694572
    2.617993878   -3.141592654   48.325726944  -47.544086240    4.893770554
    2.792526803   -3.141592654   39.166044315  -56.406117235    7.358181277
    2.967059728   -3.141592654   29.064583650  -58.075121890    9.943868486

   -3.141592654   -2.792526803   25.167666608  -46.386840559   18.718994416
   -2.967059728   -2.792526803   18.058429246  -34.199021132   21.119525249
   -2.792526803   -2.792526803   13.444426945  -18.426353752   22.726328387
   -2.617993878   -2.792526803   11.599213866   -3.145829643   23.631390860
   -2.443460953   -2.792526803   12.106164054    8.077248315   24.127471832
   -2.268928028   -2.792526803   14.089478698   13.731824077   24.579509009
   -2.094395102   -2.792526803   16.623403573   14.698228153   25.252801493
   -1.919862177   -2.792526803   19.089792557   13.421114818   26.187424586
   -1.745329252   -2.792526803   21.332474853   12.519429856   27.179658748
   -1.570796327   -2.792526803   23.584376277   13.695404485   27.850035749
   -1.396263402   -2.792526803   26.262368863   17.349863763   27.774717410
   -1.221730476   -2.792526803   29.743352212   22.656734700   26.617953717
   -1.047197551   -2.792526803   34.182255164   28.016924246   24.252496516
   -0.872664626   -2.792526803   39.423986697   31.542952044   20.805294793
   -0.698131701   -2.792526803   45.005584225   31.685002859   16.621705737
   -0.523598776   -2.792526803   50.246660691   27.566153052   12.143684468
   -0.349065850   -2.792526803   54.384542743   19.096395103    7.749486075
   -0.174532925   -2.792526803   56.699363264    6.817570961    3.644928424
    0.000000000   -2.792526803   56.622768749   -8.021470817   -0.145321817
    0.174532925   -2.792526803   53.885630805  -23.206094092   -3.702316063
    0.349065850   -2.792526803   48.710103081  -35.312027084   -7.065243137
    0.523598776   -2.792526803   41.985724333  -40.276013133  -10.117458643
    0.698131701   -2.792526803   35.257564772  -35.041268077  -12.566903711
    0.872664626   -2.792526803   30.373173228  -19.451433799  -14.041133652
    1.047197551   -2.792526803   28.863960226    2.710440540  -14.273004258
    1.221730476   -2.792526803   31.321980052   24.824021401  -13.255052852
    1.396263402   -2.792526803   37.133321232   40.211819772  -11.255742824
    1.570796327   -2.792526803   44.729273744   44.943045737   -8.691996300
    1.745329252   -2.792526803   52.191840233   38.977495932   -5.939555251
    1.919862177   -2.792526803   57.876853808   25.195591439   -3.197922848
    2.094395102   -2.792526803   60.756841092    7.456357524   -0.470356462
    2.268928028   -2.792526803   60.440742300  -10.972026472    2.360009786
    2.443460953   -2.792526803   57.018238031  -27.841107851    5.416865457
    2.617993878   -2.792526803   50.914020573  -41.430249382    8.738011943
    2.792526803   -2.792526803   42.851264324  -50.029765224   12.230353694
    2.967059728   -2.792526803   33.850148494  -51.961262081   15.662069203

   -3.141592654   -2.443460953   31.809194956  -41.033462164   18.425887019
   -2.967059728   -2.443460953   25.508948599  -30.329722122   20.464584570
   -2.792526803   -2.443460953   21.436564528  -16.058676377   21.757178932
   -2.617993878   -2.443460953   19.899515213   -1.890225353   22.404321435
   -2.443460953   -2.443460953   20.574506281    8.855831025   22.645606032
   -2.268928028   -2.443460953   22.695138083   14.597895058   22.749657287
   -2.094395102   -2.443460953   25.406473796   15.859879497   22.877615553
   -1.919862177   -2.443460953   28.086503418   14.632294869   22.997851621
   -1.745329252   -2.443460953   30.502612374   13.178224406   22.905457259
   -1.570796327   -2.443460953   32.767981157   13.077586752   22.313404693
   -1.396263402   -2.443460953   35.180579093   14.849895772   20.975477130
   -1.221730476   -2.443460953   38.035992909   17.984695433   18.771570717
   -1.047197551   -2.443460953   41.475112027   21.302684701   15.758893706
   -0.872664626   -2.443460953   45.404042053   23.344867275   12.157361271
   -0.698131701   -2.443460953   49.483610785   22.831518204    8.293172689
   -0.523598776   -2.443460953   53.183605502   18.894747849    4.501756032
   -0.349065850   -2.443460953   55.868141281   11.183341554    1.018346283
   -0.174532925   -2.443460953   56.883605966   -0.150698540   -2.083745137
    0.000000000   -2.443460953   55.663095304  -14.197741030   -4.871358626
    0.174532925   -2.443460953   51.897939732  -28.832743552   -7.470917003
    0.349065850   -2.443460953   45.780527028  -40.447705587   -9.937122322
    0.523598776   -2.443460953   38.220378101  -44.630891484  -12.165443874
    0.698131701   -2.443460953   30.840941581  -38.032579832  -13.891826284
    0.872664626   -2.443460953   25.596661814  -20.493558357  -14.788753871
    1.047197551   -2.443460953   24.097140396    3.874272449  -14.628280066
    1.221730476   -2.443460953   26.936937222   27.959068412  -13.405622839
    1.396263402   -2.443460953   33.424004624   44.700247653  -11.343705899
    1.570796327   -2.443460953   41.869943192   50.087293323   -8.779299824
    1.745329252   -2.443460953   50.250672925   44.299744037   -6.010083143
    1.919862177   -2.443460953   56.868493648   30.564830154   -3.190044332
    2.094395102   -2.443460953   60.699202350   13.017147117   -0.321976471
    2.268928028   -2.443460953   61.386931993   -4.999599384    2.671615367
    2.443460953   -2.443460953   59.052972390  -21.344855731    5.851369092
    2.617993878   -2.443460953   54.122478713  -34.521730385    9.191009514
    2.792526803   -2.443460953   47.276972358  -43.080158318   12.556344571
    2.967059728   -2.443460953   39.454571426  -45.524488879   15.722308924

   -3.141592654   -2.094395102   37.320590436  -37.099792850   12.759899695
   -2.967059728   -2.094395102   31.605837475  -27.579403762   13.812156915
   -2.792526803   -2.094395102   27.911176773  -14.456956388   14.439302827
   -2.617993878   -2.094395102   26.571086329   -1.178256682   14.739826072
   -2.443460953   -2.094395102   27.319990560    9.050702935   14.832500819
   -2.268928028   -2.094395102   29.450884225   14.546968510   14.800736667
   -2.094395102   -2.094395102   32.133436267   15.549799699   14.632724134
   -1.919862177   -2.094395102   34.715169426   13.743866287   14.202265619
   -1.745329252   -2.094395102   36.891047587   11.235694705   13.320483374
   -1.570796327   -2.094395102   38.695208931    9.694416801   11.825902069
   -1.396263402   -2.094395102   40.380707517    9.914326071    9.673115552
   -1.221730476   -2.094395102   42.252753004   11.727564907    6.962625462
   -1.047197551   -2.094395102   44.519105266   14.233029068    3.925055820
   -0.872664626   -2.094395102   47.191439795   16.137828444    0.858170706
   -0.698131701   -2.094395102   50.049256085   16.147378785   -1.947917550
   -0.523598776   -2.094395102   52.664007430   13.206374383   -4.287181983
   -0.349065850   -2.094395102   54.455055848    6.631979834   -6.102813174
   -0.174532925   -2.094395102   54.762043281   -3.769519495   -7.507134288
    0.000000000   -2.094395102   52.959645304  -17.322654190   -8.730785181
    0.174532925   -2.094395102   48.659163132  -31.888561164  -10.026160104
    0.349065850   -2.094395102   41.999077086  -43.592725909  -11.532303326
    0.523598776   -2.094395102   33.897271878  -47.610615460  -13.180785632
    0.698131701   -2.094395102   26.054688659  -40.236849162  -14.685057805
    0.872664626   -2.094395102   20.543625692  -21.239082286  -15.633423006
    1.047197551   -2.094395102   19.075316114    5.014571875  -15.663142803
    1.221730476   -2.094395102   22.280421685   30.958153561  -14.622763894
    1.396263402   -2.094395102   29.423613263   49.121713033  -12.624856392
    1.570796327   -2.094395102   38.721432347   55.323873329   -9.971757595
    1.745329252   -2.094395102   48.049584059   49.850533787   -7.011433774
    1.919862177   -2.094395102   55.644099820   36.181705884   -4.004350154
    2.094395102   -2.094395102   60.458770959   18.682598213   -1.075908743
    2.268928028   -2.094395102   62.144567363    0.778862319    1.746011183
    2.443460953   -2.094395102   60.830724270  -15.449597717    4.453351222
    2.617993878   -2.094395102   56.930947443  -28.646966747    7.001692124
    2.792526803   -2.094395102   51.090001273  -37.507574427    9.301796949
    2.967059728   -2.094395102   44.189717329  -40.612414499   11.250221120

   -3.141592654   -1.745329252   39.921030360  -36.170802778    6.786388572
   -2.967059728   -1.745329252   34.331063927  -27.053368712    6.904723663
   -2.792526803   -1.745329252   30.707526728  -14.145112588    6.854666886
   -2.617993878   -1.745329252   29.410307885   -0.996378091    6.698091467
   -2.443460953   -1.745329252   30.176556729    9.044944362    6.429971561
   -2.268928028   -1.745329252   32.274692128   14.126555694    5.969351571
   -2.094395102   -1.745329252   34.820856134   14.334899445    5.167161143
   -1.919862177   -1.745329252   37.089716134   11.307421660    3.851351221
   -1.745329252   -1.745329252   38.710562680    7.286944772    1.914339994
   -1.570796327   -1.745329252   39.693053918    4.272171758   -0.597760772
   -1.396263402   -1.745329252   40.333162222    3.467547010   -3.447318871
   -1.221730476   -1.745329252   41.045465062    5.040042152   -6.266595313
   -1.047197551   -1.745329252   42.189054025    8.207065584   -8.679305441
   -0.872664626   -1.745329252   43.926533176   11.559440153  -10.421948110
   -0.698131701   -1.745329252   46.146895378   13.464555572  -11.399314668
   -0.523598776   -1.745329252   48.461864116   12.419149656  -11.675313108
   -0.349065850   -1.745329252   50.250332733    7.283891513  -11.437682939
   -0.174532925   -1.745329252   50.741029749   -2.458757193  -10.963851893
    0.000000000   -1.745329252   49.159306278  -16.246848838  -10.579793688
    0.174532925   -1.745329252   44.970252554  -31.773767921  -10.596220847
    0.349065850   -1.745329252   38.219407918  -44.747105194  -11.200973092
    0.523598776   -1.745329252   29.820552133  -49.766445961  -12.355588653
    0.698131701   -1.745329252   21.569686142  -42.596589100  -13.752386910
    0.872664626   -1.745329252   15.704482408  -22.767195123  -14.887555317
    1.047197551   -1.745329252   14.108044909    5.177044324  -15.247021516
    1.221730476   -1.745329252   17.519780812   33.160171057  -14.520423215
    1.396263402   -1.745329252   25.211710992   53.119353242  -12.713452379
    1.570796327   -1.745329252   35.318476277   60.464663796  -10.112972145
    1.745329252   -1.745329252   45.590586651   55.410057614   -7.136803607
    1.919862177   -1.745329252   54.150787357   41.614370412   -4.161318146
    2.094395102   -1.745329252   59.880113462   23.697461152   -1.427938084
    2.268928028   -1.745329252   62.394767828    5.245869204    0.953583044
    2.443460953   -1.745329252   61.806681980  -11.618682014    2.944062524
    2.617993878   -1.745329252   58.513201211  -25.549216786    4.522297315
    2.792526803   -1.745329252   53.143988338  -35.208404612    5.672530931
    2.967059728   -1.745329252   46.578390239  -39.081632403    6.410150573

   -3.141592654   -1.396263402   40.456813615  -37.267419820    3.206804055
   -2.967059728   -1.396263402   34.668128247  -28.204164703    2.594938526
   -2.792526803   -1.396263402   30.850859613  -15.212725167    1.836247909
   -2.617993878   -1.396263402   29.369673789   -2.070832304    1.017828583
   -2.443460953   -1.396263402   29.927563866    7.670673372    0.140839888
   -2.268928028   -1.396263402   31.729557926   12.034882078   -0.903357175
   -2.094395102   -1.396263402   33.817373651   11.116757476   -2.320122931
   -1.919862177   -1.396263402   35.408142649    6.746836915   -4.328209713
   -1.745329252   -1.396263402   36.124302548    1.547948599   -7.022671894
   -1.570796327   -1.396263402   36.045127317   -2.010084511  -10.248005808
   -1.396263402   -1.396263402   35.611379637   -2.374794973  -13.575777947
   -1.221730476   -1.396263402   35.417830823    0.658345931  -16.430343216
   -1.047197551   -1.396263402   35.978113671    5.979967280  -18.301677592
   -0.872664626   -1.396263402   37.531701221   11.661862801  -18.925463292
   -0.698131701   -1.396263402   39.951424269   15.558182347  -18.339616519
   -0.523598776   -1.396263402   42.758771463   15.840013607  -16.822073624
   -0.349065850   -1.396263402   45.201789711   11.227500211  -14.782364024
   -0.174532925   -1.396263402   46.366656187    1.191851787  -12.669849171
    0.000000000   -1.396263402   45.341884068  -13.627360875  -10.909294673
    0.174532925   -1.396263402   41.478547545  -30.724040973   -9.836713155
    0.349065850   -1.396263402   34.757995342  -45.436039289   -9.614302404
    0.523598776   -1.396263402   26.109401003  -51.836569599  -10.154390834
    0.698131701   -1.396263402   17.438869374  -45.163031007  -11.103698395
    0.872664626   -1.396263402   11.167447296  -24.667254997  -11.935929932
    1.047197551   -1.396263402    9.374922520    4.951547444  -12.139294367
    1.221730476   -1.396263402   12.933737235   35.083833966  -11.419138847
    1.396263402   -1.396263402   21.138923387   56.986683365   -9.794601249
    1.570796327   -1.396263402   32.040467137   65.553915240   -7.548950846
    1.745329252   -1.396263402   43.243218731   60.838681596   -5.076602449
    1.919862177   -1.396263402   52.725209233   46.643810572   -2.715747079
    2.094395102   -1.396263402   59.262507978   27.871364480   -0.666662985
    2.268928028   -1.396263402   62.414267329    8.350936042    0.996089594
    2.443460953   -1.396263402   62.269520121   -9.644303284    2.258384825
    2.617993878   -1.396263402   59.223954837  -24.670962442    3.113148691
    2.792526803   -1.396263402   53.922401980  -35.279139731    3.544081762
    2.967059728   -1.396263402   47.281308049  -39.841550324    3.559809940

   -3.141592654   -1.047197551   39.220437721  -40.354592247    2.715773344
   -2.967059728   -1.047197551   32.892260540  -31.234479800    1.425920911
   -2.792526803   -1.047197551   28.578370374  -17.829787975   -0.227738182
   -2.617993878   -1.047197551   26.687186675   -4.156958059   -2.077048566
   -2.443460953   -1.047197551   26.915242096    5.920168512   -4.004645706
   -2.268928028   -1.047197551   28.407517517   10.140399349   -6.018143249
   -2.094395102   -1.047197551   30.108164594    8.480416255   -8.263905446
   -1.919862177   -1.047197551   31.139678493    2.933271114  -10.926482535
   -1.745329252   -1.047197551   31.085395143   -3.410013629  -14.052826241
   -1.570796327   -1.047197551   30.084670818   -7.452134270  -17.397074815
   -1.396263402   -1.047197551   28.739825364   -7.159717641  -20.419613167
   -1.221730476   -1.047197551   27.858025166   -2.264558203  -22.471293800
   -1.047197551   -1.047197551   28.132175438    5.700201052  -23.071329839
   -0.872664626   -1.047197551   29.879531149   14.113860760  -22.107010708
   -0.698131701   -1.047197551   32.928204302   20.171132486  -19.850203831
   -0.523598776   -1.047197551   36.661202941   21.651500885  -16.818593509
   -0.349065850   -1.047197551   40.144504089   17.158072874  -13.585128318
   -0.174532925   -1.047197551   42.281476746    6.245023669  -10.636057074
    0.000000000   -1.047197551   42.003753434  -10.227989831   -8.303145200
    0.174532925   -1.047197551   38.555022001  -29.407728879   -6.729194843
    0.349065850   -1.047197551   31.882647881  -46.143431533   -5.861977768
    0.523598776   -1.047197551   22.975898927  -53.945092099   -5.477888606
    0.698131701   -1.047197551   13.892878727  -47.588903928   -5.254726535
    0.872664626   -1.047197551    7.260615686  -26.198158549   -4.889320213
    1.047197551   -1.047197551    5.349308010    5.211237176   -4.208619528
    1.221730476   -1.047197551    9.134104141   37.385648240   -3.219638489
    1.396263402   -1.047197551   17.891970123   60.893774665   -2.061978819
    1.570796327   -1.047197551   29.553939073   70.195297791   -0.907838238
    1.745329252   -1.047197551   41.563822565   65.307246782    0.127001538
    1.919862177   -1.047197551   51.760570110   50.283725217    1.020723944
    2.094395102   -1.047197551   58.835876016   30.368577051    1.811307034
    2.268928028   -1.047197551   62.317782874    9.637707146    2.535737450
    2.443460953   -1.047197551   62.294467545   -9.526360214    3.176611649
    2.617993878   -1.047197551   59.172339227  -25.657142147    3.647476151
    2.792526803   -1.047197551   53.610867559  -37.245083838    3.806326270
    2.967059728   -1.047197551   46.557815206  -42.559191378    3.521147096

   -3.141592654   -0.698131701   39.116513511  -43.701133296    1.468507579
   -2.967059728   -0.698131701   32.124903320  -35.428321375   -0.285177615
   -2.792526803   -0.698131701   27.035661078  -22.438565184   -2.550776902
   -2.617993878   -0.698131701   24.335904540   -8.753611581   -5.109208068
   -2.443460953   -0.698131701   23.780020439    1.542881279   -7.755350010
   -2.268928028   -0.698131701   24.520418907    5.855180400  -10.399792628
   -2.094395102   -0.698131701   25.455789729    3.935405427  -13.093708389
   -1.919862177   -0.698131701   25.650047331   -2.129271161  -15.926178996
   -1.745329252   -0.698131701   24.677531949   -8.782560787  -18.851687564
   -1.570796327   -0.698131701   22.767876351  -12.314014882  -21.554344387
   -1.396263402   -0.698131701   20.704871609  -10.319793981  -23.483726752
   -1.221730476   -0.698131701   19.498971413   -2.686149964  -24.069842360
   -1.047197551   -0.698131701   19.971808168    8.391783695  -23.009728815
   -0.872664626   -0.698131701   22.432885265   19.460217545  -20.434506017
   -0.698131701   -0.698131701   26.570564753   27.086637140  -16.864421564
   -0.523598776   -0.698131701   31.554096686   28.851193558  -12.997644859
   -0.349065850   -0.698131701   36.236073017   23.536699163   -9.456266480
   -0.174532925   -0.698131701   39.360711776   11.099524942   -6.615939754
    0.000000000   -0.698131701   39.778044108   -7.117572625   -4.553956596
    0.174532925   -0.698131701   36.733956901  -27.808552324   -3.071755063
    0.349065850   -0.698131701   30.249976042  -45.468458597   -1.806965220
    0.523598776   -0.698131701   21.435974472  -53.441339488   -0.395291883
    0.698131701   -0.698131701   12.476417723  -46.606760853    1.351909391
    0.872664626   -0.698131701    6.083328367  -24.440957312    3.335248099
    1.047197551   -0.698131701    4.539389819    7.593892674    5.201867788
    1.221730476   -0.698131701    8.762657474   39.930796884    6.524931124
    1.396263402   -0.698131701   17.941574002   63.097428939    7.029525982
    1.570796327   -0.698131701   29.934921126   71.760981004    6.725740632
    1.745329252   -0.698131701   42.160715372   66.237625565    5.882199374
    1.919862177   -0.698131701   52.478650114   50.785413248    4.880543475
    2.094395102   -0.698131701   59.621761093   30.675143178    4.046127228
    2.268928028   -0.698131701   63.149358740    9.855406127    3.543181948
    2.443460953   -0.698131701   63.150660558   -9.490331643    3.352876438
    2.617993878   -0.698131701   60.000068973  -26.080706885    3.308807008
    2.792526803   -0.698131701   54.300345834  -38.461340470    3.146396050
    2.967059728   -0.698131701   46.945966985  -44.826150486    2.597721086

   -3.141592654   -0.349065850   39.386507819  -46.941976973    0.812145468
   -2.967059728   -0.349065850   31.713876875  -39.937956078   -1.077909463
   -2.792526803   -0.349065850   25.754901372  -27.800197776   -3.553414937
   -2.617993878   -0.349065850   22.085279273  -14.415629995   -6.374665182
   -2.443460953   -0.349065850   20.547142875   -4.002828210   -9.289044819
   -2.268928028   -0.349065850   20.340732927    0.547060320  -12.136603021
   -2.094395102   -0.349065850   20.364226952   -1.222273832  -14.867212508
   -1.919862177   -0.349065850   19.669058267   -7.136866997  -17.442610353
   -1.745329252   -0.349065850   17.861478113  -13.233207390  -19.699385095
   -1.570796327   -0.349065850   15.284989478  -15.330923383  -21.275469136
   -1.396263402   -0.349065850   12.896314848  -10.873832446  -21.700517954
   -1.221730476   -0.349065850   11.860496954   -0.132958262  -20.616894178
   -1.047197551   -0.349065850   13.044645931   13.888002824  -18.015019416
   -0.872664626   -0.349065850   16.653808688   26.898510027  -14.310171955
   -0.698131701   -0.349065850   22.154521771   35.005347376  -10.211200225
   -0.523598776   -0.349065850   28.459890971   35.875181867   -6.454574586
   -0.349065850   -0.349065850   34.221881073   28.797553930   -3.533689080
   -0.174532925   -0.349065850   38.093456140   14.419069529   -1.554577663
    0.000000000   -0.349065850   38.952818189   -5.246578685   -0.237597829
    0.174532925   -0.349065850   36.175941797  -26.440411252    0.975073419
    0.349065850   -0.349065850   29.965009085  -43.552556977    2.688809749
    0.523598776   -0.349065850   21.590552093  -50.262823273    5.279261058
    0.698131701   -0.349065850   13.303442794  -42.163785375    8.658650234
    0.872664626   -0.349065850    7.744603118  -19.523234394   12.222646377
    1.047197551   -0.349065850    7.011074885   11.739329260   15.070761173
    1.221730476   -0.349065850   11.806929903   42.205155438   16.414457054
    1.396263402   -0.349065850   21.182416140   63.072679662   15.944570488
    1.570796327   -0.349065850   32.993639969   69.819872293   13.944845685
    1.745329252   -0.349065850   44.778427702   63.300187617   11.113361731
    1.919862177   -0.349065850   54.570160210   47.844011943    8.228353946
    2.094395102   -0.349065850   61.252665192   28.414837445    5.864628493
    2.268928028   -0.349065850   64.465323444    8.505200335    4.269951899
    2.443460953   -0.349065850   64.298092109  -10.130614428    3.393358072
    2.617993878   -0.349065850   61.062358051  -26.526075925    2.977136074
    2.792526803   -0.349065850   55.255970614  -39.347057732    2.645066612
    2.967059728   -0.349065850   47.664239947  -46.730644026    2.017755016

   -3.141592654    0.000000000   39.825354916  -49.468264687   -0.035821165
   -2.967059728    0.000000000   31.595726304  -43.758354566   -1.515177308
   -2.792526803    0.000000000   24.876477731  -32.612050239   -3.484055141
   -2.617993878    0.000000000   20.315540172  -19.732768084   -5.772796900
   -2.443460953    0.000000000   17.837849195   -9.393304854   -8.186635243
   -2.268928028    0.000000000   16.704358233   -4.655681384  -10.578666909
   -2.094395102    0.000000000   15.849011182   -6.053586179  -12.842368549
   -1.919862177    0.000000000   14.364626249  -11.270453139  -14.829495802
   -1.745329252    0.000000000   11.940607666  -16.031178688  -16.273165497
   -1.570796327    0.000000000    9.054647629  -15.935337833  -16.794212517
   -1.396263402    0.000000000    6.805720439   -8.586908119  -16.037535453
   -1.221730476    0.000000000    6.432638529    5.115922277  -13.872132737
   -1.047197551    0.000000000    8.739721226   21.305898588  -10.544880593
   -0.872664626    0.000000000   13.728181912   35.008101205   -6.658800422
   -0.698131701    0.000000000   20.586483729   42.196038479   -2.973082453
   -0.523598776    0.000000000   27.979717361   41.021262316   -0.118949797
   -0.349065850    0.000000000   34.434904430   31.627439556    1.642693443
   -0.174532925    0.000000000   38.638736663   15.558833428    2.500503494
    0.000000000    0.000000000   39.641182033   -4.499071876    3.018132648
    0.174532925    0.000000000   37.071317634  -24.579907561    3.951067490
    0.349065850    0.000000000   31.371206006  -39.440721115    5.956263479
    0.523598776    0.000000000   23.935058717  -43.699328948    9.286778071
    0.698131701    0.000000000   16.941987460  -34.182115721   13.580871644
    0.872664626    0.000000000   12.759489163  -12.120583620   17.889262659
    1.047197551    0.000000000   13.108090338   16.417957862   21.018968116
    1.221730476    0.000000000   18.376767055   42.835280596   22.051403048
    1.396263402    0.000000000   27.502568113   59.709237125   20.743642697
    1.570796327    0.000000000   38.465343380   63.747688694   17.587668535
    1.745329252    0.000000000   49.085895616   56.338050282   13.527324837
    1.919862177    0.000000000   57.704683512   41.584509850    9.527366461
    2.094395102    0.000000000   63.428253809   23.773395646    6.254598290
    2.268928028    0.000000000   65.991183819    5.681006413    3.971697711
    2.443460953    0.000000000   65.467038503  -11.484071103    2.610902401
    2.617993878    0.000000000   62.076036195  -27.089027805    1.898477827
    2.792526803    0.000000000   56.182638092  -39.913645967    1.456928988
    2.967059728    0.000000000   48.434873784  -48.035674921    0.908258013

   -3.141592654    0.349065850   40.114785263  -50.954604006   -0.908589451
   -2.967059728    0.349065850   31.534610953  -46.269406468   -1.550494082
   -2.792526803    0.349065850   24.298870198  -35.959107040   -2.469560148
   -2.617993878    0.349065850   19.107784985  -23.537219809   -3.637048816
   -2.443460953    0.349065850   15.953895084  -13.283568203   -4.989577044
   -2.268928028    0.349065850   14.154695548   -8.354350216   -6.450357200
   -2.094395102    0.349065850   12.688750515   -9.301144652   -7.904862340
   -1.919862177    0.349065850   10.703410011  -13.682822692   -9.156050457
   -1.745329252    0.349065850    7.971513174  -17.042736756   -9.916710572
   -1.570796327    0.349065850    5.075368831  -14.956949271   -9.872648682
   -1.396263402    0.349065850    3.195644052   -5.326051310   -8.816095355
   -1.221730476    0.349065850    3.574063514   10.359693298   -6.776149917
   -1.047197551    0.349065850    6.905381677   27.599640310   -4.075189849
   -0.872664626    0.349065850   12.989707340   41.047613351   -1.244547546
   -0.698131701    0.349065850   20.791927579   46.802796290    1.166140811
   -0.523598776    0.349065850   28.815841376   43.603799830    2.807274877
   -0.349065850    0.349065850   35.554363727   32.393566778    3.683306396
   -0.174532925    0.349065850   39.799227641   15.467948015    4.157489441
    0.000000000    0.349065850   40.814220341   -4.008147761    4.838597608
    0.174532925    0.349065850   38.488698306  -22.062164467    6.378338225
    0.349065850    0.349065850   33.476252999  -34.019596864    9.201593092
    0.523598776    0.349065850   27.233003386  -35.607199251   13.259791138
    0.698131701    0.349065850   21.782134215  -24.965299929   17.917309221
    0.872664626    0.349065850   19.132768286   -4.210122536   22.076239250
    1.047197551    0.349065850   20.571679713   20.680080243   24.574706327
    1.221730476    0.349065850   26.164684873   42.221164743   24.679169735
    1.396263402    0.349065850   34.774172248   54.600557204   22.386017009
    1.570796327    0.349065850   44.568933463   55.821039011   18.375321300
    1.745329252    0.349065850   53.715028135   47.712530516   13.665946940
    1.919862177    0.349065850   60.898771200   33.996020088    9.193180299
    2.094395102    0.349065850   65.462378383   18.152395291    5.547980737
    2.268928028    0.349065850   67.232614298    2.192763006    2.931935921
    2.443460953    0.349065850   66.261662240  -13.204871841    1.268868832
    2.617993878    0.349065850   62.678480381  -27.698595417    0.333500245
    2.792526803    0.349065850   56.720607628  -40.168527323   -0.160511112
    2.967059728    0.349065850   48.903927823  -48.647867323   -0.497443365

   -3.141592654    0.698131701   40.555961898  -50.824853160   -2.331859914
   -2.967059728    0.698131701   31.945114646  -46.768868950   -2.184483439
   -2.792526803    0.698131701   24.559277458  -37.171659280   -2.009280238
   -2.617993878    0.698131701   19.099425958  -25.378896808   -1.936406163
   -2.443460953    0.698131701   15.581778777  -15.574175823   -2.074094878
   -2.268928028    0.698131701   13.361367425  -10.841926102   -2.468492639
   -2.094395102    0.698131701   11.468589483  -11.637324877   -3.058755635
   -1.919862177    0.698131701    9.121326019  -15.410859502   -3.664585238
   -1.745329252    0.698131701    6.177489324  -17.665615690   -4.035862378
   -1.570796327    0.698131701    3.297543178  -14.111106442   -3.946571306
   -1.396263402    0.698131701    1.699078399   -2.978656570   -3.297949338
   -1.221730476    0.698131701    2.592146339   13.806427759   -2.167019676
   -1.047197551    0.698131701    6.568258917   31.398348916   -0.781161332
   -0.872664626    0.698131701   13.284218513   44.355843095    0.576567750
   -0.698131701    0.698131701   21.575487715   49.031698086    1.686356909
   -0.523598776    0.698131701   29.884803030   44.685841332    2.492739020
   -0.349065850    0.698131701   36.746431104   32.855753610    3.157426215
   -0.174532925    0.698131701   41.088719269   16.312029183    4.024645066
    0.000000000    0.698131701   42.370036921   -1.613049416    5.525033528
    0.174532925    0.698131701   40.667524987  -17.217383413    8.018080855
    0.349065850    0.698131701   36.734223950  -26.560924192   11.595691015
    0.523598776    0.698131701   31.964514887  -26.424762106   15.927401013
    0.698131701    0.698131701   28.133967660  -15.962532381   20.242894830
    0.872664626    0.698131701   26.869820052    2.276728631   23.515646194
    1.047197551    0.698131701   29.078611419   22.798400575   24.841481442
    1.221730476    0.698131701   34.605653757   39.379418783   23.825551504
    1.396263402    0.698131701   42.340958852   47.678087901   20.740751061
    1.570796327    0.698131701   50.703837736   46.689912119   16.381026133
    1.745329252    0.698131701   58.214226535   38.413741256   11.698653098
    1.919862177    0.698131701   63.877214245   26.061469452    7.448594341
    2.094395102    0.698131701   67.235392798   12.333626067    4.023317274
    2.268928028    0.698131701   68.184719875   -1.423518724    1.488318261
    2.443460953    0.698131701   66.752280788  -14.952859785   -0.267528763
    2.617993878    0.698131701   62.988818347  -28.113668235   -1.401348260
    2.792526803    0.698131701   57.030648434  -39.850086654   -2.050306768
    2.967059728    0.698131701   49.288271392  -48.177287897   -2.327522976

   -3.141592654    1.047197551   39.130115681  -50.062006870   -5.954172243
   -2.967059728    1.047197551   30.718966659  -45.296474829   -5.396386732
   -2.792526803    1.047197551   23.619401270  -35.448212447   -4.465689090
   -2.617993878    1.047197551   18.443465202  -23.931871014   -3.421500430
   -2.443460953    1.047197551   15.122920655  -14.809163789   -2.524683191
   -2.268928028    1.047197551   12.966122035  -10.865639226   -1.937466329
   -2.094395102    1.047197551   11.015631919  -12.208520095   -1.659787997
   -1.919862177    1.047197551    8.554323613  -16.061834473   -1.551886782
   -1.745329252    1.047197551    5.525136855  -17.928406489   -1.436644657
   -1.570796327    1.047197551    2.653709990  -13.735564337   -1.210242506
   -1.396263402    1.047197551    1.175402322   -2.011007615   -0.891249403
   -1.221730476    1.047197551    2.270936186   15.098382618   -0.572311259
   -1.047197551    1.047197551    6.477962598   32.699000754   -0.325701506
   -0.872664626    1.047197551   13.405286487   45.454393620   -0.130809754
   -0.698131701    1.047197551   21.869871936   49.939853152    0.134477539
   -0.523598776    1.047197551   30.338811343   45.676715610    0.658564635
   -0.349065850    1.047197551   37.415725425   34.431127454    1.659211019
   -0.174532925    1.047197551   42.129177948   19.093284892    3.345102706
    0.000000000    1.047197551   44.041585731    2.905436540    5.870945678
    0.174532925    1.047197551   43.294696492  -10.809941361    9.254793936
    0.349065850    1.047197551   40.614758563  -18.757654620   13.269848878
    0.523598776    1.047197551   37.243873384  -18.459537951   17.383682752
    0.698131701    1.047197551   34.691906945   -9.583278162   20.822657947
    0.872664626    1.047197551   34.277826949    5.402599141   22.784412752
    1.047197551    1.047197551   36.674704636   21.774374588   22.746464871
    1.221730476    1.047197551   41.671271279   34.467830178   20.699060861
    1.396263402    1.047197551   48.298380601   40.161463105   17.142686897
    1.570796327    1.047197551   55.245622180   38.264161955   12.863938619
    1.745329252    1.047197551   61.314156368   30.505460270    8.611444310
    1.919862177    1.047197551   65.703351299   19.442859229    4.861512306
    2.094395102    1.047197551   68.032166157    7.138710643    1.770484586
    2.268928028    1.047197551   68.184717190   -5.403603304   -0.718999388
    2.443460953    1.047197551   66.144849513  -17.962520647   -2.719779140
    2.617993878    1.047197551   61.932032111  -30.248569985   -4.290633476
    2.792526803    1.047197551   55.679806894  -41.058339386   -5.400161475
    2.967059728    1.047197551   47.811881030  -48.373663746   -5.972917482

   -3.141592654    1.396263402   35.233940879  -50.605649087  -10.446947482
   -2.967059728    1.396263402   26.881485039  -44.099576425   -9.764286861
   -2.792526803    1.396263402   20.119842151  -32.865458337   -8.411641815
   -2.617993878    1.396263402   15.467253465  -20.645189430   -6.746413782
   -2.443460953    1.396263402   12.726669039  -11.560001972   -5.126648305
   -2.268928028    1.396263402   11.094919103   -8.148213254   -3.766408160
   -2.094395102    1.396263402    9.561565614  -10.134589565   -2.673743720
   -1.919862177    1.396263402    7.416438087  -14.480815971   -1.718756121
   -1.745329252    1.396263402    4.632229485  -16.692260514   -0.786179154
   -1.570796327    1.396263402    1.944724650  -12.892002713    0.104937654
   -1.396263402    1.396263402    0.566352150   -1.745802980    0.804650714
   -1.221730476    1.396263402    1.650173384   14.697108098    1.164754929
   -1.047197551    1.396263402    5.743904935   31.861238851    1.186415531
   -0.872664626    1.396263402   12.525453988   44.725522377    1.070302273
   -0.698131701    1.396263402   20.922597632   50.005751475    1.135241594
   -0.523598776    1.396263402   29.516756515   47.128695703    1.683245676
   -0.349065850    1.396263402   36.996008880   37.624426677    2.907984932
   -0.174532925    1.396263402   42.425573975   24.090060013    4.880394556
    0.000000000    1.396263402   45.350196448    9.431553413    7.558814907
    0.174532925    1.396263402   45.830351355   -3.427493323   10.770006836
    0.349065850    1.396263402   44.438010626  -11.601834206   14.157481684
    0.523598776    1.396263402   42.198859775  -12.873438792   17.173396221
    0.698131701    1.396263402   40.391366276   -6.806339192   19.179049025
    0.872664626    1.396263402   40.163643931    4.723580240   19.653142470
    1.047197551    1.396263402   42.152468920   17.899177398   18.417778478
    1.221730476    1.396263402   46.267445801   28.461730124   15.735417904
    1.396263402    1.396263402   51.762796544   33.425889661   12.192571608
    1.570796327    1.396263402   57.557707822   31.938596460    8.445348761
    1.745329252    1.396263402   62.600542812   25.106983247    4.968298572
    1.919862177    1.396263402   66.125082992   14.879234828    1.941135387
    2.094395102    1.396263402   67.700735001    2.996671217   -0.701567475
    2.268928028    1.396263402   67.137532688   -9.507104887   -3.117297065
    2.443460953    1.396263402   64.373392798  -22.147458848   -5.402170872
    2.617993878    1.396263402   59.436298741  -34.288660249   -7.502298893
    2.792526803    1.396263402   52.524790277  -44.465511491   -9.209879040
    2.967059728    1.396263402   44.158747237  -50.563876035  -10.258945912

   -3.141592654    1.745329252   30.124538988  -51.042801833  -14.869332359
   -2.967059728    1.745329252   21.889023693  -42.372003281  -14.705715014
   -2.792526803    1.745329252   15.578511117  -29.557499808  -13.581438510
   -2.617993878    1.745329252   11.577244635  -16.641291142  -11.780538299
   -2.443460953    1.745329252    9.535728972   -7.659141926   -9.644791576
   -2.268928028    1.745329252    8.542829455   -4.757204866   -7.420866162
   -2.094395102    1.745329252    7.555275202   -7.246133389   -5.179397558
   -1.919862177    1.745329252    5.883119756  -11.929110683   -2.872335715
   -1.745329252    1.745329252    3.517529435  -14.471519535   -0.489374422
   -1.570796327    1.745329252    1.171005203  -11.268501217    1.812927660
   -1.396263402    1.745329252    0.000000000   -1.037497519    3.725340814
   -1.221730476    1.745329252    1.124076985   14.476617479    4.956987897
   -1.047197551    1.745329252    5.131488082   31.200878730    5.430917495
   -0.872664626    1.745329252   11.819426502   44.455926525    5.359251989
   -0.698131701    1.745329252   20.263281127   50.919546651    5.142603106
   -0.523598776    1.745329252   29.153862494   49.640529064    5.183966990
   -0.349065850    1.745329252   37.211045121   41.690386570    5.738409820
   -0.174532925    1.745329252   43.457729209   29.294756210    6.873510306
    0.000000000    1.745329252   47.343592254   15.114800005    8.483795327
    0.174532925    1.745329252   48.798326846    1.899476375   10.312219262
    0.349065850    1.745329252   48.237270146   -7.564525383   11.966390508
    0.523598776    1.745329252   46.525982391  -10.978904648   12.981951508
    0.698131701    1.745329252   44.822841398   -7.529972072   12.961188276
    0.872664626    1.745329252   44.247323307    1.549922997   11.749910599
    1.047197551    1.745329252   45.523986432   13.086064530    9.539667306
    1.221730476    1.745329252   48.737480432   23.129807416    6.807037439
    1.396263402    1.745329252   53.329324284   28.523799497    4.095215340
    1.570796327    1.745329252   58.341120569   27.884979923    1.774395283
    1.745329252    1.745329252   62.741670975   21.734875052   -0.087309066
    1.919862177    1.745329252   65.699689492   11.659530555   -1.683176475
    2.094395102    1.745329252   66.684260181   -0.631989796   -3.316863586
    2.268928028    1.745329252   65.426545985  -13.852530439   -5.227913659
    2.443460953    1.745329252   61.845785552  -27.101091755   -7.480137422
    2.617993878    1.745329252   56.027182869  -39.301934792   -9.924048373
    2.792526803    1.745329252   48.294054717  -48.704248419  -12.228639727
    2.967059728    1.745329252   39.318851883  -53.171079534  -13.992778169

   -3.141592654    2.094395102   24.421709615  -52.612297653  -15.327379428
   -2.967059728    2.094395102   16.098182023  -41.819856105  -15.252360764
   -2.792526803    2.094395102   10.051625556  -27.169814172  -14.115493199
   -2.617993878    2.094395102    6.585114856  -13.012715115  -12.153306235
   -2.443460953    2.094395102    5.239066711   -3.406257125   -9.669896938
   -2.268928028    2.094395102    5.013540641   -0.251779520   -6.886472287
   -2.094395102    2.094395102    4.827513357   -2.562553263   -3.866837019
   -1.919862177    2.094395102    3.991404659   -7.036025965   -0.589046529
   -1.745329252    2.094395102    2.489687346   -9.517311591    2.885588298
   -1.570796327    2.094395102    0.982090310   -6.709922695    6.280334686
   -1.396263402    2.094395102    0.529621969    2.541019524    9.135380354
   -1.221730476    2.094395102    2.164551315   16.717601386   11.014693748
   -1.047197551    2.094395102    6.453266802   32.239015933   11.740692115
   -0.872664626    2.094395102   13.257481245   44.864477229   11.493327416
   -0.698131701    2.094395102   21.770500296   51.416209093   10.701929878
   -0.523598776    2.094395102   30.795799939   50.741188565    9.827347719
   -0.349065850    2.094395102   39.112880478   43.559162796    9.169594981
   -0.174532925    2.094395102   45.740241651   31.725089343    8.803822392
    0.000000000    2.094395102   50.064585210   17.601074452    8.599089819
    0.174532925    2.094395102   51.907405386    3.722652873    8.278414484
    0.349065850    2.094395102   51.549589386   -7.184722520    7.506742394
    0.523598776    2.094395102   49.733623011  -12.614837060    6.021213255
    0.698131701    2.094395102   47.560311275  -11.222270695    3.780520649
    0.872664626    2.094395102   46.203339102   -3.545210624    1.061048328
    1.047197551    2.094395102   46.550617810    7.742354713   -1.607383618
    1.221730476    2.094395102   48.895766619   18.683900796   -3.663739346
    1.396263402    2.094395102   52.839884290   25.589485210   -4.783515897
    1.570796327    2.094395102   57.465894795   26.317344224   -5.028893061
    1.745329252    2.094395102   61.660748661   20.797284600   -4.796716024
    1.919862177    2.094395102   64.442038298   10.427022688   -4.622008499
    2.094395102    2.094395102   65.130084038   -2.879697988   -4.960887014
    2.268928028    2.094395102   63.366614406  -17.403919578   -6.047838401
    2.443460953    2.094395102   59.063299040  -31.755374120   -7.858533474
    2.617993878    2.094395102   52.378021055  -44.436787410  -10.135002349
    2.792526803    2.094395102   43.767987767  -53.455992665  -12.449828094
    2.967059728    2.094395102   34.062192625  -56.650492268  -14.319839915

   -3.141592654    2.443460953   19.414069456  -54.163063334   -9.973110901
   -2.967059728    2.443460953   10.995157805  -41.346942447   -9.621376360
   -2.792526803    2.443460953    5.203677703  -24.772826019   -8.456551394
   -2.617993878    2.443460953    2.295652669   -9.091543290   -6.624631168
   -2.443460953    2.443460953    1.732460584    1.573003938   -4.308344728
   -2.268928028    2.443460953    2.444426859    5.479113092   -1.619910601
   -2.094395102    2.443460953    3.315662242    3.812498058    1.441884180
   -1.919862177    2.443460953    3.642850751   -0.112055729    4.913170042
   -1.745329252    2.443460953    3.374346945   -2.402388725    8.707804400
   -1.570796327    2.443460953    3.074456213   -0.135709838   12.494296137
   -1.396263402    2.443460953    3.657034480    7.679943565   15.728045827
   -1.221730476    2.443460953    6.013619902   19.773802002   17.853766416
   -1.047197551    2.443460953   10.644748858   33.141770238   18.556557098
   -0.872664626    2.443460953   17.452264557   44.114002224   17.899629647
   -0.698131701    2.443460953   25.746017434   49.783822744   16.259932072
   -0.523598776    2.443460953   34.458715305   48.868251429   14.125596643
   -0.349065850    2.443460953   42.452395503   41.735469692   11.878254902
   -0.174532925    2.443460953   48.760121672   29.837170818    9.683405175
    0.000000000    2.443460953   52.720775720   15.232929306    7.482756338
    0.174532925    2.443460953   54.070093154    0.346207911    5.067301659
    0.349065850    2.443460953   53.005090957  -11.946241919    2.212816748
    0.523598776    2.443460953   50.237581725  -18.689467138   -1.150531873
    0.698131701    2.443460953   46.935731741  -17.896889719   -4.802007853
    0.872664626    2.443460953   44.448424062   -9.585524707   -8.210320882
    1.047197551    2.443460953   43.892411349    3.622708925  -10.709673171
    1.221730476    2.443460953   45.745837929   17.225929677  -11.799307648
    1.396263402    2.443460953   49.661956055   26.625373335  -11.393235367
    1.570796327    2.443460953   54.618763159   28.866363636   -9.873356883
    1.745329252    2.443460953   59.292278237   23.511706818   -7.911641612
    1.919862177    2.443460953   62.471661230   12.112314483   -6.195327406
    2.094395102    2.443460953   63.307832983   -2.932575747   -5.202576635
    2.268928028    2.443460953   61.368886655  -19.338841705   -5.111746538
    2.443460953    2.443460953   56.586140620  -35.221156376   -5.830563417
    2.617993878    2.443460953   49.211508803  -48.723738204   -7.072029713
    2.792526803    2.443460953   39.845939715  -57.670123732   -8.438028823
    2.967059728    2.443460953   29.478434816  -59.884129283   -9.518109704

   -3.141592654    2.792526803   17.380821992  -54.189575655    0.258727272
   -2.967059728    2.792526803    9.044319971  -40.369860660    1.378047208
   -2.792526803    2.792526803    3.511944177  -22.797196874    2.777682735
   -2.617993878    2.792526803    1.030076872   -6.199305672    4.408678898
   -2.443460953    2.792526803    1.047791012    5.336710478    6.263028396
   -2.268928028    2.792526803    2.496597056   10.176579556    8.397233601
   -2.094395102    2.792526803    4.277650900    9.552160373   10.904979536
   -1.919862177    2.792526803    5.696575767    6.624514803   13.824289309
   -1.745329252    2.792526803    6.662694819    4.895579420   17.023747237
   -1.570796327    2.792526803    7.623098667    6.824970510   20.134960986
   -1.396263402    2.792526803    9.307956314   13.157378978   22.613533245
   -1.221730476    2.792526803   12.417640758   22.801570390   23.921942030
   -1.047197551    2.792526803   17.329678106   33.325481499   23.750850240
   -0.872664626    2.792526803   23.937292655   41.736347157   22.143354069
   -0.698131701    2.792526803   31.644250711   45.579847484   19.452990300
   -0.523598776    2.792526803   39.522055530   43.619159649   16.168426654
   -0.349065850    2.792526803   46.549365237   35.964595486   12.704538170
   -0.174532925    2.792526803   51.817360701   23.690413492    9.273747246
    0.000000000    2.792526803   54.663383824    8.570341969    5.863639389
    0.174532925    2.792526803   54.790426509   -7.019557643    2.309828155
    0.349065850    2.792526803   52.379363613  -19.956600469   -1.540975801
    0.523598776    2.792526803   48.191970390  -26.808293910   -5.648124019
    0.698131701    2.792526803   43.536318477  -25.070974223   -9.661131462
    0.872664626    2.792526803   39.971490701  -14.541055956  -12.960997283
    1.047197551    2.792526803   38.818156462    1.845008254  -14.898003133
    1.221730476    2.792526803   40.656765626   18.787252112  -15.105032257
    1.396263402    2.792526803   45.085748081   30.751194794  -13.690191269
    1.570796327    2.792526803   50.887437445   34.174671551  -11.196162125
    1.745329252    2.792526803   56.483518301   28.562889139   -8.350125207
    1.919862177    2.792526803   60.443064238   15.881916412   -5.780465856
    2.094395102    2.792526803   61.790072943   -0.866455318   -3.839631831
    2.268928028    2.792526803   60.067212040  -18.878678507   -2.586641132
    2.443460953    2.792526803   55.254536161  -35.937487707   -1.873843372
    2.617993878    2.792526803   47.693661646  -50.040420183   -1.458641900
    2.792526803    2.792526803   38.088838351  -59.008265946   -1.084921109
    2.967059728    2.792526803   27.524426194  -60.742251222   -0.552206150
