#! FIELDS phi psi file.free der_phi der_psi
#! SET min_phi -pi
#! SET max_phi pi
#! SET nbins_phi  36
#! SET periodic_phi true
#! SET min_psi -pi
#! SET max_psi pi
#! SET nbins_psi  18
#! SET periodic_psi true
   -3.141592654   -3.141592654   17.448081545  -52.547460247   18.181015832
   -2.967059728   -3.141592654    9.727910800  -35.368592758   20.229884813
   -2.792526803   -3.141592654    5.193878029  -16.810339241   21.419480243
   -2.617993878   -3.141592654    3.703221278   -1.082556448   21.876355276
   -2.443460953   -3.141592654    4.484541983    8.939077096   21.948553094
   -2.268928028   -3.141592654    6.465827122   12.808424717   22.114716589
   -2.094395102   -3.141592654    8.700405603   12.274513276   22.841350773
   -1.919862177   -3.141592654   10.670218366   10.294750289   24.433326619
   -1.745329252   -3.141592654   12.386381471    9.774411488   26.917367966
   -1.570796327   -3.141592654   14.292339742   12.677860647   29.984469225
   -1.396263402   -3.141592654   17.057501369   19.572812551   33.041987860
   -1.221730476   -3.141592654   21.320409704   29.537032749   35.363224568
   -1.047197551   -3.141592654   27.437381595   40.373921500   36.293984178
   -0.872664626   -3.141592654   35.308884619   49.132888685   35.415776845
   -0.698131701   -3.141592654   44.323224537   53.062349193   32.614769577
   -0.523598776   -3.141592654   53.459611499   50.338285593   28.049850991
   -0.349065850   -3.141592654   61.495019569   40.487243801   22.068875635
   -0.174532925   -3.141592654   67.236099875   24.255977760   15.149799565
    0.000000000   -3.141592654   69.721431558    3.615131506    7.852010187
    0.174532925   -3.141592654   68.437437166  -18.322358212    0.757754766
    0.349065850   -3.141592654   63.517612219  -37.259973012   -5.570893109
    0.523598776   -3.141592654   55.904630057  -48.374100032  -10.642587715
    0.698131701   -3.141592654   47.331848790  -47.811740605  -14.086255654
    0.872664626   -3.141592654   39.983431864  -34.477396009  -15.706301453
    1.047197551   -3.141592654   35.889904112  -11.338709139  -15.559463522
    1.221730476   -3.141592654   36.230391267   15.059390408  -13.985811547
    1.396263402   -3.141592654   40.880700576   36.814166427  -11.518264094
    1.570796327   -3.141592654   48.436504513   47.552221606   -8.703727190
    1.745329252   -3.141592654   56.677469459   44.586401155   -5.906429662
    1.919862177   -3.141592654   63.275367275   29.242888801   -3.233583771
    2.094395102   -3.141592654   66.414364134    5.827542022   -0.583135867
    2.268928028   -3.141592654   65.164525922  -20.114437220    2.219153885
    2.443460953   -3.141592654   59.557438255  -43.308505284    5.293846197
    2.617993878   -3.141592654   50.450153609  -59.693657944    8.632423501
    2.792526803   -3.141592654   39.270897175  -66.816315594   12.085066474
    2.967059728   -3.141592654   27.719388051  -64.025168302   15.376630137

   -3.141592654   -2.792526803   25.293982721  -48.354978754   26.287032068
   -2.967059728   -2.792526803   18.127596053  -33.232091142   28.050083001
   -2.792526803   -2.792526803   13.795865225  -16.562810750   28.729427360
   -2.617993878   -2.792526803   12.225707214   -2.108899171   28.616577019
   -2.443460953   -2.792526803   12.783795805    7.573766156   28.195025658
   -2.268928028   -2.792526803   14.571686254   12.117292862   28.005909678
   -2.094395102   -2.792526803   16.808283187   13.100017106   28.482516597
   -1.919862177   -2.792526803   19.090619473   13.085720972   29.813436749
   -1.745329252   -2.792526803   21.460011393   14.396055068   31.871605233
   -1.570796327   -2.792526803   24.278459080   18.331080862   34.209544605
   -1.396263402   -2.792526803   28.022749849   24.880846192   36.150082176
   -1.221730476   -2.792526803   33.060383237   32.845239134   36.947741374
   -1.047197551   -2.792526803   39.467196349   40.188933246   35.999002882
   -0.872664626   -2.792526803   46.928850896   44.542397588   33.006618269
   -0.698131701   -2.792526803   54.742097732   43.951647234   28.049322570
   -0.523598776   -2.792526803   61.936718288   37.375025821   21.534471895
   -0.349065850   -2.792526803   67.463515778   24.965215243   14.076143701
   -0.174532925   -2.792526803   70.392077932    7.857363779    6.377207076
    0.000000000   -2.792526803   70.068536346  -11.879986383   -0.863476703
    0.174532925   -2.792526803   66.277740207  -31.309577674   -7.040125584
    0.349065850   -2.792526803   59.398094216  -46.573762411  -11.691388753
    0.523598776   -2.792526803   50.525687530  -53.443590601  -14.553406078
    0.698131701   -2.792526803   41.437511214  -48.699880867  -15.590758567
    0.872664626   -2.792526803   34.253381189  -31.843845051  -14.995298272
    1.047197551   -2.792526803   30.846762664   -6.296337095  -13.166966212
    1.221730476   -2.792526803   32.182790654   21.231986339  -10.628544319
    1.396263402   -2.792526803   37.926744822   43.038563183   -7.868007059
    1.570796327   -2.792526803   46.528065807   53.277728498   -5.181382564
    1.745329252   -2.792526803   55.723707839   49.854547452   -2.586820064
    1.919862177   -2.792526803   63.232558851   34.506507046    0.114470734
    2.094395102   -2.792526803   67.329008603   11.603272537    3.188174751
    2.268928028   -2.792526803   67.155869601  -13.543621354    6.801275765
    2.443460953   -2.792526803   62.762329909  -36.032897568   10.924842658
    2.617993878   -2.792526803   54.957066892  -52.152820027   15.326243339
    2.792526803   -2.792526803   45.069388829  -59.694424980   19.632012930
    2.967059728   -2.792526803   34.671432484  -58.064809359   23.411488771

   -3.141592654   -2.443460953   34.219879695  -44.206689601   23.909766084
   -2.967059728   -2.443460953   27.599986993  -31.103862310   25.307316345
   -2.792526803   -2.443460953   23.485548008  -16.108738988   25.843133472
   -2.617993878   -2.443460953   21.899028855   -2.608799260   25.774981732
   -2.443460953   -2.443460953   22.353479705    7.038887571   25.459087673
   -2.268928028   -2.443460953   24.107498484   12.380875534   25.261515832
   -2.094395102   -2.443460953   26.498261213   14.642627974   25.447255650
   -1.919862177   -2.443460953   29.162191125   15.864026912   26.082865010
   -1.745329252   -2.443460953   32.081812822   17.776570799   26.992962505
   -1.570796327   -2.443460953   35.462883278   21.186402753   27.769551177
   -1.396263402   -2.443460953   39.558504645   25.824631456   27.865523620
   -1.221730476   -2.443460953   44.496761167   30.594359914   26.737949905
   -1.047197551   -2.443460953   50.167920565   33.948795246   24.023950652
   -0.872664626   -2.443460953   56.183661760   34.286968624   19.660491886
   -0.698131701   -2.443460953   61.906333752   30.449119684   13.915082379
   -0.523598776   -2.443460953   66.556849394   21.997027287    7.313370814
   -0.349065850   -2.443460953   69.355348017    9.368973317    0.507930333
   -0.174532925   -2.443460953   69.662010836   -6.325035472   -5.845551649
    0.000000000   -2.443460953   67.085250094  -23.328796100  -11.178215571
    0.174532925   -2.443460953   61.599476481  -39.180105733  -15.091873434
    0.349065850   -2.443460953   53.682002263  -50.582593718  -17.392094437
    0.523598776   -2.443460953   44.431978254  -53.831988523  -18.105708102
    0.698131701   -2.443460953   35.546242885  -46.114069937  -17.453854026
    0.872664626   -2.443460953   29.005980535  -27.202975727  -15.787152643
    1.047197551   -2.443460953   26.513295620   -0.618358127  -13.517486849
    1.221730476   -2.443460953   28.863328311   27.058417102  -11.026322511
    1.396263402   -2.443460953   35.594779428   48.482447315   -8.561086562
    1.570796327   -2.443460953   45.106614317   58.304283167   -6.170966843
    1.745329252   -2.443460953   55.169337288   54.849461883   -3.712478654
    1.919862177   -2.443460953   63.588663632   40.028903502   -0.953307240
    2.094395102   -2.443460953   68.728974136   18.080386548    2.295631994
    2.268928028   -2.443460953   69.778702157   -6.042852929    6.068813994
    2.443460953   -2.443460953   66.763336243  -27.840495661   10.210969398
    2.617993878   -2.443460953   60.403855210  -43.908940657   14.414931882
    2.792526803   -2.443460953   51.903652323  -52.181728638   18.310370487
    2.967059728   -2.443460953   42.701328739  -52.001015076   21.554573639

   -3.141592654   -2.094395102   40.739380425  -40.975993435   14.127239332
   -2.967059728   -2.094395102   34.565171170  -29.206941979   14.975255538
   -2.792526803   -2.094395102   30.682747798  -15.293755392   15.426686299
   -2.617993878   -2.094395102   29.171984153   -2.484095748   15.613539803
   -2.443460953   -2.094395102   29.622093239    6.938680565   15.650972372
   -2.268928028   -2.094395102   31.368583045   12.446157082   15.628557962
   -2.094395102   -2.094395102   33.798266162   15.020724929   15.585148065
   -1.919862177   -2.094395102   36.542551547   16.342367425   15.468898951
   -1.745329252   -2.094395102   39.513070153   17.758503576   15.115554712
   -1.570796327   -2.094395102   42.786076019   19.821494609   14.255848678
   -1.396263402   -2.094395102   46.461071850   22.245996506   12.588180206
   -1.221730476   -2.094395102   50.534814104   24.219987693    9.881783018
   -1.047197551   -2.094395102   54.840302644   24.726978603    6.094970358
   -0.872664626   -2.094395102   59.036279957   22.809455043    1.432314426
   -0.698131701   -2.094395102   62.636959933   17.837197187   -3.681487159
   -0.523598776   -2.094395102   65.087443081    9.645932980   -8.705783940
   -0.349065850   -2.094395102   65.851805379   -1.376378311  -13.119204468
   -0.174532925   -2.094395102   64.500893748  -14.428331188  -16.531191053
    0.000000000   -2.094395102   60.782831424  -28.257526012  -18.737917092
    0.174532925   -2.094395102   54.715919015  -40.949598625  -19.750739347
    0.349065850   -2.094395102   46.731212319  -49.686532102  -19.756782092
    0.523598776   -2.094395102   37.814291663  -51.045920465  -19.051101207
    0.698131701   -2.094395102   29.518955359  -42.255298476  -17.937022445
    0.872664626   -2.094395102   23.693110689  -22.963819895  -16.633138973
    1.047197551   -2.094395102   21.937756096    3.541665173  -15.238475939
    1.221730476   -2.094395102   24.992091966   30.966137983  -13.744796331
    1.396263402   -2.094395102   32.390237766   52.251890043  -12.065990296
    1.570796327   -2.094395102   42.572120651   62.277457608  -10.086747578
    1.745329252   -2.094395102   53.377022857   59.436505301   -7.706252133
    1.919862177   -2.094395102   62.674113072   45.518532895   -4.889650391
    2.094395102   -2.094395102   68.856213251   24.495319210   -1.697666667
    2.268928028   -2.094395102   71.089066776    1.020266338    1.706623111
    2.443460953   -2.094395102   69.329023162  -20.622729541    5.084893089
    2.617993878   -2.094395102   64.201819306  -37.104854695    8.178471042
    2.792526803   -2.094395102   56.815883990  -46.298722295   10.774448177
    2.967059728   -2.094395102   48.535301102  -47.381887511   12.759161172

   -3.141592654   -1.745329252   42.770432049  -39.753605372    5.051800598
   -2.967059728   -1.745329252   36.783376830  -28.254130247    5.478640864
   -2.792526803   -1.745329252   33.056069263  -14.464119939    5.858939650
   -2.617993878   -1.745329252   31.678096585   -1.812561365    6.163923180
   -2.443460953   -1.745329252   32.221471776    7.304861671    6.267987489
   -2.268928028   -1.745329252   33.990594193   12.304955549    6.006783516
   -2.094395102   -1.745329252   36.333344113   14.118621927    5.226798971
   -1.919862177   -1.745329252   38.830350318   14.349999605    3.811569836
   -1.745329252   -1.745329252   41.328886015   14.273577199    1.700171966
   -1.570796327   -1.745329252   43.835619769   14.483040301   -1.095712366
   -1.396263402   -1.745329252   46.404530926   14.921237654   -4.465396246
   -1.221730476   -1.745329252   49.044024935   15.206715805   -8.198161693
   -1.047197551   -1.745329252   51.683613926   14.825528466  -12.000314107
   -0.872664626   -1.745329252   54.159665323   13.219332060  -15.538176847
   -0.698131701   -1.745329252   56.208589264    9.853512161  -18.485711719
   -0.523598776   -1.745329252   57.484574428    4.312020086  -20.569792385
   -0.349065850   -1.745329252   57.590410876   -3.550389151  -21.614659870
   -0.174532925   -1.745329252   56.131184721  -13.558938625  -21.590359208
    0.000000000   -1.745329252   52.783158407  -25.041304558  -20.649455256
    0.174532925   -1.745329252   47.405461416  -36.460513724  -19.136495054
    0.349065850   -1.745329252   40.228715464  -45.099236652  -17.509972334
    0.523598776   -1.745329252   32.049379706  -47.302044865  -16.200249923
    0.698131701   -1.745329252   24.297505589  -39.794235963  -15.446069685
    0.872664626   -1.745329252   18.795017917  -21.651644416  -15.197992474
    1.047197551   -1.745329252   17.208572473    4.278694564  -15.155555548
    1.221730476   -1.745329252   20.396665138   31.875785416  -14.912873954
    1.396263402   -1.745329252   28.017897962   53.974304656  -14.118905312
    1.570796327   -1.745329252   38.600333773   65.163208382  -12.599697665
    1.745329252   -1.745329252   50.014243959   63.491688560  -10.386511751
    1.919862177   -1.745329252   60.102592690   50.451923752   -7.681771299
    2.094395102   -1.745329252   67.189421927   29.830785767   -4.781186971
    2.268928028   -1.745329252   70.350094854    6.220908294   -1.994535417
    2.443460953   -1.745329252   69.450713518  -16.035714822    0.421296029
    2.617993878   -1.745329252   65.045891867  -33.450788929    2.309338130
    2.792526803   -1.745329252   58.208459705  -43.663507257    3.637008425
    2.967059728   -1.745329252   50.310181864  -45.612310256    4.496982746

   -3.141592654   -1.396263402   41.878215163  -39.773590682    0.945532049
   -2.967059728   -1.396263402   35.910723197  -28.001422917    0.822891241
   -2.792526803   -1.396263402   32.249490338  -14.007826564    0.772598867
   -2.617993878   -1.396263402   30.942664883   -1.541274832    0.720065759
   -2.443460953   -1.396263402   31.477406157    6.837420673    0.461890711
   -2.268928028   -1.396263402   33.060030741   10.556013673   -0.271543054
   -2.094395102   -1.396263402   34.955147599   10.690063410   -1.748182222
   -1.919862177   -1.396263402   36.693184606    9.076663622   -4.155676154
   -1.745329252   -1.396263402   38.117656239    7.287923873   -7.520514880
   -1.570796327   -1.396263402   39.288582118    6.275409387  -11.643260958
   -1.396263402   -1.396263402   40.376892038    6.326494682  -16.096208807
   -1.221730476   -1.396263402   41.559211564    7.287423946  -20.313122820
   -1.047197551   -1.396263402   42.953883024    8.639365451  -23.734744047
   -0.872664626   -1.396263402   44.564183523    9.589234380  -25.939766862
   -0.698131701   -1.396263402   46.235876639    9.193059717  -26.710337856
   -0.523598776   -1.396263402   47.656659889    6.591161978  -26.031703717
   -0.349065850   -1.396263402   48.386272314    1.214820268  -24.074078798
   -0.174532925   -1.396263402   47.917868229   -7.131143812  -21.182647086
    0.000000000   -1.396263402   45.756471429  -18.080296798  -17.862243930
    0.174532925   -1.396263402   41.547010459  -30.249353778  -14.715581313
    0.349065850   -1.396263402   35.302050426  -40.796045123  -12.302007500
    0.523598776   -1.396263402   27.654170420  -45.570166268  -10.963536561
    0.698131701   -1.396263402   19.983289578  -40.515535232  -10.696788035
    0.872664626   -1.396263402   14.202665229  -23.921399146  -11.152189218
    1.047197551   -1.396263402   12.184302588    1.825379949  -11.776268822
    1.221730476   -1.396263402   15.028771964   30.569962743  -12.029292234
    1.396263402   -1.396263402   22.588800050   54.648200871  -11.560320430
    1.570796327   -1.396263402   33.476497430   67.938609796  -10.286619432
    1.745329252   -1.396263402   45.525063969   67.853009845   -8.362535521
    1.919862177   -1.396263402   56.450960308   55.519874445   -6.087966093
    2.094395102   -1.396263402   64.416949464   34.688682948   -3.804174627
    2.268928028   -1.396263402   68.354143298   10.166093280   -1.809859580
    2.443460953   -1.396263402   68.034634767  -13.363551095   -0.306582265
    2.617993878   -1.396263402   63.982542450  -32.051662588    0.627917441
    2.792526803   -1.396263402   57.299122521  -43.226534475    1.038172542
    2.967059728   -1.396263402   49.429319056  -45.651602246    1.078211444

   -3.141592654   -1.047197551   39.119344876  -41.782379600    2.487566793
   -2.967059728   -1.047197551   32.854563627  -29.367043436    1.316021745
   -2.792526803   -1.047197551   29.018355531  -14.673609238    0.095397767
   -2.617993878   -1.047197551   27.635253828   -1.836944727   -1.138267099
   -2.443460953   -1.047197551   28.106492250    6.283730699   -2.479074209
   -2.268928028   -1.047197551   29.514294050    8.980348544   -4.137021556
   -2.094395102   -1.047197551   30.993962047    7.414633788   -6.386281444
   -1.919862177   -1.047197551   31.983180954    3.752081413   -9.447097460
   -1.745329252   -1.047197551   32.310124587    0.122096509  -13.334967397
   -1.570796327   -1.047197551   32.128289591   -1.865119899  -17.740696448
   -1.396263402   -1.047197551   31.808979261   -1.406784962  -22.048635720
   -1.221730476   -1.047197551   31.789398428    1.483831742  -25.507129662
   -1.047197551   -1.047197551   32.430822226    5.959606901  -27.481683807
   -0.872664626   -1.047197551   33.891549842   10.579845690  -27.642734472
   -0.698131701   -1.047197551   36.049113537   13.682250953  -26.018381867
   -0.523598776   -1.047197551   38.507720752   13.826131969  -22.928292747
   -0.349065850   -1.047197551   40.657182215   10.032805318  -18.879682548
   -0.174532925   -1.047197551   41.764638232    1.861151575  -14.478976727
    0.000000000   -1.047197551   41.080668038  -10.381897419  -10.352958571
    0.174532925   -1.047197551   38.007877466  -25.096289173   -7.034934469
    0.349065850   -1.047197551   32.384891317  -38.872341475   -4.837092754
    0.523598776   -1.047197551   24.796228362  -46.720304075   -3.763086651
    0.698131701   -1.047197551   16.725731995  -43.730728680   -3.527626151
    0.872664626   -1.047197551   10.315027256  -27.668030584   -3.689215660
    1.047197551   -1.047197551    7.710833554   -0.934083045   -3.825461255
    1.221730476   -1.047197551   10.239597916   29.806976267   -3.659771770
    1.396263402   -1.047197551   17.865023169   56.127331580   -3.086596035
    1.570796327   -1.047197551   29.178041650   71.201766657   -2.129724696
    1.745329252   -1.047197551   41.889588558   72.014565361   -0.886765347
    1.919862177   -1.047197551   53.548095241   59.591811660    0.507391106
    2.094395102   -1.047197551   62.155767858   37.856171972    1.891304465
    2.268928028   -1.047197551   66.528476483   11.939135021    3.088746004
    2.443460953   -1.047197551   66.384506815  -13.110892471    3.932120597
    2.617993878   -1.047197551   62.255763486  -33.129150835    4.297106218
    2.792526803   -1.047197551   55.299330087  -45.189732857    4.130614580
    2.967059728   -1.047197551   47.051911250  -47.927721174    3.483877217

   -3.141592654   -0.698131701   38.623703574  -45.790327535    2.541139988
   -2.967059728   -0.698131701   31.649862719  -33.417031409    0.346289305
   -2.792526803   -0.698131701   27.127547028  -18.452309562   -1.924500633
   -2.617993878   -0.698131701   25.113593252   -5.308680297   -4.135658185
   -2.443460953   -0.698131701   24.986821798    2.832047232   -6.290637810
   -2.268928028   -0.698131701   25.755076060    5.003827507   -8.545078975
   -2.094395102   -0.698131701   26.451770462    2.341719466  -11.148854929
   -1.919862177   -0.698131701   26.437825293   -2.664961460  -14.292337295
   -1.745329252   -0.698131701   25.551838131   -7.225750941  -17.921876529
   -1.570796327   -0.698131701   24.084957745   -9.000686521  -21.617059432
   -1.396263402   -0.698131701   22.651325317   -6.769544325  -24.660700017
   -1.221730476   -0.698131701   21.956350533   -0.705329886  -26.284527280
   -1.047197551   -0.698131701   22.550944632    7.655854327  -25.987017626
   -0.872664626   -0.698131701   24.639854460   15.978597536  -23.724675370
   -0.698131701   -0.698131701   27.999733038   21.855859242  -19.902477687
   -0.523598776   -0.698131701   32.031456682   23.432666459  -15.204315731
   -0.349065850   -0.698131701   35.876183618   19.611360804  -10.379483710
   -0.174532925   -0.698131701   38.553606847   10.063457137   -6.076277722
    0.000000000   -0.698131701   39.104418254   -4.564068487   -2.731038804
    0.174532925   -0.698131701   36.801525937  -22.107649218   -0.474792614
    0.349065850   -0.698131701   31.468479460  -38.435847041    0.880869292
    0.523598776   -0.698131701   23.798496795  -47.905113361    1.754642178
    0.698131701   -0.698131701   15.471268592  -45.296391387    2.593804765
    0.872664626   -0.698131701    8.837005344  -28.536229412    3.655028638
    1.047197551   -0.698131701    6.188790570   -0.539942310    4.906278519
    1.221730476   -0.698131701    8.900540285   31.459282850    6.111965537
    1.396263402   -0.698131701   16.898482378   58.656544407    7.024953319
    1.570796327   -0.698131701   28.694048319   74.116021476    7.545480653
    1.745329252   -0.698131701   41.916186501   74.886421118    7.744763684
    1.919862177   -0.698131701   54.047425196   62.089687552    7.777132285
    2.094395102   -0.698131701   63.038050261   39.703463634    7.757734219
    2.268928028   -0.698131701   67.657675117   12.884713815    7.690056346
    2.443460953   -0.698131701   67.583154897  -13.283734714    7.470628623
    2.617993878   -0.698131701   63.316648893  -34.547551250    6.941712193
    2.792526803   -0.698131701   56.007229687  -47.791556627    5.957633241
    2.967059728   -0.698131701   47.220575715  -51.448309446    4.468147810

   -3.141592654   -0.349065850   39.208594524  -51.186461693    2.913739085
   -2.967059728   -0.349065850   31.255004470  -39.152310777   -0.005571836
   -2.792526803   -0.349065850   25.738786749  -24.030339601   -2.983229992
   -2.617993878   -0.349065850   22.786853922  -10.460185755   -5.818476027
   -2.443460953   -0.349065850   21.794383859   -1.976090102   -8.449199504
   -2.268928028   -0.349065850   21.725971393    0.147917712  -10.977082349
   -2.094395102   -0.349065850   21.537869641   -2.992732090  -13.592629696
   -1.919862177   -0.349065850   20.540776763   -8.560232548  -16.400429684
   -1.745329252   -0.349065850   18.614727920  -13.083261768  -19.236156525
   -1.570796327   -0.349065850   16.216724614  -13.562196436  -21.591688234
   -1.396263402   -0.349065850   14.208535426   -8.554346301  -22.762681998
   -1.221730476   -0.349065850   13.525577214    1.320805205  -22.150497603
   -1.047197551   -0.349065850   14.819845721   13.568895906  -19.579437638
   -0.872664626   -0.349065850   18.216898753   24.823117344  -15.412348454
   -0.698131701   -0.349065850   23.261337604   32.007602018  -10.422491697
   -0.523598776   -0.349065850   29.050433885   33.133156390   -5.507911418
   -0.349065850   -0.349065850   34.439383187   27.404333257   -1.398869666
   -0.174532925   -0.349065850   38.242976896   15.082979808    1.518444576
    0.000000000   -0.349065850   39.415761465   -2.403056285    3.262902355
    0.174532925   -0.349065850   37.288144746  -22.076892458    4.240547720
    0.349065850   -0.349065850   31.871001205  -39.180324226    5.093478681
    0.523598776   -0.349065850   24.114862262  -47.936122983    6.447000673
    0.698131701   -0.349065850   15.923444826  -43.635218934    8.615142204
    0.872664626   -0.349065850    9.738312465  -25.143364851   11.418276697
    1.047197551   -0.349065850    7.777904444    3.751924125   14.258063963
    1.221730476   -0.349065850   11.231402906   35.472968302   16.427564865
    1.396263402   -0.349065850   19.836736976   61.500968033   17.458804957
    1.570796327   -0.349065850   32.002796894   75.525380415   17.309032758
    1.745329252   -0.349065850   45.363787522   75.146962601   16.294996506
    1.919862177   -0.349065850   57.475890233   61.694471963   14.873372849
    2.094395102   -0.349065850   66.367808645   39.005221876   13.414654588
    2.268928028   -0.349065850   70.844626508   11.931234065   12.078064814
    2.443460953   -0.349065850   70.564992898  -14.730880497   10.812935639
    2.617993878   -0.349065850   65.976640531  -36.857483771    9.433578493
    2.792526803   -0.349065850   58.168738881  -51.223954568    7.720453515
    2.967059728   -0.349065850   48.681664175  -56.009750223    5.541651794

   -3.141592654    0.000000000   40.397651583  -56.693512743    2.191994396
   -2.967059728    0.000000000   31.448409162  -44.970920088   -0.609896229
   -2.792526803    0.000000000   24.920758299  -29.728048918   -3.344235739
   -2.617993878    0.000000000   21.006513622  -15.762544019   -5.851226589
   -2.443460953    0.000000000   19.123298090   -6.904061170   -8.102141642
   -2.268928028    0.000000000   18.209207029   -4.660934484  -10.205610641
   -2.094395102    0.000000000   17.174633095   -7.890691269  -12.310331188
   -1.919862177    0.000000000   15.325019665  -13.344750881  -14.431408994
   -1.745329252    0.000000000   12.630202211  -16.910848568  -16.307091781
   -1.570796327    0.000000000    9.741535884  -15.121136333  -17.393843351
   -1.396263402    0.000000000    7.751107089   -6.627726528  -17.076432276
   -1.221730476    0.000000000    7.747619784    7.156833353  -14.984537024
   -1.047197551    0.000000000   10.355337817   22.558883761  -11.258654245
   -0.872664626    0.000000000   15.472810352   35.197137661   -6.567563557
   -0.698131701    0.000000000   22.293833148   41.638249182   -1.869316962
   -0.523598776    0.000000000   29.568725620   40.301973311    1.953768778
   -0.349065850    0.000000000   35.927635599   31.303147608    4.409428740
   -0.174532925    0.000000000   40.138803410   15.974304445    5.514303758
    0.000000000    0.000000000   41.287705708   -3.304804013    5.746331386
    0.174532925    0.000000000   38.973869025  -22.993464479    5.888995596
    0.349065850    0.000000000   33.528262271  -38.340225881    6.762476104
    0.523598776    0.000000000   26.159340149  -44.264828739    8.917327863
    0.698131701    0.000000000   18.855743355  -37.287613150   12.370150783
    0.872664626    0.000000000   13.919364036  -17.504270915   16.527127846
    1.047197551    0.000000000   13.259785799   10.679475478   20.402321227
    1.221730476    0.000000000   17.729861935   39.980631901   23.045371758
    1.396263402    0.000000000   26.849257995   62.863789745   23.931121423
    1.570796327    0.000000000   38.997972257   74.101124993   23.115414062
    1.745329252    0.000000000   51.939572219   71.965162402   21.096615208
    1.919862177    0.000000000   63.424954208   57.864647400   18.523333447
    2.094395102    0.000000000   71.649960477   35.277329868   15.923450163
    2.268928028    0.000000000   75.506631093    8.555592686   13.562230612
    2.443460953    0.000000000   74.657606093  -17.932283920   11.448503815
    2.617993878    0.000000000   69.497397119  -40.292918521    9.422855515
    2.792526803    0.000000000   61.041169227  -55.269651650    7.273537095
    2.967059728    0.000000000   50.778115810  -60.840610742    4.862349007

   -3.141592654    0.349065850   41.527410074  -61.529714802    1.135683370
   -2.967059728    0.349065850   31.719910993  -49.899310592   -0.622800729
   -2.792526803    0.349065850   24.349119627  -34.394133796   -2.184756800
   -2.617993878    0.349065850   19.662627140  -19.916002288   -3.538335865
   -2.443460953    0.349065850   17.101359767  -10.533849861   -4.748142308
   -2.268928028    0.349065850   15.586584777   -7.945801328   -5.937413177
   -2.094395102    0.349065850   13.997485811  -10.955702514   -7.203448306
   -1.919862177    0.349065850   11.644714771  -15.962925267   -8.498145054
   -1.745329252    0.349065850    8.580646241  -18.363477404   -9.555779980
   -1.570796327    0.349065850    5.611177291  -14.432037820   -9.937758918
   -1.396263402    0.349065850    3.983286229   -3.094962903   -9.229522661
   -1.221730476    0.349065850    4.843051238   13.410059826   -7.280324124
   -1.047197551    0.349065850    8.704671790   30.414454837   -4.359102450
   -0.872664626    0.349065850   15.205655007   42.878258449   -1.090474633
   -0.698131701    0.349065850   23.224073709   47.424436659    1.801224135
   -0.523598776    0.349065850   31.264706474   43.206991177    3.804728613
   -0.349065850    0.349065850   37.876486864   31.393152123    4.835785261
   -0.174532925    0.349065850   41.930040846   14.315485598    5.239511289
    0.000000000    0.349065850   42.760437654   -4.975392423    5.648351674
    0.174532925    0.349065850   40.292416522  -22.796598523    6.766040289
    0.349065850    0.349065850   35.153935423  -34.864057970    9.112951997
    0.523598776    0.349065850   28.713713927  -37.164335201   12.807669189
    0.698131701    0.349065850   22.900846276  -27.601757710   17.447313541
    0.872664626    0.349065850   19.729762017   -7.386056544   22.167051713
    1.047197551    0.349065850   20.693288700   18.787158520   25.930556184
    1.221730476    0.349065850   26.265688986   44.315448985   27.926867220
    1.396263402    0.349065850   35.767976435   62.959675102   27.852365231
    1.570796327    0.349065850   47.612379871   70.728095807   25.959173458
    1.745329252    0.349065850   59.765972966   66.570888212   22.860424552
    1.919862177    0.349065850   70.240531305   51.889206606   19.250792499
    2.094395102    0.349065850   77.446731530   29.687110967   15.681512047
    2.268928028    0.349065850   80.392325412    3.718934107   12.460354838
    2.443460953    0.349065850   78.758527887  -22.138026953    9.670794757
    2.617993878    0.349065850   72.892650221  -44.253095163    7.248296352
    2.792526803    0.349065850   63.737297194  -59.375688333    5.069949245
    2.967059728    0.349065850   52.724300385  -65.318188681    3.040783833

   -3.141592654    0.698131701   42.900795077  -64.054563369   -0.432031336
   -2.967059728    0.698131701   32.649547045  -52.438666235   -0.854227544
   -2.792526803    0.698131701   24.838365807  -36.876156950   -0.987183707
   -2.617993878    0.698131701   19.728606815  -22.269559578   -0.970259332
   -2.443460953    0.698131701   16.767977449  -12.755018779   -0.953823888
   -2.268928028    0.698131701   14.874296746  -10.065856025   -1.070388281
   -2.094395102    0.698131701   12.926143782  -12.925386606   -1.388226109
   -1.919862177    0.698131701   10.259326689  -17.525130675   -1.866624939
   -1.745329252    0.698131701    6.991398968  -19.041452163   -2.350207130
   -1.570796327    0.698131701    4.017847867  -13.731248622   -2.616315893
   -1.396263402    0.698131701    2.649698001   -0.828219859   -2.484571397
   -1.221730476    0.698131701    4.018708667   16.865092599   -1.917307988
   -1.047197551    0.698131701    8.524076303   34.156020864   -1.053844389
   -0.872664626    0.698131701   15.624006676   45.834144410   -0.135503208
   -0.698131701    0.698131701   24.033123074   48.872705933    0.644460525
   -0.523598776    0.698131701   32.189496221   43.155558504    1.277360036
   -0.349065850    0.698131701   38.713895863   30.624432894    1.991803906
   -0.174532925    0.698131701   42.664299409   14.136662772    3.172159898
    0.000000000    0.698131701   43.618129388   -3.164710164    5.218409995
    0.174532925    0.698131701   41.718308826  -17.981136298    8.392429039
    0.349065850    0.698131701   37.706805117  -26.817316326   12.676552558
    0.523598776    0.698131701   32.902859640  -26.687941180   17.697192156
    0.698131701    0.698131701   29.007414843  -16.468612436   22.745329403
    0.872664626    0.698131701   27.673686916    2.153831961   26.924216094
    1.047197551    0.698131701   30.014450805   24.772413464   29.430134666
    1.221730476    0.698131701   36.239369373   45.748455053   29.834901601
    1.396263402    0.698131701   45.602968663   60.076257085   28.205396468
    1.570796327    0.698131701   56.650174685   64.729213665   25.026934495
    1.745329252    0.698131701   67.601875548   59.066917178   20.971654991
    1.919862177    0.698131701   76.744600212   44.339201481   16.673637180
    2.094395102    0.698131701   82.704043375   23.059445165   12.591700600
    2.268928028    0.698131701   84.606231612   -1.589308999    8.986400133
    2.443460953    0.698131701   82.157963121  -26.204466966    5.964772428
    2.617993878    0.698131701   75.666258371  -47.427746338    3.543421305
    2.792526803    0.698131701   66.004099652  -62.063494148    1.698276492
    2.967059728    0.698131701   54.537859343  -67.836202689    0.389428289

   -3.141592654    1.047197551   41.583889483  -63.877755319   -5.068226172
   -2.967059728    1.047197551   31.453184087  -51.291684484   -4.185379500
   -2.792526803    1.047197551   23.892666534  -35.228539216   -3.001178524
   -2.617993878    1.047197551   19.077548169  -20.611126273   -1.782992340
   -2.443460953    1.047197551   16.377338353  -11.473793346   -0.730314626
   -2.268928028    1.047197551   14.659015010   -9.348568183    0.052340248
   -2.094395102    1.047197551   12.786806692  -12.751153382    0.551643741
   -1.919862177    1.047197551   10.113614143  -17.740419723    0.805138140
   -1.745329252    1.047197551    6.787623715  -19.464161360    0.843296106
   -1.570796327    1.047197551    3.730793896  -14.256158722    0.658213716
   -1.396263402    1.047197551    2.262597214   -1.464929355    0.216028446
   -1.221730476    1.047197551    3.505253685   16.033759388   -0.480106112
   -1.047197551    1.047197551    7.845041115   33.087760037   -1.321922195
   -0.872664626    1.047197551   14.745822357   44.660921482   -2.069571078
   -0.698131701    1.047197551   22.969030261   48.006189176   -2.380897321
   -0.523598776    1.047197551   31.048844310   43.277945260   -1.888494610
   -0.349065850    1.047197551   37.739532211   32.536521212   -0.284475787
   -0.174532925    1.047197551   42.231220441   18.510719045    2.593950789
    0.000000000    1.047197551   44.187255496    3.948946181    6.709758308
    0.174532925    1.047197551   43.749316649   -8.454565288   11.794531001
    0.349065850    1.047197551   41.543171768  -15.882296417   17.334616279
    0.523598776    1.047197551   38.658671257  -15.924435825   22.613594432
    0.698131701    1.047197551   36.492840716   -7.714248322   26.827985398
    0.872664626    1.047197551   36.393533858    7.333921000   29.273678776
    1.047197551    1.047197551   39.262351494   25.600431325   29.565249160
    1.221730476    1.047197551   45.261450680   42.450708059   27.762369276
    1.396263402    1.047197551   53.762013220   53.704819193   24.310783901
    1.570796327    1.047197551   63.529981541   56.668327013   19.854044467
    1.745329252    1.047197551   73.020721464   50.559400883   15.006370204
    1.919862177    1.047197551   80.704202981   36.223644471   10.230032333
    2.094395102    1.047197551   85.315786113   15.775889575    5.819860385
    2.268928028    1.047197551   86.034188417   -7.849404050    1.968759324
    2.443460953    1.047197551   82.590100920  -31.335610234   -1.175063993
    2.617993878    1.047197551   75.309003849  -51.314438554   -3.487821182
    2.792526803    1.047197551   65.084963307  -64.585136891   -4.886995422
    2.967059728    1.047197551   53.299925978  -68.942875796   -5.377072061

   -3.141592654    1.396263402   36.665145223  -62.330980414  -10.436896803
   -2.967059728    1.396263402   26.948151133  -48.188402626   -8.778261879
   -2.792526803    1.396263402   20.018475189  -31.215635308   -6.832587605
   -2.617993878    1.396263402   15.933683973  -16.355011600   -4.932305326
   -2.443460953    1.396263402   13.956023211   -7.521753580   -3.264752581
   -2.268928028    1.396263402   12.875381711   -6.029345716   -1.853586126
   -2.094395102    1.396263402   11.515740281  -10.212109238   -0.620703396
   -1.919862177    1.396263402    9.210673633  -16.086039819    0.490246359
   -1.745329252    1.396263402    6.083436065  -18.888799854    1.406482165
   -1.570796327    1.396263402    3.013472907  -15.031463584    1.923102181
   -1.396263402    1.396263402    1.280665277   -3.727397081    1.826818296
   -1.221730476    1.396263402    2.016112591   12.567013176    1.087185903
   -1.047197551    1.396263402    5.704250274   29.263039499   -0.018726083
   -0.872664626    1.396263402   11.996955024   41.742364933   -0.948335971
   -0.698131701    1.396263402   19.888276415   47.324770616   -1.078252019
   -0.523598776    1.396263402   28.120479994   45.826581593    0.070396918
   -0.349065850    1.396263402   35.570978600   38.694732356    2.687708481
   -0.174532925    1.396263402   41.432679928   27.931220073    6.647795412
    0.000000000    1.396263402   45.246438142   15.592998595   11.557285085
    0.174532925    1.396263402   46.922120011    3.817450065   16.825373754
    0.349065850    1.396263402   46.775645250   -4.879657360   21.724354519
    0.523598776    1.396263402   45.564833267   -8.016591416   25.485252159
    0.698131701    1.396263402   44.408848909   -4.190389373   27.449033593
    0.872664626    1.396263402   44.509718762    6.138834837   27.250278251
    1.047197551    1.396263402   46.804287595   20.411443747   24.957224227
    1.221730476    1.396263402   51.651804407   34.705444141   21.054478543
    1.396263402    1.396263402   58.691982875   44.941637276   16.245613398
    1.570796327    1.396263402   66.924905257   47.957965301   11.197357078
    1.745329252    1.396263402   74.935497928   42.328126781    6.350468087
    1.919862177    1.396263402   81.224453125   28.450294327    1.903997637
    2.094395102    1.396263402   84.511651628    8.374416289   -2.087961652
    2.268928028    1.396263402   83.977352933  -14.751077418   -5.573439053
    2.443460953    1.396263402   79.399652084  -37.332825055   -8.427780600
    2.617993878    1.396263402   71.189910207  -55.851259000  -10.459610255
    2.792526803    1.396263402   60.336013328  -67.188010740  -11.484352276
    2.967059728    1.396263402   48.281685247  -69.397377088  -11.438227498

   -3.141592654    1.745329252   30.491763684  -59.440782584  -16.880167889
   -2.967059728    1.745329252   21.410853243  -43.921989321  -15.389209563
   -2.792526803    1.745329252   15.283436173  -26.428855019  -13.460595192
   -2.617993878    1.745329252   12.025059181  -11.766181519  -11.342992337
   -2.443460953    1.745329252   10.800237130   -3.517042052   -9.169593746
   -2.268928028    1.745329252   10.363405573   -2.644354003   -6.947155812
   -2.094395102    1.745329252    9.548820059   -7.339571753   -4.611795964
   -1.919862177    1.745329252    7.700089861  -13.766262024   -2.151214419
   -1.745329252    1.745329252    4.907165633  -17.463569002    0.283262525
   -1.570796327    1.745329252    1.972517491  -14.988828313    2.368187993
   -1.396263402    1.745329252    0.108908034   -5.265749732    3.755258329
   -1.221730476    1.745329252    0.469083071    9.943094324    4.302195217
   -1.047197551    1.745329252    3.691631279   26.794530414    4.235317106
   -0.872664626    1.745329252    9.682432009   41.005958009    4.104892744
   -0.698131701    1.745329252   17.694064474   49.599880307    4.552487837
   -0.523598776    1.745329252   26.628109071   51.594757049    6.029857217
   -0.349065850    1.745329252   35.364865649   47.517622620    8.623520814
   -0.174532925    1.745329252   42.950116301   38.609441914   12.054330236
    0.000000000    1.745329252   48.671052920   26.471284450   15.777779551
    0.174532925    1.745329252   52.131728229   13.090393985   19.116175650
    0.349065850    1.745329252   53.342039698    1.152093793   21.376765429
    0.523598776    1.745329252   52.813665210   -6.343830768   21.986643618
    0.698131701    1.745329252   51.542342185   -7.135817520   20.649065732
    0.872664626    1.745329252   50.774327900   -0.666293961   17.476152043
    1.047197551    1.745329252   51.653992610   11.294477172   13.002614433
    1.221730476    1.745329252   54.838071625   25.025918438    8.014608617
    1.396263402    1.745329252   60.240703724   36.008140214    3.249003787
    1.570796327    1.745329252   67.022514753   40.274442169   -0.861085868
    1.745329252    1.745329252   73.789715697   35.690170871   -4.268200215
    1.919862177    1.745329252   78.974195639   22.348434264   -7.181551215
    2.094395102    1.745329252   81.213729517    2.450885178   -9.852675870
    2.268928028    1.745329252   79.661047869  -20.439056406  -12.386541697
    2.443460953    1.745329252   74.143593924  -42.297579298  -14.683761876
    2.617993878    1.745329252   65.181127409  -59.373217945  -16.494696837
    2.792526803    1.745329252   53.883980780  -68.649907979  -17.541630043
    2.967059728    1.745329252   41.774826765  -68.553001727  -17.663744080

   -3.141592654    2.094395102   23.489667302  -57.602527848  -18.580870405
   -2.967059728    2.094395102   14.836684605  -40.938508779  -17.168352665
   -2.792526803    2.094395102    9.294198199  -22.792321111  -15.234404501
   -2.617993878    2.094395102    6.699727536   -7.840669236  -12.984328878
   -2.443460953    2.094395102    6.173642179    0.556680839  -10.528360065
   -2.268928028    2.094395102    6.465347909    1.646862441   -7.856923488
   -2.094395102    2.094395102    6.427778965   -2.723437428   -4.882634771
   -1.919862177    2.094395102    5.409818203   -8.908898256   -1.562216361
   -1.745329252    2.094395102    3.458744166  -12.776203009    1.972628360
   -1.570796327    2.094395102    1.283714792  -11.082320282    5.378363065
   -1.396263402    2.094395102    0.000000000   -2.575311790    8.229976615
   -1.221730476    2.094395102    0.728886856   11.544624010   10.254250937
   -1.047197551    2.094395102    4.189346472   28.082527816   11.508733864
   -0.872664626    2.094395102   10.457536701   43.075802881   12.359922374
   -0.698131701    2.094395102   18.965998217   53.324792687   13.264401015
   -0.523598776    2.094395102   28.715486374   57.176302767   14.504566904
   -0.349065850    2.094395102   38.553257010   54.396729539   16.033751155
   -0.174532925    2.094395102   47.371182154   45.626585049   17.509257488
    0.000000000    2.094395102   54.225076032   32.186931229   18.422329434
    0.174532925    2.094395102   58.466623550   16.102102345   18.251971774
    0.349065850    2.094395102   59.886050108    0.405791934   16.602341984
    0.523598776    2.094395102   58.864002242  -11.241718832   13.334719667
    0.698131701    2.094395102   56.405095898  -15.670535918    8.677418276
    0.872664626    2.094395102   53.927644639  -11.419669114    3.249489635
    1.047197551    2.094395102   52.876085517    0.243506501   -2.082883725
    1.221730476    2.094395102   54.236378544   15.411420039   -6.506138271
    1.396263402    2.094395102   58.161436798   28.760984766   -9.571988143
    1.570796327    2.094395102   63.885284601   35.310624458  -11.342321941
    1.745329252    2.094395102   69.928340408   32.192527737  -12.286688490
    1.919862177    2.094395102   74.555723159   19.315693297  -13.006935798
    2.094395102    2.094395102   76.252296464   -0.794668906  -13.956189126
    2.268928028    2.094395102   74.101273881  -24.009346803  -15.278760054
    2.443460953    2.094395102   67.958756690  -45.782109431  -16.816942872
    2.617993878    2.094395102   58.443474533  -62.091712274  -18.225800890
    2.792526803    2.094395102   46.783299803  -70.001442160  -19.129461251
    2.967059728    2.094395102   34.580814595  -68.251086876  -19.271562285

   -3.141592654    2.443460953   17.255891076  -56.539760543  -12.606650364
   -2.967059728    2.443460953    8.890200067  -38.742879224  -11.210226506
   -2.792526803    2.443460953    3.816403507  -19.659144788   -9.475930075
   -2.617993878    2.443460953    1.838715093   -3.929219851   -7.526917046
   -2.443460953    2.443460953    2.058972534    5.194422195   -5.392462008
   -2.268928028    2.443460953    3.228440376    7.078397352   -2.988164850
   -2.094395102    2.443460953    4.215094555    3.580044839   -0.149878899
   -1.919862177    2.443460953    4.368355518   -1.839892356    3.255758211
   -1.745329252    2.443460953    3.688748142   -5.385415043    7.191163173
   -1.570796327    2.443460953    2.781477557   -4.081421089   11.367451189
   -1.396263402    2.443460953    2.635694257    3.366849244   15.314215494
   -1.221730476    2.443460953    4.286967330   16.166298646   18.569320603
   -1.047197551    2.443460953    8.455916593   31.657360825   20.874188151
   -0.872664626    2.443460953   15.297951089   46.170361035   22.233273210
   -0.698131701    2.443460953   24.337754107   56.353941360   22.803437904
   -0.523598776    2.443460953   34.607607755   60.038864587   22.715081420
   -0.349065850    2.443460953   44.887560707   56.454037572   21.946238757
   -0.174532925    2.443460953   53.925186261   45.915857400   20.336228183
    0.000000000    2.443460953   60.605373125   29.764671638   17.674646593
    0.174532925    2.443460953   64.140279926   10.363642788   13.814781531
    0.349065850    2.443460953   64.262479914   -8.661285732    8.778956576
    0.523598776    2.443460953   61.415401829  -22.888037897    2.845897293
    0.698131701    2.443460953   56.803140918  -28.384984102   -3.411877771
    0.872664626    2.443460953   52.154732091  -23.237790353   -9.191395037
    1.047197551    2.443460953   49.254525705   -8.866543963  -13.674329021
    1.221730476    2.443460953   49.341936180   10.012383780  -16.325468987
    1.396263402    2.443460953   52.645296996   26.921557934  -17.106450658
    1.570796327    2.443460953   58.280246368   35.896385511  -16.481787781
    1.745329252    2.443460953   64.523231599   33.649493106  -15.195270840
    1.919862177    2.443460953   69.379386655   20.312440060  -13.965134139
    2.094395102    2.443460953   71.152148064   -0.962893015  -13.240977946
    2.268928028    2.443460953   68.864098586  -25.353201813  -13.121693683
    2.443460953    2.443460953   62.418437022  -47.796521816  -13.418828729
    2.617993878    2.443460953   52.544936698  -64.052139708  -13.793948318
    2.792526803    2.443460953   40.595658098  -71.262648562  -13.905548132
    2.967059728    2.443460953   28.266279330  -68.408482334  -13.530958213

   -3.141592654    2.792526803   14.508939066  -55.112899651    1.319298298
   -2.967059728    2.792526803    6.426022966  -36.948651033    2.937204132
   -2.792526803    2.792526803    1.694738824  -17.535539150    4.376773230
   -2.617993878    2.792526803    0.121264708   -1.401313149    5.652245503
   -2.443460953    2.792526803    0.833057483    8.340018971    6.911266841
   -2.268928028    2.792526803    2.629400809   11.170707434    8.405562084
   -2.094395102    2.792526803    4.439058692    8.962349762   10.422330930
   -1.919862177    2.792526803    5.658912236    4.998351868   13.172550729
   -1.745329252    2.792526803    6.287541154    2.687601777   16.665460888
   -1.570796327    2.792526803    6.851491111    4.554848766   20.626129421
   -1.396263402    2.792526803    8.193292742   11.605326274   24.537320948
   -1.221730476    2.792526803   11.178447847   23.075282956   27.795114392
   -1.047197551    2.792526803   16.388442562   36.605115360   29.906232949
   -0.872664626    2.792526803   23.899514422   48.863038392   30.606626625
   -0.698131701    2.792526803   33.203185485   56.670211285   29.851149695
   -0.523598776    2.792526803   43.310141306   57.819140506   27.720386598
   -0.349065850    2.792526803   52.965191994   51.472553556   24.326853738
   -0.174532925    2.792526803   60.878488693   38.002001781   19.799210889
    0.000000000    2.792526803   65.925529129   19.009759449   14.308146445
    0.174532925    2.792526803   67.370604144   -2.702438923    8.100376451
    0.349065850    2.792526803   65.082589693  -22.993779359    1.538113395
    0.523598776    2.792526803   59.729875774  -36.979989909   -4.879653685
    0.698131701    2.792526803   52.806170106  -40.473192072  -10.535559351
    0.872664626    2.792526803   46.341423851  -31.725147526  -14.789246503
    1.047197551    2.792526803   42.346884186  -12.839617644  -17.171558875
    1.221730476    2.792526803   42.133024501   10.430625772  -17.585449502
    1.396263402    2.792526803   45.814874483   30.596055356  -16.368849789
    1.570796327    2.792526803   52.252554423   41.139164968  -14.171721405
    1.745329252    2.792526803   59.424949858   38.831518973  -11.689612808
    1.919862177    2.792526803   65.095835865   24.356498571   -9.430445643
    2.094395102    2.792526803   67.442938350    1.578080686   -7.599298011
    2.268928028    2.792526803   65.479719976  -24.097017178   -6.139220070
    2.443460953    2.792526803   59.179291911  -47.289935992   -4.851101772
    2.617993878    2.792526803   49.371572859  -63.719201671   -3.526686346
    2.792526803    2.792526803   37.497522401  -70.691751103   -2.037646109
    2.967059728    2.792526803   25.305149430  -67.412244643   -0.386599603
