#! FIELDS phi psi file.free der_phi der_psi
#! SET min_phi -pi
#! SET max_phi pi
#! SET nbins_phi  36
#! SET periodic_phi true
#! SET min_psi -pi
#! SET max_psi pi
#! SET nbins_psi  18
#! SET periodic_psi true
   -3.141592654   -3.141592654   14.399441284  -28.134300095    4.854492627
   -2.967059728   -3.141592654    9.574714391  -26.333937706    6.353393074
   -2.792526803   -3.141592654    5.480229728  -19.897447855    7.740339556
   -2.617993878   -3.141592654    2.804614448  -10.481896000    8.912880355
   -2.443460953   -3.141592654    1.833521890   -0.847844721    9.871705689
   -2.268928028   -3.141592654    2.372688009    6.499881238   10.696260107
   -2.094395102   -3.141592654    3.902040722   10.463381197   11.474939316
   -1.919862177   -3.141592654    5.859578258   11.616974751   12.228207558
   -1.745329252   -3.141592654    7.885736935   11.540179065   12.862979981
   -1.570796327   -3.141592654    9.906585308   11.753937368   13.182821257
   -1.396263402   -3.141592654   12.046408290   12.924376588   12.959163489
   -1.221730476   -3.141592654   14.454517959   14.700739821   12.040193164
   -1.047197551   -3.141592654   17.157811661   16.129243383   10.444161039
   -0.872664626   -3.141592654   20.013658627   16.294328477    8.379878572
   -0.698131701   -3.141592654   22.759484556   14.877303630    6.178145968
   -0.523598776   -3.141592654   25.137737708   12.169015154    4.165749950
   -0.349065850   -3.141592654   26.982399267    8.908572017    2.560330720
   -0.174532925   -3.141592654   28.264119682    5.833030081    1.430212640
    0.000000000   -3.141592654   29.061064238    3.421425098    0.725532901
    0.174532925   -3.141592654   29.506159061    1.790648742    0.333289262
    0.349065850   -3.141592654   29.729395736    0.828693644    0.137651420
    0.523598776   -3.141592654   29.827838470    0.346609415    0.051345777
    0.698131701   -3.141592654   29.868367755    0.119577308    0.016224569
    0.872664626   -3.141592654   29.882346219    0.033142004    0.003975744
    1.047197551   -3.141592654   29.885963917    0.009346145    0.001089129
    1.221730476   -3.141592654   29.886926791   -0.002390028    0.000157237
    1.396263402   -3.141592654   29.884088355   -0.024283551    0.001236642
    1.570796327   -3.141592654   29.873926146   -0.095545279    0.005047740
    1.745329252   -3.141592654   29.840928294   -0.305354746    0.017064472
    1.919862177   -3.141592654   29.746940606   -0.838772631    0.050093294
    2.094395102   -3.141592654   29.509140980   -2.024989027    0.132472557
    2.268928028   -3.141592654   28.974709170   -4.321605307    0.313293636
    2.443460953   -3.141592654   27.909571711   -8.156919886    0.664824021
    2.617993878   -3.141592654   26.031887298  -13.586239088    1.269330072
    2.792526803   -3.141592654   23.113716707  -19.887686519    2.185977296
    2.967059728   -3.141592654   19.131527789  -25.441175024    3.411561481

   -3.141592654   -2.792526803   16.707422282  -24.081871207    8.095887614
   -2.967059728   -2.792526803   12.577531774  -22.525637679   10.547187634
   -2.792526803   -2.792526803    9.085792173  -16.873417293   12.660812250
   -2.617993878   -2.792526803    6.846232845   -8.528881819   14.163421600
   -2.443460953   -2.792526803    6.123557881    0.077793156   14.983720462
   -2.268928028   -2.792526803    6.754017280    6.676467881   15.248855596
   -2.094395102   -2.792526803    8.272538953   10.208121554   15.179264184
   -1.919862177   -2.792526803   10.162284224   11.107470942   14.949070013
   -1.745329252   -2.792526803   12.076229407   10.741398903   14.593389286
   -1.570796327   -2.792526803   13.918985282   10.473764099   14.008248039
   -1.396263402   -2.792526803   15.777877906   10.959434612   13.034438656
   -1.221730476   -2.792526803   17.777503977   11.993503724   11.573796217
   -1.047197551   -2.792526803   19.954292970   12.851478934    9.672385550
   -0.872664626   -2.792526803   22.213475687   12.812091573    7.525368675
   -0.698131701   -2.792526803   24.364095984   11.612056180    5.409222261
   -0.523598776   -2.792526803   26.216387070    9.454264175    3.571690150
   -0.349065850   -2.792526803   27.647619775    6.898424069    2.158233146
   -0.174532925   -2.792526803   28.638925840    4.505247993    1.189542423
    0.000000000   -2.792526803   29.253667095    2.635074961    0.597348849
    0.174532925   -2.792526803   29.596024026    1.374138184    0.272247510
    0.349065850   -2.792526803   29.767110236    0.633271117    0.111581154
    0.523598776   -2.792526803   29.842203911    0.263877197    0.041559834
    0.698131701   -2.792526803   29.873021250    0.090438563    0.012937366
    0.872664626   -2.792526803   29.883549554    0.025102400    0.003158638
    1.047197551   -2.792526803   29.886329355    0.006653131    0.000962825
    1.221730476   -2.792526803   29.886991934   -0.001876174    0.000206456
    1.396263402   -2.792526803   29.884642608   -0.020033920    0.001858704
    1.570796327   -2.792526803   29.876215097   -0.079247127    0.007738022
    1.745329252   -2.792526803   29.848733289   -0.254430336    0.026536292
    1.919862177   -2.792526803   29.770074733   -0.702457968    0.079153039
    2.094395102   -2.792526803   29.570647411   -1.700832046    0.211202942
    2.268928028   -2.792526803   29.121005720   -3.641442513    0.504292246
    2.443460953   -2.792526803   28.221825476   -6.896715690    1.080682014
    2.617993878   -2.792526803   26.631244589  -11.527639757    2.082518095
    2.792526803   -2.792526803   24.150608002  -16.933541991    3.616166988
    2.967059728   -2.792526803   20.754224759  -21.730762315    5.677781860

   -3.141592654   -2.443460953   19.794956784  -18.617739164    9.239583415
   -2.967059728   -2.443460953   16.597381891  -17.457566830   12.030712065
   -2.792526803   -2.443460953   13.893959027  -13.024290113   14.356643998
   -2.617993878   -2.443460953   12.182455029   -6.361911800   15.836237243
   -2.443460953   -2.443460953   11.691383128    0.614296464   16.332660663
   -2.268928028   -2.443460953   12.304651586    6.038301040   15.978279197
   -2.094395102   -2.443460953   13.651090486    8.960451855   15.069323784
   -1.919862177   -2.443460953   15.299857943    9.631732060   13.902349955
   -1.745329252   -2.443460953   16.943256463    9.102184274   12.651736706
   -1.570796327   -2.443460953   18.473260765    8.487307913   11.346306362
   -1.396263402   -2.443460953   19.937402259    8.390539561    9.933816140
   -1.221730476   -2.443460953   21.429873002    8.756395170    8.374865949
   -1.047197551   -2.443460953   22.993400607    9.109776919    6.705437140
   -0.872664626   -2.443460953   24.581066577    8.940150864    5.038820157
   -0.698131701   -2.443460953   26.075582278    8.041529650    3.523962606
   -0.523598776   -2.443460953   27.356205610    6.523835273    2.278356110
   -0.349065850   -2.443460953   28.343433943    4.753704347    1.355981431
   -0.174532925   -2.443460953   29.026572864    3.104745496    0.740153639
    0.000000000   -2.443460953   29.450287668    1.816693856    0.369877947
    0.174532925   -2.443460953   29.686390364    0.947534808    0.168317891
    0.349065850   -2.443460953   29.804389842    0.436776521    0.068886356
    0.523598776   -2.443460953   29.856172129    0.182124139    0.025902838
    0.698131701   -2.443460953   29.877448236    0.062300829    0.007937924
    0.872664626   -2.443460953   29.884671831    0.017488588    0.002024667
    1.047197551   -2.443460953   29.886621965    0.004496981    0.000681192
    1.221730476   -2.443460953   29.887064490   -0.001303845    0.000201174
    1.396263402   -2.443460953   29.885327287   -0.014761462    0.001983907
    1.570796327   -2.443460953   29.879084007   -0.058724902    0.008360612
    1.745329252   -2.443460953   29.858616638   -0.189582981    0.028920120
    1.919862177   -2.443460953   29.799703497   -0.526550440    0.087086250
    2.094395102   -2.443460953   29.649938129   -1.279571245    0.233688694
    2.268928028   -2.443460953   29.310930324   -2.750542028    0.561375722
    2.443460953   -2.443460953   28.630135449   -5.232089581    1.210408241
    2.617993878   -2.443460953   27.420493491   -8.785833797    2.346392444
    2.792526803   -2.443460953   25.524972642  -12.969375882    4.097039583
    2.967059728   -2.443460953   22.916983876  -16.725963942    6.462275669

   -3.141592654   -2.094395102   22.898445021  -13.133258780    8.399742361
   -2.967059728   -2.094395102   20.628857780  -12.474842408   10.954035565
   -2.792526803   -2.094395102   18.682159441   -9.468989488   13.047978224
   -2.617993878   -2.094395102   17.422608258   -4.783752173   14.288309308
   -2.443460953   -2.094395102   17.032045629    0.238951997   14.509972378
   -2.268928028   -2.094395102   17.443602758    4.210616808   13.820879651
   -2.094395102   -2.094395102   18.393204579    6.346852137   12.518321603
   -1.919862177   -2.094395102   19.556701495    6.746816645   10.936333231
   -1.745329252   -2.094395102   20.691301781    6.171692148    9.318560679
   -1.570796327   -2.094395102   21.707485786    5.523140915    7.777416840
   -1.396263402   -2.094395102   22.648896660    5.365302572    6.333279347
   -1.221730476   -2.094395102   23.611715258    5.732695869    4.981916648
   -1.047197551   -2.094395102   24.659235560    6.254357039    3.739676386
   -0.872664626   -2.094395102   25.777207959    6.452314374    2.647650649
   -0.698131701   -2.094395102   26.879428499    6.055834252    1.753481383
   -0.523598776   -2.094395102   27.859971793    5.077195053    1.078558249
   -0.349065850   -2.094395102   28.637453283    3.788406434    0.614091345
   -0.174532925   -2.094395102   29.186124536    2.513210302    0.322953457
    0.000000000   -2.094395102   29.530593804    1.483289821    0.156744045
    0.174532925   -2.094395102   29.723595633    0.776012932    0.069734640
    0.349065850   -2.094395102   29.819963874    0.358053983    0.027910235
    0.523598776   -2.094395102   29.862235763    0.148226391    0.010555858
    0.698131701   -2.094395102   29.879357301    0.050922156    0.003098265
    0.872664626   -2.094395102   29.885210606    0.014039064    0.000677946
    1.047197551   -2.094395102   29.886856862    0.002762777    0.000412629
    1.221730476   -2.094395102   29.887128091   -0.000802160    0.000159265
    1.396263402   -2.094395102   29.885980485   -0.009714709    0.001707756
    1.570796327   -2.094395102   29.881848058   -0.038885453    0.007251211
    1.745329252   -2.094395102   29.868212310   -0.126364683    0.025265080
    1.919862177   -2.094395102   29.828710276   -0.353392991    0.076665469
    2.094395102   -2.094395102   29.727911115   -0.862969225    0.206702719
    2.268928028   -2.094395102   29.498620832   -1.864702051    0.498917303
    2.443460953   -2.094395102   29.035610468   -3.567894677    1.081089674
    2.617993878   -2.094395102   28.207824989   -6.031184463    2.106115332
    2.792526803   -2.094395102   26.901409667   -8.971633266    3.695427178
    2.967059728   -2.094395102   25.089057984  -11.674445948    5.854638080

   -3.141592654   -1.745329252   25.245022006   -8.896915253    6.950780368
   -2.967059728   -1.745329252   23.693994720   -8.614774592    9.058839332
   -2.792526803   -1.745329252   22.329164261   -6.781378539   10.749018642
   -2.617993878   -1.745329252   21.394021791   -3.809102541   11.658634803
   -2.443460953   -1.745329252   21.014400905   -0.583805645   11.611663617
   -2.268928028   -1.745329252   21.148725127    1.942010771   10.670561064
   -2.094395102   -1.745329252   21.617647176    3.207346411    9.082002589
   -1.919862177   -1.745329252   22.197925161    3.281502150    7.160642029
   -1.745329252   -1.745329252   22.727837135    2.754604625    5.186722295
   -1.570796327   -1.745329252   23.168226558    2.369227086    3.364634606
   -1.396263402   -1.745329252   23.592768468    2.618673965    1.831876764
   -1.221730476   -1.745329252   24.121400192    3.524959140    0.675517703
   -1.047197551   -1.745329252   24.838544953    4.688586984   -0.070749001
   -0.872664626   -1.745329252   25.741092864    5.549058327   -0.439433822
   -0.698131701   -1.745329252   26.736627389    5.716740758   -0.520197804
   -0.523598776   -1.745329252   27.693683762    5.120891691   -0.436288322
   -0.349065850   -1.745329252   28.496808465    4.013053787   -0.295696894
   -0.174532925   -1.745329252   29.088485866    2.764670649   -0.167980116
    0.000000000   -1.745329252   29.472725312    1.680647543   -0.081093383
    0.174532925   -1.745329252   29.693661092    0.901650934   -0.033391673
    0.349065850   -1.745329252   29.806309936    0.425810384   -0.011928405
    0.523598776   -1.745329252   29.856811956    0.178991732   -0.003176033
    0.698131701   -1.745329252   29.877349415    0.063862676   -0.000750550
    0.872664626   -1.745329252   29.884613721    0.018259393   -0.000029228
    1.047197551   -1.745329252   29.886788733    0.003272667    0.000388697
    1.221730476   -1.745329252   29.887174396   -0.000436897    0.000106077
    1.396263402   -1.745329252   29.886440535   -0.006168964    0.001361851
    1.570796327   -1.745329252   29.883829508   -0.024667844    0.005763705
    1.745329252   -1.745329252   29.875124838   -0.080771027    0.020254776
    1.919862177   -1.745329252   29.849730321   -0.227517777    0.061963372
    2.094395102   -1.745329252   29.784618451   -0.558591195    0.167921945
    2.268928028   -1.745329252   29.635704306   -1.213661945    0.407170305
    2.443460953   -1.745329252   29.333460765   -2.334776917    0.885823098
    2.617993878   -1.745329252   28.789988127   -3.970733430    1.731680564
    2.792526803   -1.745329252   27.926715050   -5.948682964    3.047453939
    2.967059728   -1.745329252   26.719545151   -7.810899819    4.838949017

   -3.141592654   -1.396263402   26.887997356   -5.876594451    5.304063648
   -2.967059728   -1.396263402   25.847019505   -5.899433561    6.874860960
   -2.792526803   -1.396263402   24.881136818   -5.029982736    8.084083294
   -2.617993878   -1.396263402   24.128177619   -3.534767827    8.629876922
   -2.443460953   -1.396263402   23.651375401   -1.969834963    8.350769552
   -2.268928028   -1.396263402   23.410592925   -0.909697154    7.270790970
   -2.094395102   -1.396263402   23.287424967   -0.630314544    5.565533300
   -1.919862177   -1.396263402   23.155821146   -0.934305011    3.486195076
   -1.745329252   -1.396263402   22.961253588   -1.236265004    1.298718022
   -1.570796327   -1.396263402   22.763245337   -0.879546838   -0.737786337
   -1.396263402   -1.396263402   22.713770566    0.481211596   -2.379294901
   -1.221730476   -1.396263402   22.979277059    2.651217768   -3.430581033
   -1.047197551   -1.396263402   23.648038599    4.967587495   -3.805354151
   -0.872664626   -1.396263402   24.675876576    6.640202477   -3.569466671
   -0.698131701   -1.396263402   25.899391137    7.165408274   -2.919800371
   -0.523598776   -1.396263402   27.109812743    6.524406945   -2.110816955
   -0.349065850   -1.396263402   28.134166055    5.124558452   -1.355970249
   -0.174532925   -1.396263402   28.887839192    3.510977669   -0.775919724
    0.000000000   -1.396263402   29.373723647    2.114113877   -0.396254452
    0.174532925   -1.396263402   29.650116501    1.121382142   -0.180739504
    0.349065850   -1.396263402   29.789249078    0.523490473   -0.073887853
    0.523598776   -1.396263402   29.850967489    0.216353017   -0.026559325
    0.698131701   -1.396263402   29.875635849    0.075918087   -0.008317252
    0.872664626   -1.396263402   29.884239978    0.021110036   -0.001972744
    1.047197551   -1.396263402   29.886838609    0.002910342   -0.000077125
    1.221730476   -1.396263402   29.887176371   -0.000421317    0.000120939
    1.396263402   -1.396263402   29.886693542   -0.004140954    0.001125670
    1.570796327   -1.396263402   29.884957854   -0.016307711    0.004679884
    1.745329252   -1.396263402   29.879227495   -0.052901093    0.016275872
    1.919862177   -1.396263402   29.862722972   -0.147378847    0.049223008
    2.094395102   -1.396263402   29.820703205   -0.359378006    0.132095956
    2.268928028   -1.396263402   29.725162904   -0.777094520    0.317791517
    2.443460953   -1.396263402   29.531878481   -1.491717784    0.687052396
    2.617993878   -1.396263402   29.184509125   -2.539128877    1.336478038
    2.792526803   -1.396263402   28.631375904   -3.820302314    2.342782784
    2.967059728   -1.396263402   27.852455031   -5.064891991    3.706964448

   -3.141592654   -1.047197551   27.754150982   -4.328536144    3.851160652
   -2.967059728   -1.047197551   26.971920756   -4.542901350    4.870348945
   -2.792526803   -1.047197551   26.198530637   -4.242463445    5.508318900
   -2.617993878   -1.047197551   25.509263629   -3.633786207    5.523824934
   -2.443460953   -1.047197551   24.925505075   -3.103562409    4.803691803
   -2.268928028   -1.047197551   24.399588223   -3.016767186    3.394031712
   -2.094395102   -1.047197551   23.839821391   -3.476361621    1.466249804
   -1.919862177   -1.047197551   23.171427311   -4.175659923   -0.742836691
   -1.745329252   -1.047197551   22.406271981   -4.459745553   -2.968902132
   -1.570796327   -1.047197551   21.680438183   -3.626620233   -4.929040633
   -1.396263402   -1.047197551   21.225704230   -1.350118351   -6.340556860
   -1.221730476   -1.047197551   21.274472835    2.027467451   -6.984342018
   -1.047197551   -1.047197551   21.943147749    5.566255608   -6.793122492
   -0.872664626   -1.047197551   23.162682486    8.170463744   -5.899814198
   -0.698131701   -1.047197551   24.699730278    9.141189399   -4.594228217
   -0.523598776   -1.047197551   26.257617557    8.462725324   -3.213898327
   -0.349065850   -1.047197551   27.591337341    6.698030606   -2.020255360
   -0.174532925   -1.047197551   28.577898994    4.602127147   -1.140675581
    0.000000000   -1.047197551   29.214964028    2.772502962   -0.578830047
    0.174532925   -1.047197551   29.577244134    1.469530213   -0.263788363
    0.349065850   -1.047197551   29.759209444    0.686293829   -0.107886847
    0.523598776   -1.047197551   29.840021971    0.282502915   -0.039133863
    0.698131701   -1.047197551   29.872174210    0.098873997   -0.012266128
    0.872664626   -1.047197551   29.883372543    0.027302941   -0.002947033
    1.047197551   -1.047197551   29.886754726    0.003539738   -0.000373043
    1.221730476   -1.047197551   29.887206984   -0.000179842    0.000059582
    1.396263402   -1.047197551   29.886904607   -0.002538456    0.000771723
    1.570796327   -1.047197551   29.885767003   -0.010651607    0.003341270
    1.745329252   -1.047197551   29.882010461   -0.034972771    0.011770423
    1.919862177   -1.047197551   29.871053990   -0.098507040    0.035995526
    2.094395102   -1.047197551   29.842720191   -0.243529981    0.097395632
    2.268928028   -1.047197551   29.777488887   -0.533045715    0.235822484
    2.443460953   -1.047197551   29.644053450   -1.034436932    0.511907407
    2.617993878   -1.047197551   29.401736342   -1.779231039    0.996532738
    2.792526803   -1.047197551   29.011874058   -2.706645499    1.741378676
    2.967059728   -1.047197551   28.455748879   -3.642286357    2.732522979

   -3.141592654   -0.698131701   28.512936642   -3.236711085    1.568268246
   -2.967059728   -0.698131701   27.886615708   -3.913248268    1.850443273
   -2.792526803   -0.698131701   27.155439526   -4.440987503    1.825198224
   -2.617993878   -0.698131701   26.341423980   -4.884825929    1.336320665
   -2.443460953   -0.698131701   25.445453244   -5.412509225    0.305426141
   -2.268928028   -0.698131701   24.437251330   -6.189278150   -1.237651627
   -2.094395102   -0.698131701   23.270945947   -7.194787367   -3.162639025
   -1.919862177   -0.698131701   21.933686286   -8.051621150   -5.264813228
   -1.745329252   -0.698131701   20.511320892   -8.030655258   -7.283944265
   -1.570796327   -0.698131701   19.227519197   -6.357586064   -8.919525975
   -1.396263402   -0.698131701   18.407563014   -2.730810661   -9.874359055
   -1.221730476   -0.698131701   18.356980059    2.289439588   -9.943331990
   -1.047197551   -0.698131701   19.210900342    7.375340268   -9.110390586
   -0.872664626   -0.698131701   20.847657627   11.038014872   -7.582913820
   -0.698131701   -0.698131701   22.926949894   12.369239196   -5.722335554
   -0.523598776   -0.698131701   25.031721696   11.416659035   -3.909785743
   -0.349065850   -0.698131701   26.826772802    8.993588905   -2.415328643
   -0.174532925   -0.698131701   28.148287934    6.148016555   -1.346999474
    0.000000000   -0.698131701   28.997461082    3.686261438   -0.678353050
    0.174532925   -0.698131701   29.478163783    1.946016925   -0.307973561
    0.349065850   -0.698131701   29.718666007    0.906059775   -0.125729897
    0.523598776   -0.698131701   29.825274733    0.371293733   -0.045756632
    0.698131701   -0.698131701   29.867525382    0.129460063   -0.014264104
    0.872664626   -0.698131701   29.882264797    0.035072753   -0.003398706
    1.047197551   -0.698131701   29.886579201    0.004845633   -0.000648503
    1.221730476   -0.698131701   29.887221167   -0.000067961    0.000025523
    1.396263402   -0.698131701   29.887075368   -0.001213907    0.000342308
    1.570796327   -0.698131701   29.886509364   -0.005303299    0.001453253
    1.745329252   -0.698131701   29.884612056   -0.017748567    0.005170235
    1.919862177   -0.698131701   29.878936667   -0.051266559    0.015978282
    2.094395102   -0.698131701   29.863893225   -0.130263961    0.043069655
    2.268928028   -0.698131701   29.828346016   -0.293613120    0.103937349
    2.443460953   -0.698131701   29.753428516   -0.589287020    0.224791440
    2.617993878   -0.698131701   29.612141874   -1.057469899    0.434792491
    2.792526803   -0.698131701   29.373827904   -1.698156834    0.751399756
    2.967059728   -0.698131701   29.011428004   -2.460189600    1.155099117

   -3.141592654   -0.349065850   28.628975735   -3.312535933   -0.434779528
   -2.967059728   -0.349065850   27.957377443   -4.391006362   -0.773899189
   -2.792526803   -0.349065850   27.092842294   -5.520831916   -1.335115369
   -2.617993878   -0.349065850   26.027335729   -6.700306200   -2.193667540
   -2.443460953   -0.349065850   24.748297251   -7.977424077   -3.392340057
   -2.268928028   -0.349065850   23.235135772   -9.378523414   -4.912665108
   -2.094395102   -0.349065850   21.475583952  -10.749792433   -6.659742390
   -1.919862177   -0.349065850   19.513217530  -11.584293807   -8.459643542
   -1.745329252   -0.349065850   17.512632425  -11.030455360  -10.066160245
   -1.570796327   -0.349065850   15.793457726   -8.253584569  -11.187972205
   -1.396263402   -0.349065850   14.774946808   -3.051024671  -11.555905524
   -1.221730476   -0.349065850   14.820936436    3.708642006  -11.024689882
   -1.047197551   -0.349065850   16.057813848   10.263645773   -9.657930209
   -0.872664626   -0.349065850   18.282306738   14.760399140   -7.731282275
   -0.698131701   -0.349065850   21.028474871   16.166225299   -5.635083689
   -0.523598776   -0.349065850   23.756199084   14.680948859   -3.731579930
   -0.349065850   -0.349065850   26.049891212   11.421086272   -2.241424526
   -0.174532925   -0.349065850   27.720014214    7.729364921   -1.219434795
    0.000000000   -0.349065850   28.783677011    4.598523290   -0.601382451
    0.174532925   -0.349065850   29.381710966    2.413449599   -0.268363956
    0.349065850   -0.349065850   29.679466811    1.118709808   -0.107908655
    0.523598776   -0.349065850   29.811056487    0.456535139   -0.038812517
    0.698131701   -0.349065850   29.863153111    0.157832023   -0.011665457
    0.872664626   -0.349065850   29.881220932    0.042254469   -0.002664554
    1.047197551   -0.349065850   29.886346158    0.006575462   -0.000680283
    1.221730476   -0.349065850   29.887221402   -0.000066111   -0.000024906
    1.396263402   -0.349065850   29.887117596   -0.000876753   -0.000091914
    1.570796327   -0.349065850   29.886688272   -0.004000544   -0.000370528
    1.745329252   -0.349065850   29.885259541   -0.013426521   -0.001108470
    1.919862177   -0.349065850   29.880969465   -0.038946840   -0.002858354
    2.094395102   -0.349065850   29.869322417   -0.101203160   -0.007317790
    2.268928028   -0.349065850   29.841211715   -0.233944675   -0.016912030
    2.443460953   -0.349065850   29.780500892   -0.483308407   -0.035569037
    2.617993878   -0.349065850   29.662182245   -0.900181910   -0.069992019
    2.792526803   -0.349065850   29.454262542   -1.514689163   -0.131049848
    2.967059728   -0.349065850   29.120478640   -2.332318408   -0.240236654

   -3.141592654    0.000000000   28.297381644   -4.137449673   -2.173484508
   -2.967059728    0.000000000   27.456102813   -5.523133754   -3.017280277
   -2.792526803    0.000000000   26.361068108   -7.044482734   -3.957189431
   -2.617993878    0.000000000   24.989527991   -8.693958993   -4.976833286
   -2.443460953    0.000000000   23.318966423  -10.467402893   -6.080379449
   -2.268928028    0.000000000   21.332705223  -12.285343282   -7.272328265
   -2.094395102    0.000000000   19.044671896  -13.847938240   -8.521307878
   -1.919862177    0.000000000   16.551775671  -14.488886255   -9.725341896
   -1.745329252    0.000000000   14.097816995  -13.229520881  -10.699361357
   -1.570796327    0.000000000   12.095702833   -9.215503992  -11.204823606
   -1.396263402    0.000000000   11.046038711   -2.410069610  -11.028703548
   -1.221730476    0.000000000   11.347618322    5.961908311  -10.086651940
   -1.047197551    0.000000000   13.091079143   13.714887884   -8.491510902
   -0.872664626    0.000000000   15.972087765   18.703660144   -6.533124860
   -0.698131701    0.000000000   19.395555291   19.873313715   -4.570419714
   -0.523598776    0.000000000   22.711278075   17.655998534   -2.898656342
   -0.349065850    0.000000000   25.445634953   13.494149000   -1.663624726
   -0.174532925    0.000000000   27.404765800    8.994441403   -0.862872134
    0.000000000    0.000000000   28.635046225    5.281851808   -0.405298620
    0.174532925    0.000000000   29.318490575    2.740704426   -0.172185183
    0.349065850    0.000000000   29.655302766    1.257433094   -0.065827703
    0.523598776    0.000000000   29.802847984    0.508127692   -0.022508303
    0.698131701    0.000000000   29.860984013    0.172260826   -0.005898533
    0.872664626    0.000000000   29.880832655    0.044891653   -0.001031633
    1.047197551    0.000000000   29.886226180    0.007468164   -0.000433637
    1.221730476    0.000000000   29.887207532   -0.000175516   -0.000058356
    1.396263402    0.000000000   29.887055286   -0.001332943   -0.000428392
    1.570796327    0.000000000   29.886410460   -0.005945124   -0.001855726
    1.745329252    0.000000000   29.884352037   -0.019244507   -0.006306072
    1.919862177    0.000000000   29.878398872   -0.053757361   -0.018638085
    2.094395102    0.000000000   29.862541966   -0.136486375   -0.049945136
    2.268928028    0.000000000   29.825055164   -0.309173461   -0.120115107
    2.443460953    0.000000000   29.745632254   -0.627120817   -0.259913381
    2.617993878    0.000000000   29.593475478   -1.149411746   -0.508151558
    2.792526803    0.000000000   29.329928774   -1.909220991   -0.900783175
    2.967059728    0.000000000   28.911165477   -2.916654782   -1.458256745

   -3.141592654    0.349065850   27.571791939   -5.679385488   -3.349136314
   -2.967059728    0.349065850   26.442053893   -7.269796329   -4.505672081
   -2.792526803    0.349065850   25.031363580   -8.900766356   -5.633819921
   -2.617993878    0.349065850   23.331125181  -10.597766027   -6.634470387
   -2.443460953    0.349065850   21.325881141  -12.397355281   -7.470536134
   -2.268928028    0.349065850   19.001383754  -14.226122103   -8.163582470
   -2.094395102    0.349065850   16.378203601  -15.727277553   -8.751740154
   -1.919862177    0.349065850   13.575431455  -16.117240331   -9.232921666
   -1.745329252    0.349065850   10.881707713  -14.286909696   -9.528375058
   -1.570796327    0.349065850    8.772380220   -9.327482143   -9.495157020
   -1.396263402    0.349065850    7.806674401   -1.310750918   -8.992281006
   -1.221730476    0.349065850    8.407350914    8.258557087   -7.970026141
   -1.047197551    0.349065850   10.632596733   16.855388128   -6.526810988
   -0.872664626    0.349065850   14.094052351   22.109044610   -4.890010673
   -0.698131701    0.349065850   18.092412712   22.969031967   -3.328844723
   -0.523598776    0.349065850   21.892751211   20.074016742   -2.049915975
   -0.349065850    0.349065850   24.981211194   15.137439864   -1.138892829
   -0.174532925    0.349065850   27.166967104    9.973792859   -0.570144920
    0.000000000    0.349065850   28.524911210    5.798777261   -0.257806915
    0.174532925    0.349065850   29.272382569    2.982868598   -0.105245641
    0.349065850    0.349065850   29.637928550    1.357849894   -0.038503393
    0.523598776    0.349065850   29.796975291    0.545016831   -0.012708457
    0.698131701    0.349065850   29.859551231    0.181545004   -0.002745513
    0.872664626    0.349065850   29.880632328    0.046102617   -0.000217857
    1.047197551    0.349065850   29.886092098    0.008453252   -0.000346420
    1.221730476    0.349065850   29.887203635   -0.000206259   -0.000059450
    1.396263402    0.349065850   29.886950476   -0.002163582   -0.000638919
    1.570796327    0.349065850   29.885928049   -0.009512959   -0.002755330
    1.745329252    0.349065850   29.882645472   -0.030791393   -0.009555957
    1.919862177    0.349065850   29.873113533   -0.086112218   -0.028882197
    2.094395102    0.349065850   29.847865355   -0.217134248   -0.078199820
    2.268928028    0.349065850   29.788657461   -0.486550475   -0.189511337
    2.443460953    0.349065850   29.664752464   -0.971926674   -0.412264140
    2.617993878    0.349065850   29.431690534   -1.743900514   -0.807419634
    2.792526803    0.349065850   29.037491807   -2.819467790   -1.427486296
    2.967059728    0.349065850   28.430113803   -4.163973900   -2.289299493

   -3.141592654    0.698131701   26.517054597   -7.704683750   -4.479665152
   -2.967059728    0.698131701   25.025473078   -9.349936233   -5.888759420
   -2.792526803    0.698131701   23.264363534  -10.800575276   -7.125316231
   -2.617993878    0.698131701   21.260809607  -12.156746039   -8.012080600
   -2.443460953    0.698131701   19.016816628  -13.578243042   -8.477363858
   -2.268928028    0.698131701   16.514998113  -15.092279700   -8.568982185
   -2.094395102    0.698131701   13.761980721  -16.357802355   -8.407513080
   -1.919862177    0.698131701   10.869145274  -16.506944880   -8.107466212
   -1.745329252    0.698131701    8.137603133  -14.297395778   -7.714073799
   -1.570796327    0.698131701    6.075612715   -8.737136217   -7.192766979
   -1.396263402    0.698131701    5.278718747    0.048491539   -6.475138169
   -1.221730476    0.698131701    6.183564345   10.359493541   -5.529302366
   -1.047197551    0.698131701    8.822264781   19.430373350   -4.407053341
   -0.872664626    0.698131701   12.744767399   24.741432072   -3.236668111
   -0.698131701    0.698131701   17.178423213   25.267243615   -2.171375364
   -0.523598776    0.698131701   21.332735321   21.809264580   -1.322723324
   -0.349065850    0.698131701   24.671674183   16.279491871   -0.729479788
   -0.174532925    0.698131701   27.012703896   10.633274487   -0.364162869
    0.000000000    0.698131701   28.455405796    6.135660143   -0.165007560
    0.174532925    0.698131701   29.244024589    3.135666524   -0.067981498
    0.349065850    0.698131701   29.627580255    1.418458392   -0.025080948
    0.523598776    0.698131701   29.793519798    0.566781789   -0.008668346
    0.698131701    0.698131701   29.858810176    0.186149165   -0.001889326
    0.872664626    0.698131701   29.880595506    0.046130364   -0.000116847
    1.047197551    0.698131701   29.885972435    0.009322725   -0.000358319
    1.221730476    0.698131701   29.887175377   -0.000429164   -0.000104706
    1.396263402    0.698131701   29.886716979   -0.003954959   -0.000982706
    1.570796327    0.698131701   29.884985948   -0.016214430   -0.004049794
    1.745329252    0.698131701   29.879425692   -0.051791110   -0.013948995
    1.919862177    0.698131701   29.863494973   -0.142937867   -0.041887495
    2.094395102    0.698131701   29.822159649   -0.353323293   -0.112271197
    2.268928028    0.698131701   29.727101434   -0.775306409   -0.269330382
    2.443460953    0.698131701   29.532212206   -1.514473467   -0.580178733
    2.617993878    0.698131701   29.174215730   -2.648315970   -1.124895877
    2.792526803    0.698131701   28.585015595   -4.154775451   -1.967261467
    2.967059728    0.698131701   27.707400070   -5.911428208   -3.113991998

   -3.141592654    1.047197551   24.795088481  -10.690574467   -6.131194069
   -2.967059728    1.047197551   22.798718717  -12.062534487   -7.891726322
   -2.792526803    1.047197551   20.623078766  -12.772379297   -9.278143336
   -2.617993878    1.047197551   18.361158298  -13.125977539  -10.028601622
   -2.443460953    1.047197551   16.035263972  -13.576059644  -10.052863585
   -2.268928028    1.047197551   13.600452768  -14.381846368   -9.452352531
   -2.094395102    1.047197551   11.008831025  -15.269906349   -8.452514680
   -1.919862177    1.047197551    8.320545783  -15.276335311   -7.293581788
   -1.745329252    1.047197551    5.810212947  -12.991134817   -6.144891420
   -1.570796327    1.047197551    3.986540272   -7.298130594   -5.080920000
   -1.396263402    1.047197551    3.457962440    1.691075864   -4.110899002
   -1.221730476    1.047197551    4.667119549   12.191935760   -3.225193692
   -1.047197551    1.047197551    7.633719886   21.326073683   -2.425595324
   -0.872664626    1.047197551   11.879126919   26.508074553   -1.729260643
   -0.698131701    1.047197551   16.597456908   26.736438758   -1.159785760
   -0.523598776    1.047197551   20.975576202   22.894379403   -0.726495511
   -0.349065850    1.047197551   24.470963960   16.992866654   -0.423725697
   -0.174532925    1.047197551   26.909589598   11.052060175   -0.229783059
    0.000000000    1.047197551   28.406842561    6.356641689   -0.115579862
    0.174532925    1.047197551   29.223036146    3.240771494   -0.053690567
    0.349065850    1.047197551   29.619423840    1.462346847   -0.022381194
    0.523598776    1.047197551   29.790484908    0.584477139   -0.009033565
    0.698131701    1.047197551   29.858028545    0.190682203   -0.002728768
    0.872664626    1.047197551   29.880482904    0.046649306   -0.000582464
    1.047197551    1.047197551   29.885831205    0.010345847   -0.000458617
    1.221730476    1.047197551   29.887129566   -0.000790524   -0.000157887
    1.396263402    1.047197551   29.886309820   -0.007083901   -0.001446222
    1.570796327    1.047197551   29.883309082   -0.028168199   -0.005935660
    1.745329252    1.047197551   29.873674753   -0.089388640   -0.020396416
    1.919862177    1.047197551   29.846379497   -0.244067960   -0.060938571
    2.094395102    1.047197551   29.776543257   -0.594447818   -0.162532564
    2.268928028    1.047197551   29.618359482   -1.282436895   -0.387742588
    2.443460953    1.047197551   29.299584723   -2.456363574   -0.830101805
    2.617993878    1.047197551   28.726774146   -4.189900488   -1.597443749
    2.792526803    1.047197551   27.809812036   -6.367730571   -2.767974997
    2.967059728    1.047197551   26.494057551   -8.680612188   -4.329399424

   -3.141592654    1.396263402   22.379693044  -14.737032932   -7.806631273
   -2.967059728    1.396263402   19.714978880  -15.540974975   -9.954205025
   -2.792526803    1.396263402   17.036484536  -14.953181773  -11.538801592
   -2.617993878    1.396263402   14.540496270  -13.595831651  -12.207773515
   -2.443460953    1.396263402   12.281688820  -12.383341902  -11.842119820
   -2.268928028    1.396263402   10.170176709  -11.964394913  -10.584604198
   -2.094395102    1.396263402    8.063675935  -12.228452721   -8.754112037
   -1.919862177    1.396263402    5.920774532  -12.142569015   -6.709474296
   -1.745329252    1.396263402    3.938923598  -10.109921180   -4.744613388
   -1.570796327    1.396263402    2.582904687   -4.836946952   -3.052840952
   -1.396263402    1.396263402    2.442654253    3.676643055   -1.738689377
   -1.221730476    1.396263402    3.956969596   13.708137679   -0.835177897
   -1.047197551    1.396263402    7.150602832   22.422195591   -0.309970186
   -0.872664626    1.396263402   11.556906567   27.263488567   -0.074523730
   -0.698131701    1.396263402   16.384842912   27.248159841   -0.016708246
   -0.523598776    1.396263402   20.837424906   23.240834235   -0.030571341
   -0.349065850    1.396263402   24.383562258   17.230102460   -0.052350346
   -0.174532925    1.396263402   26.856737727   11.213260403   -0.057497142
    0.000000000    1.396263402   28.376981038    6.460809600   -0.046855413
    0.174532925    1.396263402   29.207568685    3.302481557   -0.030636108
    0.349065850    1.396263402   29.612364642    1.493698013   -0.016181294
    0.523598776    1.396263402   29.787369347    0.600520423   -0.008060572
    0.698131701    1.396263402   29.856946431    0.196766508   -0.003212178
    0.872664626    1.396263402   29.880191804    0.048386972   -0.001020921
    1.047197551    1.396263402   29.885655219    0.011625820   -0.000532246
    1.221730476    1.396263402   29.887066358   -0.001289111   -0.000200421
    1.396263402    1.396263402   29.885726440   -0.011574174   -0.001867143
    1.570796327    1.396263402   29.880912820   -0.045257121   -0.007682966
    1.745329252    1.396263402   29.865445708   -0.143198132   -0.026424989
    1.919862177    1.396263402   29.821823905   -0.389247251   -0.078994395
    2.094395102    1.396263402   29.711137112   -0.940139587   -0.210543762
    2.268928028    1.396263402   29.462583926   -2.008153383   -0.501860440
    2.443460953    1.396263402   28.966795446   -3.800637434   -1.073162280
    2.617993878    1.396263402   28.088156527   -6.379972867   -2.061305245
    2.792526803    1.396263402   26.707283314   -9.487843491   -3.561741058
    2.967059728    1.396263402   24.777830732  -12.531859811   -5.547325792

   -3.141592654    1.745329252   19.476330014  -19.580976456   -8.592063416
   -2.967059728    1.745329252   16.017456429  -19.626698596  -10.935641398
   -2.792526803    1.745329252   12.762553450  -17.337160476  -12.613968330
   -2.617993878    1.745329252   10.043792681  -13.717785915  -13.210322225
   -2.443460953    1.745329252    7.963650983  -10.267124270  -12.571384340
   -2.268928028    1.745329252    6.380150311   -8.150799871  -10.846542087
   -2.094395102    1.745329252    5.030060047   -7.511582458   -8.398618758
   -1.919862177    1.745329252    3.732161049   -7.292429616   -5.657811798
   -1.745329252    1.745329252    2.563618016   -5.722892904   -3.009981420
   -1.570796327    1.745329252    1.902276865   -1.315637730   -0.754715111
   -1.396263402    1.745329252    2.283454133    6.108306427    0.900325735
   -1.221730476    1.745329252    4.123263379   15.018439857    1.855038187
   -1.047197551    1.745329252    7.459014630   22.784267724    2.143303228
   -0.872664626    1.745329252   11.869498306   27.002107000    1.930801027
   -0.698131701    1.745329252   16.624940201   26.730676181    1.452472233
   -0.523598776    1.745329252   20.986391630   22.739799542    0.934098016
   -0.349065850    1.745329252   24.457837283   16.879461379    0.515029571
   -0.174532925    1.745329252   26.884575355   11.025372082    0.241447455
    0.000000000    1.745329252   28.382790862    6.385684995    0.094422307
    0.174532925    1.745329252   29.206052236    3.284164174    0.029339737
    0.349065850    1.745329252   29.610104439    1.494105196    0.006602325
    0.523598776    1.745329252   29.785663705    0.606483438   -0.000321545
    0.698131701    1.745329252   29.856074805    0.201201836   -0.001270826
    0.872664626    1.745329252   29.879849843    0.050490822   -0.000789778
    1.047197551    1.745329252   29.885480069    0.012905421   -0.000433273
    1.221730476    1.745329252   29.886993857   -0.001861006   -0.000206981
    1.396263402    1.745329252   29.885040067   -0.016861138   -0.001999126
    1.570796327    1.745329252   29.878078052   -0.065491561   -0.008293359
    1.745329252    1.745329252   29.855679482   -0.207146719   -0.028629395
    1.919862177    1.745329252   29.792576930   -0.562529369   -0.085923212
    2.094395102    1.745329252   29.633118816   -1.353400859   -0.229472037
    2.268928028    1.745329252   29.276432063   -2.877508930   -0.548249739
    2.443460953    1.745329252   28.568336681   -5.414640381   -1.175120529
    2.617993878    1.745329252   27.322138374   -9.014630421   -2.261947264
    2.792526803    1.745329252   25.382757242  -13.246219615   -3.915484150
    2.967059728    1.745329252   22.714214268  -17.167642558   -6.105241557

   -3.141592654    2.094395102   16.591734115  -24.404161988   -7.585295717
   -2.967059728    2.094395102   12.345332803  -23.649877901   -9.654174789
   -2.792526803    2.094395102    8.532165224  -19.567169816  -11.089466399
   -2.617993878    2.094395102    5.628960373  -13.548492493  -11.479755858
   -2.443460953    2.094395102    3.791906904   -7.704208985  -10.648433194
   -2.268928028    2.094395102    2.826535339   -3.758800399   -8.701201651
   -2.094395102    2.094395102    2.340901033   -2.148418279   -5.956893924
   -1.919862177    2.094395102    2.000182367   -1.820024702   -2.827714683
   -1.745329252    2.094395102    1.743825400   -0.842832572    0.268893376
   -1.570796327    2.094395102    1.844534798    2.469850760    2.944532098
   -1.396263402    2.094395102    2.768031597    8.508429971    4.866277623
   -1.221730476    2.094395102    4.901105756   15.996317370    5.820767012
   -1.047197551    2.094395102    8.299181539   22.581463741    5.794908645
   -0.872664626    2.094395102   12.603633869   26.065556142    5.001278665
   -0.698131701    2.094395102   17.168784896   25.558487970    3.798094911
   -0.523598776    2.094395102   21.333965563   21.699290823    2.556565182
   -0.349065850    2.094395102   24.649863399   16.143194283    1.529104356
   -0.174532925    2.094395102   26.975749523   10.595330445    0.813379729
    0.000000000    2.094395102   28.419588893    6.175419403    0.385344276
    0.174532925    2.094395102   29.218357717    3.198302514    0.162703906
    0.349065850    2.094395102   29.613405202    1.464645812    0.061399209
    0.523598776    2.094395102   29.786008168    0.600426991    0.020032437
    0.698131701    2.094395102   29.855783899    0.202096446    0.005084068
    0.872664626    2.094395102   29.879599861    0.052079647    0.000695433
    1.047197551    2.094395102   29.885380519    0.013635511   -0.000100947
    1.221730476    2.094395102   29.886928263   -0.002378416   -0.000159278
    1.396263402    2.094395102   29.884385884   -0.021908977   -0.001663506
    1.570796327    2.094395102   29.875347013   -0.085031018   -0.007001533
    1.745329252    2.094395102   29.846223098   -0.269242859   -0.024342098
    1.919862177    2.094395102   29.764102230   -0.731868929   -0.073622418
    2.094395102    2.094395102   29.556927365   -1.758576106   -0.197500342
    2.268928028    2.094395102   29.094008014   -3.733180748   -0.474210633
    2.443460953    2.094395102   28.176475922   -7.009756397   -1.021565791
    2.617993878    2.094395102   26.566286979  -11.628418993   -1.975881645
    2.792526803    2.094395102   24.071820475  -16.987214878   -3.435690400
    2.967059728    2.094395102   20.666776227  -21.790701078   -5.377127904

   -3.141592654    2.443460953   14.425091906  -28.053494774   -4.494677849
   -2.967059728    2.443460953    9.586749419  -26.637617025   -5.707689914
   -2.792526803    2.443460953    5.371960895  -21.056754153   -6.464242129
   -2.617993878    2.443460953    2.383072909  -12.985556609   -6.453545083
   -2.443460953    2.443460953    0.832340174   -5.016887581   -5.513483510
   -2.268928028    2.443460953    0.495370421    0.658762460   -3.682477038
   -2.094395102    2.443460953    0.883609224    3.323285537   -1.172666991
   -1.919862177    2.443460953    1.534535930    3.944655904    1.696266258
   -1.745329252    2.443460953    2.255353918    4.468993776    4.549753726
   -1.570796327    2.443460953    3.192655274    6.637008156    6.988461501
   -1.396263402    2.443460953    4.701860230   10.981639565    8.636030094
   -1.221730476    2.443460953    7.098329361   16.536436849    9.234334856
   -1.047197551    2.443460953   10.433499190   21.391921604    8.750506691
   -0.872664626    2.443460953   14.421501357   23.745345565    7.414543850
   -0.698131701    2.443460953   18.539300809   22.873797574    5.636225790
   -0.523598776    2.443460953   22.252840266   19.284586109    3.850432011
   -0.349065850    2.443460953   25.198471720   14.338700295    2.365013266
   -0.174532925    2.443460953   27.267499236    9.444365109    1.306116026
    0.000000000    2.443460953   28.557970586    5.538575613    0.649267700
    0.174532925    2.443460953   29.276927498    2.890062253    0.290567925
    0.349065850    2.443460953   29.635542659    1.333417457    0.116862717
    0.523598776    2.443460953   29.793305206    0.552511480    0.041863369
    0.698131701    2.443460953   29.857650512    0.188852790    0.012523278
    0.872664626    2.443460953   29.879854322    0.050156593    0.002695695
    1.047197551    2.443460953   29.885359086    0.013801582    0.000532743
    1.221730476    2.443460953   29.886888639   -0.002690979   -0.000061128
    1.396263402    2.443460953   29.883935299   -0.025400841   -0.000849605
    1.570796327    2.443460953   29.873427026   -0.098837828   -0.003706325
    1.745329252    2.443460953   29.839502680   -0.313640378   -0.013145159
    1.919862177    2.443460953   29.743628966   -0.854578050   -0.040601280
    2.094395102    2.443460953   29.501778856   -2.054266376   -0.110206339
    2.268928028    2.443460953   28.961001180   -4.362735855   -0.267966259
    2.443460953    2.443460953   27.888660407   -8.193327153   -0.584546508
    2.617993878    2.443460953   26.007213306  -13.583689054   -1.143886490
    2.792526803    2.443460953   23.095845736  -19.806483575   -2.010094515
    2.967059728    2.443460953   19.134248641  -25.292116422   -3.172156678

   -3.141592654    2.792526803   13.611202190  -29.462855515    0.077978006
   -2.967059728    2.792526803    8.550416752  -27.702478841    0.176427518
   -2.792526803    2.792526803    4.213526712  -21.317633779    0.466040331
   -2.617993878    2.792526803    1.277338387  -12.075394200    1.076533775
   -2.443460953    2.792526803    0.000000000   -2.792816771    2.111324303
   -2.268928028    2.792526803    0.158806326    4.075261596    3.600718904
   -2.094395102    2.792526803    1.223956075    7.592562566    5.475606648
   -1.919862177    2.792526803    2.659395942    8.572010635    7.561584186
   -1.745329252    2.792526803    4.175054214    8.838474777    9.584924991
   -1.570796327    2.792526803    5.802212490   10.056245108   11.198542315
   -1.396263402    2.792526803    7.777732012   12.816339292   12.052531849
   -1.221730476    2.792526803   10.327361943   16.433278938   11.911507060
   -1.047197551    2.792526803   13.479919803   19.463620360   10.767417349
   -0.872664626    2.792526803   17.011434325   20.565516119    8.870232512
   -0.698131701    2.792526803   20.524078013   19.256812592    6.640223666
   -0.523598776    2.792526803   23.623921059   15.967348471    4.508183938
   -0.349065850    2.792526803   26.051818525   11.763683510    2.771539695
   -0.174532925    2.792526803   27.745744831    7.715614707    1.540701518
    0.000000000    2.792526803   28.799446934    4.520925682    0.774571590
    0.174532925    2.792526803   29.386766566    2.361025392    0.351665502
    0.349065850    2.792526803   29.680377524    1.090773464    0.143585109
    0.523598776    2.792526803   29.809732057    0.453820747    0.052557219
    0.698131701    2.792526803   29.862715835    0.155823370    0.016239077
    0.872664626    2.792526803   29.880998786    0.042282741    0.003807559
    1.047197551    2.792526803   29.885611089    0.011945283    0.000895059
    1.221730476    2.792526803   29.886888085   -0.002695352    0.000058048
    1.396263402    2.792526803   29.883824530   -0.026284794    0.000232480
    1.570796327    2.792526803   29.872900044   -0.102734936    0.000774576
    1.745329252    2.792526803   29.837541686   -0.327003759    0.002233977
    1.919862177    2.792526803   29.737280998   -0.894080255    0.005279036
    2.094395102    2.792526803   29.484112907   -2.152660424    0.012015233
    2.268928028    2.792526803   28.916946615   -4.579785510    0.023283689
    2.443460953    2.792526803   27.790130356   -8.616538450    0.038305776
    2.617993878    2.792526803   25.809993953  -14.306216062    0.052938476
    2.792526803    2.792526803   22.742108574  -20.879150830    0.060288564
    2.967059728    2.792526803   18.566433272  -26.650488040    0.060868438
