#! FIELDS phi psi file.free der_phi der_psi
#! SET min_phi -pi
#! SET max_phi pi
#! SET nbins_phi  36
#! SET periodic_phi true
#! SET min_psi -pi
#! SET max_psi pi
#! SET nbins_psi  18
#! SET periodic_psi true
   -3.141592654   -3.141592654   18.800827518  -53.345528246   13.997992182
   -2.967059728   -3.141592654   10.753199775  -38.048985320   16.195912220
   -2.792526803   -3.141592654    5.700236039  -19.764599846   17.854474209
   -2.617993878   -3.141592654    3.768673294   -2.991027298   18.951671970
   -2.443460953   -3.141592654    4.352712561    8.630796665   19.685769172
   -2.268928028   -3.141592654    6.403296901   13.831572999   20.411712402
   -2.094395102   -3.141592654    8.878645045   13.892731853   21.493020641
   -1.919862177   -3.141592654   11.122784167   11.714803576   23.135384705
   -1.745329252   -3.141592654   13.022629305   10.406480422   25.277000675
   -1.570796327   -3.141592654   14.937038817   12.111904876   27.563867330
   -1.396263402   -3.141592654   17.472709573   17.490634863   29.440397652
   -1.221730476   -3.141592654   21.214931701   25.641283023   30.320006483
   -1.047197551   -3.141592654   26.476932615   34.493588364   29.785646171
   -0.872664626   -3.141592654   33.154438150   41.417043447   27.718954531
   -0.698131701   -3.141592654   40.703408975   44.157264695   24.314744786
   -0.523598776   -3.141592654   48.262494862   41.423641849   19.976170692
   -0.349065850   -3.141592654   54.848901230   33.087568508   15.147907826
   -0.174532925   -3.141592654   59.540663191   19.885486933   10.186682463
    0.000000000   -3.141592654   61.605687759    3.309817735    5.298134803
    0.174532925   -3.141592654   60.643975168  -14.332859183    0.548741593
    0.349065850   -3.141592654   56.751474722  -29.618408936   -4.028323127
    0.523598776   -3.141592654   50.698234111  -38.371505527   -8.303422901
    0.698131701   -3.141592654   43.959037463  -37.054935453  -11.971653976
    0.872664626   -3.141592654   38.430180463  -24.635531519  -14.590428373
    1.047197551   -3.141592654   35.858020120   -3.963005952  -15.761034680
    1.221730476   -3.141592654   37.175644233   18.746147605  -15.340197576
    1.396263402   -3.141592654   42.100985837   36.295241328  -13.527281435
    1.570796327   -3.141592654   49.231157858   43.418916571  -10.785796283
    1.745329252   -3.141592654   56.556072867   38.622049685   -7.640336105
    1.919862177   -3.141592654   62.132927286   23.948472845   -4.501832784
    2.094395102   -3.141592654   64.576582987    3.459039339   -1.577522439
    2.268928028   -3.141592654   63.253353631  -18.544288789    1.108747546
    2.443460953   -3.141592654   58.223561062  -38.499654551    3.652024698
    2.617993878   -3.141592654   50.094019713  -53.676423417    6.182863367
    2.792526803   -3.141592654   39.894037553  -61.950842955    8.792210006
    2.967059728   -3.141592654   28.965046490  -61.889700023   11.451446437

   -3.141592654   -2.792526803   25.296138164  -48.564424773   21.100005029
   -2.967059728   -2.792526803   17.961144655  -34.724714648   23.297352464
   -2.792526803   -2.792526803   13.349917775  -18.015542296   24.666789359
   -2.617993878   -2.792526803   11.606405530   -2.498371993   25.319237642
   -2.443460953   -2.792526803   12.215709513    8.559847615   25.577174592
   -2.268928028   -2.792526803   14.264459790   14.010746375   25.858929003
   -2.094395102   -2.792526803   16.842136590   14.962887078   26.502261954
   -1.919862177   -2.792526803   19.371782676   13.918874790   27.615909524
   -1.745329252   -2.792526803   21.739252487   13.475925897   29.027493405
   -1.570796327   -2.792526803   24.212893274   15.295056359   30.321277605
   -1.396263402   -2.792526803   27.237035993   19.715047879   30.963192859
   -1.221730476   -2.792526803   31.201141320   25.801917051   30.456500707
   -1.047197551   -2.792526803   36.248192159   31.789933230   28.503573474
   -0.872664626   -2.792526803   42.181817821   35.623047246   25.096856160
   -0.698131701   -2.792526803   48.473936449   35.675574316   20.519857866
   -0.523598776   -2.792526803   54.378024205   31.116300932   15.245680433
   -0.349065850   -2.792526803   59.081403284   21.993954537    9.778773170
   -0.174532925   -2.792526803   61.837759700    8.948179631    4.521943708
    0.000000000   -2.792526803   62.058033693   -6.800237635   -0.284165602
    0.174532925   -2.792526803   59.434551870  -23.206606203   -4.550619893
    0.349065850   -2.792526803   54.120053937  -36.987358121   -8.241655423
    0.523598776   -2.792526803   46.931667532  -43.948245769  -11.272781500
    0.698131701   -2.792526803   39.400875910  -40.476845655  -13.463768987
    0.872664626   -2.792526803   33.484695350  -25.605299356  -14.583481679
    1.047197551   -2.792526803   30.959624743   -2.475037842  -14.487423528
    1.221730476   -2.792526803   32.724241828   22.292520755  -13.233821118
    1.396263402   -2.792526803   38.397961283   41.202376235  -11.081391486
    1.570796327   -2.792526803   46.450370332   48.979763402   -8.378173150
    1.745329252   -2.792526803   54.765664764   44.355336094   -5.411010156
    1.919862177   -2.792526803   61.343886295   29.683729543   -2.328975153
    2.094395102   -2.792526803   64.791448431    9.241307832    0.848307419
    2.268928028   -2.792526803   64.490427104  -12.598580529    4.157871024
    2.443460953   -2.792526803   60.518893136  -32.323179971    7.623539534
    2.617993878   -2.792526803   53.484971505  -47.322586284   11.209257977
    2.792526803   -2.792526803   44.394103190  -55.662573126   14.800014348
    2.967059728   -2.792526803   34.528590265  -56.092427502   18.187044567

   -3.141592654   -2.443460953   32.703110744  -43.657966884   20.128782592
   -2.967059728   -2.443460953   26.094039580  -31.348104022   21.956255205
   -2.792526803   -2.443460953   21.938771064  -16.130623247   23.075814527
   -2.617993878   -2.443460953   20.422488026   -1.681894438   23.601813177
   -2.443460953   -2.443460953   21.130483863    8.995250759   23.772838427
   -2.268928028   -2.443460953   23.271422590   14.722527466   23.867244425
   -2.094395102   -2.443460953   26.025020852   16.282664854   24.078712054
   -1.919862177   -2.443460953   28.830489159   15.695986100   24.418062042
   -1.745329252   -2.443460953   31.505703904   15.095556121   24.699005916
   -1.570796327   -2.443460953   34.183928472   15.866088878   24.592714405
   -1.396263402   -2.443460953   37.148612849   18.329002243   23.742538657
   -1.221730476   -2.443460953   40.648734637   21.810406989   21.875587853
   -1.047197551   -2.443460953   44.754094644   25.020983159   18.900847680
   -0.872664626   -2.443460953   49.288799607   26.483840773   14.942159810
   -0.698131701   -2.443460953   53.839360950   25.043868143   10.313269641
   -0.523598776   -2.443460953   57.836113364   20.084666149    5.430238318
   -0.349065850   -2.443460953   60.652660500   11.552844892    0.695377378
   -0.174532925   -2.443460953   61.688845872   -0.234523249   -3.595309530
    0.000000000   -2.443460953   60.437366564  -14.461924379   -7.283834324
    0.174532925   -2.443460953   56.608481187  -29.363208976  -10.336297944
    0.349065850   -2.443460953   50.343260441  -41.719301555  -12.760819407
    0.523598776   -2.443460953   42.454788315  -47.206365058  -14.529953353
    0.698131701   -2.443460953   34.498413531  -42.040979480  -15.546007175
    0.872664626   -2.443460953   28.472975434  -25.256209236  -15.678490265
    1.047197551   -2.443460953   26.176768155   -0.221203523  -14.869068865
    1.221730476   -2.443460953   28.478552687   26.120688785  -13.207933393
    1.396263402   -2.443460953   34.919122854   46.069367241  -10.914085559
    1.570796327   -2.443460953   43.874485206   54.392920003   -8.238174181
    1.745329252   -2.443460953   53.161127902   50.046212113   -5.354909633
    1.919862177   -2.443460953   60.754209496   35.628804571   -2.328608455
    2.094395102   -2.443460953   65.268899296   15.537718650    0.854212595
    2.268928028   -2.443460953   66.103049750   -5.891128724    4.209545533
    2.443460953   -2.443460953   63.334772852  -25.275746335    7.700033839
    2.617993878   -2.443460953   57.545400132  -40.164711240   11.216296586
    2.792526803   -2.443460953   49.687252675  -48.779865927   14.592502425
    2.967059728   -2.443460953   40.966142767  -49.966070440   17.629622479

   -3.141592654   -2.094395102   38.518499262  -40.175800547   12.880714567
   -2.967059728   -2.094395102   32.427417675  -28.903915186   13.841911205
   -2.792526803   -2.094395102   28.612995971  -14.645649349   14.488872366
   -2.617993878   -2.094395102   27.287947995   -0.927983465   14.900604166
   -2.443460953   -2.094395102   28.087359511    9.343091086   15.147562166
   -2.268928028   -2.094395102   30.273575338   14.923582145   15.275186909
   -2.094395102   -2.094395102   33.053698157   16.364483413   15.269066083
   -1.919862177   -2.094395102   35.844848808   15.383910060   15.029400631
   -1.745329252   -2.094395102   38.394838410   13.880312471   14.386916911
   -1.570796327   -2.094395102   40.741294785   13.202128206   13.151724410
   -1.396263402   -2.094395102   43.084738676   13.839390160   11.192795718
   -1.221730476   -2.094395102   45.634321915   15.440615299    8.493881983
   -1.047197551   -2.094395102   48.483181422   17.083092567    5.183745492
   -0.872664626   -2.094395102   51.540116567   17.620287114    1.515201389
   -0.698131701   -2.094395102   54.521253725   16.072701319   -2.189889462
   -0.523598776   -2.094395102   57.001569435   11.810029154   -5.619753579
   -0.349065850   -2.094395102   58.478968473    4.561511065   -8.551582421
   -0.174532925   -2.094395102   58.427831571   -5.681078682  -10.902006084
    0.000000000   -2.094395102   56.356123844  -18.446525538  -12.720175539
    0.174532925   -2.094395102   51.937989230  -32.177543556  -14.145231786
    0.349065850   -2.094395102   45.260648530  -43.653446233  -15.309537255
    0.523598776   -2.094395102   37.102442773  -48.350854557  -16.249771862
    0.698131701   -2.094395102   29.025378234  -42.229419982  -16.862410845
    0.872664626   -2.094395102   23.069737452  -24.219473492  -16.940935126
    1.047197551   -2.094395102   21.073909715    2.191670437  -16.291652841
    1.221730476   -2.094395102   23.911770718   29.812561806  -14.847944958
    1.396263402   -2.094395102   31.087407528   50.738969750  -12.700386930
    1.570796327   -2.094395102   40.918060129   59.699005511  -10.045145244
    1.745329252   -2.094395102   51.167979275   55.741369664   -7.093574118
    1.919862177   -2.094395102   59.779937666   41.587688027   -4.012389099
    2.094395102   -2.094395102   65.353040157   21.688746395   -0.913151041
    2.268928028   -2.094395102   67.270800671    0.346154383    2.114876669
    2.443460953   -2.094395102   65.586945919  -19.128516797    4.974576001
    2.617993878   -2.094395102   60.846396470  -34.340528779    7.556820744
    2.792526803   -2.094395102   53.958839304  -43.532474907    9.763478014
    2.967059728   -2.094395102   46.088120392  -45.524664476   11.539908854

   -3.141592654   -1.745329252   40.705590126  -39.300465605    5.657780815
   -2.967059728   -1.745329252   34.754219038  -28.148719184    5.838083711
   -2.792526803   -1.745329252   31.073493384  -13.862735577    6.004437986
   -2.617993878   -1.745329252   29.885672858   -0.161821758    6.165040113
   -2.443460953   -1.745329252   30.804027149    9.899277106    6.225231776
   -2.268928028   -1.745329252   33.047824322   14.973485241    6.027124955
   -2.094395102   -1.745329252   35.766443440   15.545704307    5.391397492
   -1.919862177   -1.745329252   38.310790040   13.315662548    4.162358533
   -1.745329252   -1.745329252   40.367212537   10.256314179    2.262642734
   -1.570796327   -1.745329252   41.936881722    7.940888744   -0.258874627
   -1.396263402   -1.745329252   43.234531308    7.193200117   -3.201497688
   -1.221730476   -1.745329252   44.544576037    8.014619151   -6.256251867
   -1.047197551   -1.745329252   46.089290729    9.717999675   -9.093642395
   -0.872664626   -1.745329252   47.931384269   11.201200338  -11.455646784
   -0.698131701   -1.745329252   49.927022511   11.290689074  -13.202370503
   -0.523598776   -1.745329252   51.742369860    8.997145298  -14.309081946
   -0.349065850   -1.745329252   52.895590929    3.611511605  -14.841657248
   -0.174532925   -1.745329252   52.808016686   -5.248245216  -14.942643130
    0.000000000   -1.745329252   50.880911379  -17.348866499  -14.819920863
    0.174532925   -1.745329252   46.657773596  -31.144688853  -14.721518460
    0.349065850   -1.745329252   40.115251533  -43.189592317  -14.855334535
    0.523598776   -1.745329252   31.979058288  -48.534107919  -15.288276651
    0.698131701   -1.745329252   23.839069336  -42.670177695  -15.875552791
    0.872664626   -1.745329252   17.832244660  -24.245016402  -16.288952824
    1.047197551   -1.745329252   15.916952837    3.222598611  -16.152366297
    1.221730476   -1.745329252   19.055410337   32.240390785  -15.211941853
    1.396263402   -1.745329252   26.775773163   54.507517294  -13.429374775
    1.570796327   -1.745329252   37.356947608   64.448798132  -10.971842602
    1.745329252   -1.745329252   48.487931167   61.000783869   -8.119152050
    1.919862177   -1.745329252   58.030448844   46.919015894   -5.163210764
    2.094395102   -1.745329252   64.515034962   26.745409896   -2.345396637
    2.268928028   -1.745329252   67.271563442    4.856752034    0.154431625
    2.443460953   -1.745329252   66.311646925  -15.377536508    2.210501273
    2.617993878   -1.745329252   62.149300364  -31.481766982    3.751447932
    2.792526803   -1.745329252   55.682631107  -41.557815988    4.773599297
    2.967059728   -1.745329252   48.092969681  -44.257048750    5.361106428

   -3.141592654   -1.396263402   40.537096648  -40.176852731    1.823680781
   -2.967059728   -1.396263402   34.455529429  -28.736288918    1.374474379
   -2.792526803   -1.396263402   30.704003906  -14.110997327    0.916032830
   -2.617993878   -1.396263402   29.484307258   -0.350462615    0.472689928
   -2.443460953   -1.396263402   30.339453283    9.272397159   -0.052188993
   -2.268928028   -1.396263402   32.394892532   13.356983583   -0.853157706
   -2.094395102   -1.396263402   34.711823604   12.505388634   -2.174836608
   -1.919862177   -1.396263402   36.586114938    8.679434486   -4.223569081
   -1.745329252   -1.396263402   37.705629720    4.225628610   -7.055367910
   -1.570796327   -1.396263402   38.143748840    1.144260783  -10.485575259
   -1.396263402   -1.396263402   38.255810546    0.580587268  -14.080656686
   -1.221730476   -1.396263402   38.502829731    2.605940748  -17.276374683
   -1.047197551   -1.396263402   39.267848395    6.284668200  -19.569328328
   -0.872664626   -1.396263402   40.710272506   10.063525901  -20.677070053
   -0.698131701   -1.396263402   42.698412790   12.280401410  -20.590967858
   -0.523598776   -1.396263402   44.836616178   11.602951421  -19.523129200
   -0.349065850   -1.396263402   46.535727899    7.142029201  -17.813851010
   -0.174532925   -1.396263402   47.090651289   -1.538952627  -15.857639989
    0.000000000   -1.396263402   45.773156952  -14.189036404  -14.052948155
    0.174532925   -1.396263402   42.007721687  -29.142700820  -12.746456073
    0.349065850   -1.396263402   35.686873939  -42.671959605  -12.145171944
    0.523598776   -1.396263402   27.517532617  -49.369370552  -12.232257068
    0.698131701   -1.396263402   19.157706199  -44.220128152  -12.738008684
    0.872664626   -1.396263402   12.887932985  -25.545342163  -13.220455800
    1.047197551   -1.396263402   10.837812132    3.097520261  -13.233296024
    1.221730476   -1.396263402   14.101694316   33.840168484  -12.502569594
    1.396263402   -1.396263402   22.256497456   57.836200552  -11.006549690
    1.570796327   -1.396263402   33.538407523   69.038216285   -8.937996985
    1.745329252   -1.396263402   45.530085050   66.142974982   -6.591983038
    1.919862177   -1.396263402   55.966173596   51.900739237   -4.251376106
    2.094395102   -1.396263402   63.263981683   30.999360326   -2.127724212
    2.268928028   -1.396263402   66.671404171    8.013879463   -0.358311480
    2.443460953   -1.396263402   66.153233119  -13.482556636    0.972804735
    2.617993878   -1.396263402   62.212951747  -30.810385544    1.823017376
    2.792526803   -1.396263402   55.774230660  -41.852561369    2.192504480
    2.967059728   -1.396263402   48.080535477  -45.091439400    2.151261918

   -3.141592654   -1.047197551   38.600245669  -42.969898131    2.425645703
   -2.967059728   -1.047197551   32.053493425  -31.210849408    1.230056589
   -2.792526803   -1.047197551   27.920881673  -15.981807493   -0.243054547
   -2.617993878   -1.047197551   26.426729534   -1.664205002   -1.853829716
   -2.443460953   -1.047197551   27.074993575    8.128029889   -3.550617103
   -2.268928028   -1.047197551   28.900848094   11.758302999   -5.413123294
   -2.094395102   -1.047197551   30.851249020    9.810846876   -7.635868576
   -1.919862177   -1.047197551   32.128366690    4.503807138  -10.414511056
   -1.745329252   -1.047197551   32.394812886   -1.300983711  -13.776333613
   -1.570796327   -1.047197551   31.801787441   -4.969523370  -17.445009943
   -1.396263402   -1.047197551   30.882892942   -4.893291879  -20.848538658
   -1.221730476   -1.047197551   30.325188715   -0.953116583  -23.302733294
   -1.047197551   -1.047197551   30.702352389    5.483327117  -24.284541962
   -0.872664626   -1.047197551   32.261478390   12.159759764  -23.630619443
   -0.698131701   -1.047197551   34.833821943   16.739935261  -21.565977523
   -0.523598776   -1.047197551   37.889623029   17.475810310  -18.583147109
   -0.349065850   -1.047197551   40.657106668   13.327975757  -15.264909955
   -0.174532925   -1.047197551   42.241785658    3.908430645  -12.143452261
    0.000000000   -1.047197551   41.746304558  -10.340018881   -9.615978490
    0.174532925   -1.047197551   38.472339365  -27.409287461   -7.883984482
    0.349065850   -1.047197551   32.264687750  -43.061056695   -6.921270112
    0.523598776   -1.047197551   23.881264502  -51.294412398   -6.492637826
    0.698131701   -1.047197551   15.127771548  -46.616468550   -6.242431605
    0.872664626   -1.047197551    8.487966248  -27.214317148   -5.843169374
    1.047197551   -1.047197551    6.280237240    3.052439988   -5.123935246
    1.221730476   -1.047197551    9.705242839   35.715406695   -4.110753117
    1.396263402   -1.047197551   18.334878213   61.298258790   -2.955017340
    1.570796327   -1.047197551   30.307574346   73.346697912   -1.814553346
    1.745329252   -1.047197551   43.065204399   70.478709294   -0.771261202
    1.919862177   -1.047197551   54.210780119   55.602763779    0.181767049
    2.094395102   -1.047197551   62.068096719   33.660308608    1.085786524
    2.268928028   -1.047197551   65.834274431    9.446360550    1.952494516
    2.443460953   -1.047197551   65.455255543  -13.313331248    2.725141673
    2.617993878   -1.047197551   61.438902930  -31.835125656    3.284797305
    2.792526803   -1.047197551   54.731391348  -43.864428967    3.480657457
    2.967059728   -1.047197551   46.626000224  -47.739190111    3.203694348

   -3.141592654   -0.698131701   38.408945058  -46.316555446    2.400028999
   -2.967059728   -0.698131701   31.209057553  -35.277174037    0.573578396
   -2.792526803   -0.698131701   26.335914610  -20.324851635   -1.735381744
   -2.617993878   -0.698131701   24.086862485   -5.931482132   -4.284010134
   -2.443460953   -0.698131701   24.004732155    4.010982299   -6.890493123
   -2.268928028   -0.698131701   25.107947463    7.529748982   -9.523552605
   -2.094395102   -0.698131701   26.278946065    5.040200338  -12.297748581
   -1.919862177   -0.698131701   26.654639242   -1.059946379  -15.340691350
   -1.745329252   -0.698131701   25.896936181   -7.367353174  -18.601830100
   -1.570796327   -0.698131701   24.266462659  -10.585914353  -21.719400710
   -1.396263402   -0.698131701   22.502833449   -8.724970297  -24.068951868
   -1.221730476   -0.698131701   21.520305818   -1.840187689  -24.998159878
   -1.047197551   -0.698131701   22.039410256    7.999097897  -24.133899367
   -0.872664626   -0.698131701   24.309294355   17.646733878  -21.566279804
   -0.698131701   -0.698131701   28.020690645   24.076163794  -17.815849850
   -0.523598776   -0.698131701   32.417801406   25.272774436  -13.628591101
   -0.349065850   -0.698131701   36.492075287   20.318650713   -9.716815351
   -0.174532925   -0.698131701   39.158941401    9.204457381   -6.569563981
    0.000000000   -0.698131701   39.409040685   -7.111088576   -4.363249531
    0.174532925   -0.698131701   36.527192131  -26.070363105   -2.942885802
    0.349065850   -0.698131701   30.434102631  -42.949547042   -1.906789797
    0.523598776   -0.698131701   22.031381420  -51.475269066   -0.780985944
    0.698131701   -0.698131701   13.286725618  -46.231911191    0.756176727
    0.872664626   -0.698131701    6.801052856  -25.819418043    2.697107983
    1.047197551   -0.698131701    4.921743057    5.348643265    4.699329275
    1.221730476   -0.698131701    8.791127676   38.400457908    6.271343197
    1.396263402   -0.698131701   17.880015172   63.785815286    7.040142466
    1.570796327   -0.698131701   30.241133181   75.273066498    6.940051218
    1.745329252   -0.698131701   43.281472237   71.809021278    6.216346110
    1.919862177   -0.698131701   54.619738123   56.520400373    5.279764245
    2.094395102   -0.698131701   62.616764603   34.369576947    4.508149312
    2.268928028   -0.698131701   66.494718272   10.011388538    4.106272386
    2.443460953   -0.698131701   66.192704081  -13.030899452    4.058633647
    2.617993878   -0.698131701   62.179864685  -32.141582144    4.163258864
    2.792526803   -0.698131701   55.344061277  -45.078552034    4.103349577
    2.967059728   -0.698131701   46.932207040  -50.053321446    3.577328375

   -3.141592654   -0.349065850   39.110569136  -49.939967034    2.855679375
   -2.967059728   -0.349065850   31.157035944  -40.209971840    0.722672454
   -2.792526803   -0.349065850   25.346597751  -26.019949406   -2.001522702
   -2.617993878   -0.349065850   22.081750830  -11.787336844   -5.018503071
   -2.443460953   -0.349065850   20.992176988   -1.645714502   -8.070682904
   -2.268928028   -0.349065850   21.127317448    2.066571142  -11.048148485
   -2.094395102   -0.349065850   21.346157143   -0.441506033  -13.975738753
   -1.919862177   -0.349065850   20.756602117   -6.612857194  -16.870966788
   -1.745329252   -0.349065850   19.052419326  -12.530922305  -19.568736279
   -1.570796327   -0.349065850   16.626252266  -14.334665854  -21.639033299
   -1.396263402   -0.349065850   14.421525082   -9.835650998  -22.499679817
   -1.221730476   -0.349065850   13.540146197    0.504735284  -21.678522471
   -1.047197551   -0.349065850   14.772214494   13.729814903  -19.090803992
   -0.872664626   -0.349065850   18.269372498   25.745019861  -15.141126097
   -0.698131701   -0.349065850   23.487300411   32.947377769  -10.594728157
   -0.523598776   -0.349065850   29.381726357   33.310606992   -6.299705147
   -0.349065850   -0.349065850   34.697698219   26.370173338   -2.891375792
   -0.174532925   -0.349065850   38.210535807   12.832362797   -0.614289134
    0.000000000   -0.349065850   38.903154035   -5.550183340    0.721969691
    0.174532925   -0.349065850   36.183474484  -25.565467061    1.675334776
    0.349065850   -0.349065850   30.183081778  -42.178493378    2.955573038
    0.523598776   -0.349065850   22.023474622  -49.336842923    5.116142399
    0.698131701   -0.349065850   13.805042250  -42.379751449    8.254725565
    0.872664626   -0.349065850    8.103558840  -20.878622917   11.883705789
    1.047197551   -0.349065850    7.088907554   10.063190909   15.102859842
    1.221730476   -0.349065850   11.660983058   41.546411084   17.012143309
    1.396263402   -0.349065850   21.103667766   64.647156603   17.128903735
    1.570796327   -0.349065850   33.422582119   74.025732233   15.582046034
    1.745329252   -0.349065850   46.121075843   69.318606976   12.995013051
    1.919862177   -0.349065850   56.994449794   53.856498522   10.176287495
    2.094395102   -0.349065850   64.573863932   32.346594313    7.800115542
    2.268928028   -0.349065850   68.181576413    8.943385685    6.217735059
    2.443460953   -0.349065850   67.763800063  -13.360380480    5.424216392
    2.617993878   -0.349065850   63.715379847  -32.352974654    5.130338425
    2.792526803   -0.349065850   56.798292820  -45.925303030    4.879480173
    2.967059728   -0.349065850   48.134744537  -52.160699803    4.221018857

   -3.141592654    0.000000000   40.419726483  -53.025100564    2.398686258
   -2.967059728    0.000000000   31.796924742  -44.727605799    0.527462268
   -2.792526803    0.000000000   25.104690681  -31.499941471   -1.845189450
   -2.617993878    0.000000000   20.842354398  -17.644797464   -4.466184657
   -2.443460953    0.000000000   18.729090193   -7.472724212   -7.113935213
   -2.268928028    0.000000000   17.861548537   -3.589502270   -9.683924526
   -2.094395102    0.000000000   17.110785078   -5.878559632  -12.153977993
   -1.919862177    0.000000000   15.608284530  -11.556825615  -14.450293712
   -1.745329252    0.000000000   13.133532540  -16.256884143  -16.319226254
   -1.570796327    0.000000000   10.239917045  -15.778853944  -17.313927654
   -1.396263402    0.000000000    8.053887445   -8.055553613  -16.957158904
   -1.221730476    0.000000000    7.789541398    5.758254884  -14.995405962
   -1.047197551    0.000000000   10.193821476   21.701248343  -11.606629949
   -0.872664626    0.000000000   15.207035387   34.836898751   -7.406657556
   -0.698131701    0.000000000   21.974346244   41.305426257   -3.241023480
   -0.523598776    0.000000000   29.154476825   39.504576865    0.126590101
   -0.349065850    0.000000000   35.314556898   29.837942860    2.293970138
   -0.174532925    0.000000000   39.220083089   14.007089372    3.335766497
    0.000000000    0.000000000   40.006242658   -5.390890492    3.767167803
    0.174532925    0.000000000   37.348642972  -24.728111521    4.386211272
    0.349065850    0.000000000   31.667825250  -39.166301245    5.981819160
    0.523598776    0.000000000   24.278528482  -43.533840422    8.990503629
    0.698131701    0.000000000   17.275719438  -34.499908224   13.221731771
    0.872664626    0.000000000   12.999740985  -12.818111387   17.819893236
    1.047197551    0.000000000   13.238502351   16.000262576   21.567370394
    1.221730476    0.000000000   18.530396877   43.678131622   23.406875689
    1.396263402    0.000000000   27.976684139   62.622901025   22.889913674
    1.570796327    0.000000000   39.644208048   68.840966222   20.321292539
    1.745329252    0.000000000   51.287845201   62.735176454   16.550366449
    1.919862177    0.000000000   61.020407107   47.628434303   12.578096782
    2.094395102    0.000000000   67.634999173   27.650536424    9.199606060
    2.268928028    0.000000000   70.591333550    6.175739263    6.818086675
    2.443460953    0.000000000   69.839664500  -14.517809964    5.437554566
    2.617993878    0.000000000   65.673579793  -32.713933045    4.758096136
    2.792526803    0.000000000   58.691507184  -46.471501921    4.310393762
    2.967059728    0.000000000   49.850095808  -53.745328926    3.628971238

   -3.141592654    0.349065850   41.601153534  -55.344383397    1.282284539
   -2.967059728    0.349065850   32.466790587  -48.217060039    0.294329071
   -2.792526803    0.349065850   25.088804975  -35.773761485   -0.986289465
   -2.617993878    0.349065850   20.050213764  -22.179252885   -2.459170251
   -2.443460953    0.349065850   17.152797579  -11.876762959   -4.030346613
   -2.268928028    0.349065850   15.541910808   -7.688030462   -5.652025952
   -2.094395102    0.349065850   14.109264704   -9.568000787   -7.280723006
   -1.919862177    0.349065850   12.016840130  -14.554251686   -8.789095831
   -1.745329252    0.349065850    9.120777764  -17.963400488   -9.911616099
   -1.570796327    0.349065850    6.096953668  -15.444338343  -10.285745094
   -1.396263402    0.349065850    4.187219467   -5.181569784   -9.607472142
   -1.221730476    0.349065850    4.640063646   11.010390666   -7.808227081
   -1.047197551    0.349065850    8.105391176   28.396903072   -5.155534406
   -0.872664626    0.349065850   14.309818081   41.536993592   -2.187241522
   -0.698131701    0.349065850   22.143930687   46.622286999    0.491660179
   -0.523598776    0.349065850   30.067212598   42.632613131    2.450779055
   -0.349065850    0.349065850   36.579116982   30.821242049    3.611078783
   -0.174532925    0.349065850   40.529113546   13.736250080    4.267424879
    0.000000000    0.349065850   41.265131796   -5.415197589    4.996761230
    0.174532925    0.349065850   38.746173885  -22.861919946    6.473854635
    0.349065850    0.349065850   33.648479496  -34.238695822    9.204288143
    0.523598776    0.349065850   27.402064131  -35.478484701   13.256275168
    0.698131701    0.349065850   21.990428900  -24.668091211   18.105244755
    0.872664626    0.349065850   19.414071734   -3.633255023   22.712806725
    1.047197551    0.349065850   21.009608795   21.991020213   25.891536354
    1.221730476    0.349065850   26.941088431   44.878185188   26.791970651
    1.396263402    0.349065850   36.165234768   59.010161035   25.234003762
    1.570796327    0.349065850   46.876138057   61.810126522   21.729581233
    1.745329252    0.349065850   57.144522577   54.368176218   17.208182713
    1.919862177    0.349065850   65.444457074   39.857289772   12.639740192
    2.094395102    0.349065850   70.850963535   21.711790049    8.743584647
    2.268928028    0.349065850   72.965682045    2.469653124    5.871351701
    2.443460953    0.349065850   71.743008366  -16.308031181    4.037450345
    2.617993878    0.349065850   67.377086470  -33.375264499    3.013743317
    2.792526803    0.349065850   60.308622915  -46.956592832    2.441134898
    2.967059728    0.349065850   51.332096720  -54.896313449    1.953860338

   -3.141592654    0.698131701   42.845716818  -55.870239454   -0.931798762
   -2.967059728    0.698131701   33.553323388  -49.496479353   -0.985359990
   -2.792526803    0.698131701   25.888713806  -37.742842492   -1.033032697
   -2.617993878    0.698131701   20.460633386  -24.630257712   -1.151827319
   -2.443460953    0.698131701   17.108953352  -14.596861748   -1.410067306
   -2.268928028    0.698131701   15.013270758  -10.492392680   -1.855648589
   -2.094395102    0.698131701   13.099188950  -12.234429136   -2.475115276
   -1.919862177    0.698131701   10.577966042  -16.729967179   -3.158499538
   -1.745329252    0.698131701    7.379519358  -19.167188003   -3.712123429
   -1.570796327    0.698131701    4.263658656  -15.237265463   -3.921003766
   -1.396263402    0.698131701    2.527189493   -3.411389297   -3.649831030
   -1.221730476    0.698131701    3.406692417   14.039560506   -2.910074903
   -1.047197551    0.698131701    7.461101954   31.977476421   -1.859087012
   -0.872664626    0.698131701   14.275844978   44.815178317   -0.722022230
   -0.698131701    0.698131701   22.607409257   48.969590176    0.321405453
   -0.523598776    0.698131701   30.845934572   43.927795270    1.232235049
   -0.349065850    0.698131701   37.522070994   31.529702887    2.158346061
   -0.174532925    0.698131701   41.611249880   14.805482053    3.398318059
    0.000000000    0.698131701   42.649596742   -2.828465190    5.321132417
    0.174532925    0.698131701   40.787655046  -17.802559412    8.236073088
    0.349065850    0.698131701   36.816851261  -26.423872203   12.217527451
    0.523598776    0.698131701   32.128674838  -25.661908394   16.953542271
    0.698131701    0.698131701   28.479627415  -14.662460018   21.710087132
    0.872664626    0.698131701   27.495787727    4.212662413   25.486989992
    1.047197551    0.698131701   30.119845135   25.678646153   27.369352324
    1.221730476    0.698131701   36.259075002   43.552337325   26.899018771
    1.396263402    0.698131701   44.846721920   53.248130909   24.241388361
    1.570796327    0.698131701   54.280307182   53.264164299   20.080442618
    1.745329252    0.698131701   62.961453113   45.055584869   15.309662059
    1.919862177    0.698131701   69.697762887   31.488407640   10.720973704
    2.094395102    0.698131701   73.807294381   15.327314184    6.823284476
    2.268928028    0.698131701   75.009309718   -1.604521444    3.826560127
    2.443460953    0.698131701   73.261749100  -18.327579182    1.721866758
    2.617993878    0.698131701   68.678932263  -33.964133574    0.375452014
    2.792526803    0.698131701   61.576292331  -46.879413999   -0.396394168
    2.967059728    0.698131701   52.615887442  -54.864229928   -0.780227354

   -3.141592654    1.047197551   41.627242210  -55.326064093   -5.664293519
   -2.967059728    1.047197551   32.488951471  -48.319030425   -5.005235350
   -2.792526803    1.047197551   25.057482537  -36.313607936   -4.039088745
   -2.617993878    1.047197551   19.869640110  -23.370198577   -3.008458272
   -2.443460953    1.047197551   16.696816644  -13.848111137   -2.133511300
   -2.268928028    1.047197551   14.675846281  -10.385432168   -1.547686915
   -2.094395102    1.047197551   12.731483070  -12.647016039   -1.258573428
   -1.919862177    1.047197551   10.114238879  -17.362129825   -1.170961406
   -1.745329252    1.047197551    6.810704807  -19.692811111   -1.167242046
   -1.570796327    1.047197551    3.627586912  -15.467902926   -1.183385943
   -1.396263402    1.047197551    1.877784030   -3.352077297   -1.236174464
   -1.221730476    1.047197551    2.783811914   14.251875870   -1.368887589
   -1.047197551    1.047197551    6.879014266   32.213480767   -1.564456651
   -0.872664626    1.047197551   13.735667793   45.071175622   -1.691750455
   -0.698131701    1.047197551   22.126693294   49.442014244   -1.522723810
   -0.523598776    1.047197551   30.493497558   45.006052817   -0.799573794
   -0.349065850    1.047197551   37.447752137   33.728881452    0.699546787
   -0.174532925    1.047197551   42.057701953   18.654007345    3.113661996
    0.000000000    1.047197551   43.940738441    3.041893756    6.474935267
    0.174532925    1.047197551   43.282885684   -9.924805375   10.669372121
    0.349065850    1.047197551   40.822468026  -17.161691279   15.369246730
    0.523598776    1.047197551   37.780797794  -16.325688416   19.994386759
    0.698131701    1.047197551   35.639359456   -7.033324189   23.772393925
    0.872664626    1.047197551   35.711834005    8.447967083   25.932911244
    1.047197551    1.047197551   38.702620794   25.580590592   25.991897216
    1.221730476    1.047197551   44.450574949   39.288490974   23.958422506
    1.396263402    1.047197551   52.009253854   45.968393487   20.317173625
    1.570796327    1.047197551   60.024723495   44.559564189   15.813825442
    1.745329252    1.047197551   67.170257017   36.367575968   11.162665396
    1.919862177    1.047197551   72.464029053   23.753062063    6.856907902
    2.094395102    1.047197551   75.339368642    8.949764481    3.130438587
    2.268928028    1.047197551   75.551685125   -6.577121162    0.046200050
    2.443460953    1.047197551   73.051184620  -22.002389899   -2.397445121
    2.617993878    1.047197551   67.931182059  -36.454843988   -4.200718416
    2.792526803    1.047197551   60.490325790  -48.262398444   -5.343811105
    2.967059728    1.047197551   51.378137689  -55.208089957   -5.819461128

   -3.141592654    1.396263402   37.180914957  -55.298352951  -11.002718715
   -2.967059728    1.396263402   28.205302707  -46.526563363   -9.991905300
   -2.792526803    1.396263402   21.209105820  -33.220383746   -8.434598988
   -2.617993878    1.396263402   16.623994236  -19.679526052   -6.688990772
   -2.443460953    1.396263402   14.094431816  -10.270620224   -5.058869862
   -2.268928028    1.396263402   12.651510734   -7.389050200   -3.693734914
   -2.094395102    1.396263402   11.166801692  -10.375052655   -2.570892357
   -1.919862177    1.396263402    8.886927740  -15.756676202   -1.583352508
   -1.745329252    1.396263402    5.809576836  -18.714438469   -0.679076371
   -1.570796327    1.396263402    2.735473531  -15.229596591    0.062042346
   -1.396263402    1.396263402    0.950996736   -4.011318187    0.471607756
   -1.221730476    1.396263402    1.665830226   12.749916924    0.447733235
   -1.047197551    1.396263402    5.457195677   30.338573253    0.099050044
   -0.872664626    1.396263402   12.013355271   43.654517743   -0.234356582
   -0.698131701    1.396263402   20.266485907   49.424654989   -0.105062162
   -0.523598776    1.396263402   28.808294759   47.121498499    0.862052066
   -0.349065850    1.396263402   36.345469583   38.307214608    2.845693766
   -0.174532925    1.396263402   41.962911716   25.559342812    5.809981894
    0.000000000    1.396263402   45.214773061   11.689684444    9.542269778
    0.174532925    1.396263402   46.148491808   -0.539594964   13.685409027
    0.349065850    1.396263402   45.294263773   -8.393677679   17.735481288
    0.523598776    1.396263402   43.618886884   -9.679367054   21.066430699
    0.698131701    1.396263402   42.355494758   -3.781299114   23.037751593
    0.872664626    1.396263402   42.651237799    7.737584807   23.192925818
    1.047197551    1.396263402   45.194496956   21.308702663   21.461722353
    1.221730476    1.396263402   49.969677284   32.649527113   18.216966343
    1.396263402    1.396263402   56.270516768   38.421695596   14.117510832
    1.570796327    1.396263402   62.975855462   37.227256542    9.833293200
    1.745329252    1.396263402   68.900580880   29.738456228    5.808892508
    1.919862177    1.396263402   73.097136856   17.767421574    2.199832936
    2.094395102    1.396263402   74.963607098    3.330988923   -1.039727591
    2.268928028    1.396263402   74.212173742  -12.007919976   -3.989624781
    2.443460953    1.396263402   70.783851378  -27.162443733   -6.643915381
    2.617993878    1.396263402   64.810065960  -40.990469982   -8.872131405
    2.792526803    1.396263402   56.666551185  -51.677616934  -10.455418092
    2.967059728    1.396263402   47.089988234  -57.027640659  -11.193805910

   -3.141592654    1.745329252   31.386669699  -54.722021243  -16.579029504
   -2.967059728    1.745329252   22.694238672  -43.943024682  -16.004903806
   -2.792526803    1.745329252   16.274070009  -29.346884158  -14.575091919
   -2.617993878    1.745329252   12.413942852  -15.383168359  -12.598614871
   -2.443460953    1.745329252   10.618764435   -6.236067676  -10.375024655
   -2.268928028    1.745329252    9.833277964   -3.905052940   -8.081311616
   -2.094395102    1.745329252    8.910480814   -7.397225891   -5.740189594
   -1.919862177    1.745329252    7.115066380  -13.181800864   -3.308053898
   -1.745329252    1.745329252    4.446870856  -16.645800238   -0.825906939
   -1.570796327    1.745329252    1.666218722  -14.004922717    1.493158605
   -1.396263402    1.745329252    0.000000000   -3.909872117    3.321255786
   -1.221730476    1.745329252    0.642764951   11.886265890    4.409413211
   -1.047197551    1.745329252    4.251364388   29.264257473    4.776939269
   -0.872664626    1.745329252   10.682211813   43.478086605    4.752641480
   -0.698131701    1.745329252   19.057437765   51.130756678    4.831327586
   -0.523598776    1.745329252   28.098409636   51.152023966    5.452699701
   -0.349065850    1.745329252   36.531276283   44.451345391    6.830841137
   -0.174532925    1.745329252   43.354034437   33.068185733    8.918810461
    0.000000000    1.745329252   47.959229807   19.492318177   11.446447924
    0.174532925    1.745329252   50.192988422    6.341008823   13.982196834
    0.349065850    1.745329252   50.371498872   -3.630708547   15.990631709
    0.523598776    1.745329252   49.270010902   -7.982410918   16.931363154
    0.698131701    1.745329252   48.000968523   -5.539138934   16.416539022
    0.872664626    1.745329252   47.712397936    2.940099642   14.390168983
    1.047197551    1.745329252   49.233401092   14.624595314   11.208940469
    1.221730476    1.745329252   52.783719176   25.528316005    7.529150517
    1.396263402    1.745329252   57.891895207   32.012085666    4.025478111
    1.570796327    1.745329252   63.578078801   31.962313175    1.108542984
    1.745329252    1.745329252   68.666623969   25.330931896   -1.200545358
    1.919862177    1.745329252   72.121024915   13.554309722   -3.177192482
    2.094395102    1.745329252   73.223846648   -1.270134064   -5.181109428
    2.268928028    1.745329252   71.617821751  -17.181694384   -7.442044120
    2.443460953    1.745329252   67.255605535  -32.595850665   -9.957322105
    2.617993878    1.745329252   60.359549980  -45.971998897  -12.495615539
    2.792526803    1.745329252   51.446589532  -55.360789120  -14.678103623
    2.967059728    1.745329252   41.392699440  -58.717005677  -16.125188883

   -3.141592654    2.094395102   24.859385284  -55.384472631  -17.568187148
   -2.967059728    2.094395102   16.232960079  -42.570398650  -17.074269182
   -2.792526803    2.094395102   10.200361037  -26.379735452  -15.621475022
   -2.617993878    2.094395102    6.952832813  -11.434004197  -13.481859438
   -2.443460953    2.094395102    5.893332306   -1.822557779  -10.923062351
   -2.268928028    2.094395102    5.899412281    0.735463847   -8.092187919
   -2.094395102    2.094395102    5.805831668   -2.526175606   -4.988615978
   -1.919862177    2.094395102    4.883310611   -8.066176634   -1.568657086
   -1.745329252    2.094395102    3.115626980  -11.510576209    2.085205616
   -1.570796327    2.094395102    1.197121143   -9.367805079    5.664809842
   -1.396263402    2.094395102    0.255394333   -0.332089630    8.702530051
   -1.221730476    2.094395102    1.410709405   14.173755284   10.792635028
   -1.047197551    2.094395102    5.326169490   30.580851248   11.814497134
   -0.872664626    2.094395102   11.954807842   44.565221312   12.000901500
   -0.698131701    2.094395102   20.559058009   52.785083509   11.799451072
   -0.523598776    2.094395102   29.975864344   53.837026600   11.641475062
   -0.349065850    2.094395102   38.969743365   48.144526809   11.750433838
   -0.174532925    2.094395102   46.491698509   37.268245722   12.093308263
    0.000000000    2.094395102   51.814806131   23.353076602   12.416537702
    0.174532925    2.094395102   54.618973077    8.833446402   12.328183048
    0.349065850    2.094395102   55.039916185   -3.491139241   11.407625044
    0.523598776    2.094395102   53.708103636  -10.807520124    9.360464196
    0.698131701    2.094395102   51.688480245  -11.213727228    6.187198911
    0.872664626    2.094395102   50.226442999   -4.597064467    2.287789112
    1.047197551    2.094395102   50.383173431    6.813326307   -1.619016810
    1.221730476    2.094395102   52.662581522   18.992750568   -4.770901707
    1.396263402    2.094395102   56.810296438   27.603668004   -6.698014219
    1.570796327    2.094395102   61.908824840   29.536496647   -7.425017270
    1.745329252    2.094395102   66.682329691   23.956693565   -7.420993402
    1.919862177    2.094395102   69.901533439   12.049011544   -7.351994720
    2.094395102    2.094395102   70.660498425   -3.801503222   -7.788391786
    2.268928028    2.094395102   68.495671095  -21.042686036   -9.006316265
    2.443460953    2.094395102   63.363084053  -37.458230973  -10.941001678
    2.617993878    2.094395102   55.585630002  -51.039259293  -13.248202738
    2.792526803    2.094395102   45.839574504  -59.670860486  -15.426405385
    2.967059728    2.094395102   35.162284040  -61.430205423  -16.982969550

   -3.141592654    2.443460953   19.025658823  -56.196859935  -11.859368223
   -2.967059728    2.443460953   10.428416871  -41.443275423  -11.227408375
   -2.792526803    2.443460953    4.746944691  -23.551884473   -9.850831512
   -2.617993878    2.443460953    2.112245468   -7.311028978   -7.912320146
   -2.443460953    2.443460953    1.858835473    3.244413546   -5.570016970
   -2.268928028    2.443460953    2.819408576    6.595849536   -2.871017339
   -2.094395102    2.443460953    3.817683758    4.125415394    0.255084954
   -1.919862177    2.443460953    4.121274876   -0.705585925    3.888181340
   -1.745329252    2.443460953    3.673727073   -3.848315206    7.952886678
   -1.570796327    2.443460953    3.064597812   -2.182261821   12.110938142
   -1.396263402    2.443460953    3.270511356    5.489441914   15.809648506
   -1.221730476    2.443460953    5.277310254   18.046422882   18.488453641
   -1.047197551    2.443460953    9.694601936   32.502899632   19.820306714
   -0.872664626    2.443460953   16.523948914   45.054152984   19.834658673
   -0.698131701    2.443460953   25.140077207   52.544990145   18.847798448
   -0.523598776    2.443460953   34.490597877   53.365065155   17.274772910
   -0.349065850    2.443460953   43.392979389   47.544040083   15.430181852
   -0.174532925    2.443460953   50.778931128   36.228001379   13.433793106
    0.000000000    2.443460953   55.840348332   21.277672683   11.199909756
    0.174532925    2.443460953   58.143302386    5.057531740    8.501417121
    0.349065850    2.443460953   57.721452584   -9.408635290    5.100450766
    0.523598776    2.443460953   55.172585266  -18.749273244    0.929987458
    0.698131701    2.443460953   51.648928448  -20.281394327   -3.748565270
    0.872664626    2.443460953   48.615446596  -13.236009934   -8.306219175
    1.047197551    2.443460953   47.426003896    0.283660298  -11.926260473
    1.221730476    2.443460953   48.836073567   15.665904386  -13.941796204
    1.396263402    2.443460953   52.692083635   27.499898812  -14.141066514
    1.570796327    2.443460953   57.984598491   31.633919307  -12.870178271
    1.745329252    2.443460953   63.201855516   26.674630181  -10.866966748
    1.919862177    2.443460953   66.837548742   13.895981072   -8.956717037
    2.094395102    2.443460953   67.769218373   -3.756897485   -7.761744202
    2.268928028    2.443460953   65.434402397  -23.004968673   -7.551594237
    2.443460953    2.443460953   59.812859852  -40.978864726   -8.239762667
    2.617993878    2.443460953   51.346488486  -55.236168992   -9.474253434
    2.792526803    2.443460953   40.883059744  -63.525241124  -10.770831670
    2.967059728    2.443460953   29.630907941  -64.042247917  -11.671668856

   -3.141592654    2.792526803   16.542364897  -55.854817943   -0.205178974
   -2.967059728    2.792526803    8.088566018  -40.160311517    1.058730916
   -2.792526803    2.792526803    2.706460655  -21.433472656    2.529878507
   -2.617993878    2.792526803    0.507100050   -4.451606172    4.128571523
   -2.443460953    2.792526803    0.819089276    6.879826955    5.870373778
   -2.268928028    2.792526803    2.495022450   11.196394360    7.881675791
   -2.094395102    2.792526803    4.398170134    9.923341761   10.344595986
   -1.919862177    2.792526803    5.824170727    6.335832837   13.373461221
   -1.745329252    2.792526803    6.690564371    4.060508306   16.881211005
   -1.570796327    2.792526803    7.477870707    5.729093518   20.505848324
   -1.396263402    2.792526803    8.982286573   12.259078090   23.672261993
   -1.221730476    2.792526803   11.994135944   22.653329389   25.778879255
   -1.047197551    2.792526803   16.983729931   34.418460630   26.423595959
   -0.872664626    2.792526803   23.913951736   44.352109212   25.538131491
   -0.698131701    2.792526803   32.213310800   49.721731926   23.365355742
   -0.523598776    2.792526803   40.928760533   48.996497645   20.314290909
   -0.349065850    2.792526803   48.965401966   42.034283871   16.774630971
   -0.174532925    2.792526803   55.300725979   29.697019309   12.996429570
    0.000000000    2.792526803   59.126816958   13.625571837    9.045450279
    0.174532925    2.792526803   59.986994123   -3.833296888    4.840212870
    0.349065850    2.792526803   57.912366774  -19.391289830    0.283425615
    0.523598776    2.792526803   53.569078697  -29.162206269   -4.561570827
    0.698131701    2.792526803   48.276637345  -29.878424557   -9.337817290
    0.872664626    2.792526803   43.750306458  -20.478395434  -13.405990924
    1.047197551    2.792526803   41.597895721   -3.348442025  -16.062557001
    1.221730476    2.792526803   42.725828209   16.051820597  -16.857597358
    1.396263402    2.792526803   46.957820004   31.237111098  -15.813288893
    1.570796327    2.792526803   53.091320730   37.260407628  -13.423418247
    1.745329252    2.792526803   59.330863253   32.499147967  -10.430564308
    1.919862177    2.792526803   63.897502509   18.567991747   -7.549033629
    2.094395102    2.792526803   65.487152515   -0.942402181   -5.251223102
    2.268928028    2.792526803   63.474290137  -22.086056752   -3.702748479
    2.443460953    2.792526803   57.879299071  -41.486750515   -2.802130291
    2.617993878    2.792526803   49.252152295  -56.438235506   -2.282727928
    2.792526803    2.792526803   38.573265210  -64.684938101   -1.823493371
    2.967059728    2.792526803   27.166431876  -64.596359383   -1.171483396
