#! FIELDS phi psi file.free der_phi der_psi
#! SET min_phi -pi
#! SET max_phi pi
#! SET nbins_phi  36
#! SET periodic_phi true
#! SET min_psi -pi
#! SET max_psi pi
#! SET nbins_psi  18
#! SET periodic_psi true
   -3.141592654   -3.141592654   20.444272310  -51.104078029   10.753839146
   -2.967059728   -3.141592654   12.356054411  -40.334970615   13.147867002
   -2.792526803   -3.141592654    6.694606841  -23.951893662   15.133076787
   -2.617993878   -3.141592654    4.049101789   -6.625582410   16.645323920
   -2.443460953   -3.141592654    4.164933457    7.052087438   17.808462196
   -2.268928028   -3.141592654    6.145929791   14.563182477   18.864347818
   -2.094395102   -3.141592654    8.902645252   16.207571543   20.046058442
   -1.919862177   -3.141592654   11.601196890   14.398052281   21.448177601
   -1.745329252   -3.141592654   13.906082897   12.177645911   22.944679096
   -1.570796327   -3.141592654   15.967600026   11.900957465   24.188688390
   -1.396263402   -3.141592654   18.233979362   14.565527196   24.710093971
   -1.221730476   -3.141592654   21.199689618   19.688528026   24.087101763
   -1.047197551   -3.141592654   25.164415485   25.661124060   22.136726880
   -0.872664626   -3.141592654   30.085161534   30.263255506   19.013008058
   -0.698131701   -3.141592654   35.546251360   31.571423141   15.164932101
   -0.523598776   -3.141592654   40.868466639   28.615160765   11.154488202
   -0.349065850   -3.141592654   45.308938543   21.615920678    7.426991563
   -0.174532925   -3.141592654   48.248881435   11.646933470    4.163409989
    0.000000000   -3.141592654   49.298416411    0.255292920    1.269211743
    0.174532925   -3.141592654   48.365853670  -10.752578833   -1.511735906
    0.349065850   -3.141592654   45.706795818  -19.131464855   -4.392861850
    0.523598776   -3.141592654   41.990745857  -22.458922956   -7.361933079
    0.698131701   -3.141592654   38.269151566  -19.056529640  -10.107708642
    0.872664626   -3.141592654   35.731882559   -9.142271150  -12.107235506
    1.047197551   -3.141592654   35.306630050    4.512017667  -12.871370686
    1.221730476   -3.141592654   37.270111235   17.465605204  -12.211345699
    1.396263402   -3.141592654   41.121432083   25.634690295  -10.352115623
    1.570796327   -3.141592654   45.819410297   27.077531359   -7.833408625
    1.745329252   -3.141592654   50.212584473   22.411973395   -5.250229399
    1.919862177   -3.141592654   53.401971425   13.638249875   -3.008265576
    2.094395102   -3.141592654   54.841291640    2.585555400   -1.211058023
    2.268928028   -3.141592654   54.223499048   -9.858782116    0.297640677
    2.443460953   -3.141592654   51.339086935  -23.305809497    1.800986141
    2.617993878   -3.141592654   46.084521581  -36.750500555    3.559680002
    2.792526803   -3.141592654   38.644979008  -47.885921598    5.704867916
    2.967059728   -3.141592654   29.695988534  -53.518679091    8.176815637

   -3.141592654   -2.792526803   25.291777624  -45.104160976   16.173600778
   -2.967059728   -2.792526803   18.157792868  -35.512664099   19.233712587
   -2.792526803   -2.792526803   13.202774212  -20.706987960   21.428383257
   -2.617993878   -2.792526803   10.990505222   -4.846708519   22.705711591
   -2.443460953   -2.792526803   11.324865089    7.884139068   23.294652067
   -2.268928028   -2.792526803   13.415990514   15.095184042   23.563619435
   -2.094395102   -2.792526803   16.276641678   16.920924069   23.828420541
   -1.919862177   -2.792526803   19.127778133   15.420454500   24.208406040
   -1.745329252   -2.792526803   21.620955089   13.236619001   24.584513925
   -1.570796327   -2.792526803   23.828816777   12.402863621   24.655454330
   -1.396263402   -2.792526803   26.081356574   13.786485422   24.056745779
   -1.221730476   -2.792526803   28.753517753   17.040092107   22.499290529
   -1.047197551   -2.792526803   32.074058189   20.948371583   19.901406457
   -0.872664626   -2.792526803   36.011993939   23.821991941   16.444497845
   -0.698131701   -2.792526803   40.250490727   24.162806645   12.530797113
   -0.523598776   -2.792526803   44.258986024   21.112040438    8.632640990
   -0.349065850   -2.792526803   47.430462886   14.653614423    5.099423694
   -0.174532925   -2.792526803   49.219066791    5.418769357    2.028671623
    0.000000000   -2.792526803   49.232082500   -5.444206760   -0.727900528
    0.174532925   -2.792526803   47.326085025  -16.246202612   -3.436799756
    0.349065850   -2.792526803   43.714508310  -24.528362804   -6.273892891
    0.523598776   -2.792526803   39.084893980  -27.429144678   -9.161903109
    0.698131701   -2.792526803   34.584216453  -22.860337638  -11.736342660
    0.872664626   -2.792526803   31.545309703  -10.952788903  -13.467451129
    1.047197551   -2.792526803   31.016144039    5.168266277  -13.912615007
    1.221730476   -2.792526803   33.301314518   20.413787580  -12.950380254
    1.396263402   -2.792526803   37.812856625   30.085349987  -10.852852942
    1.570796327   -2.792526803   43.342967082   31.991349400   -8.162157132
    1.745329252   -2.792526803   48.569931697   26.947535161   -5.438659923
    1.919862177   -2.792526803   52.489177766   17.456565166   -3.032656156
    2.094395102   -2.792526803   54.544001051    5.889576366   -0.983357904
    2.268928028   -2.792526803   54.497207284   -6.513775613    0.936760004
    2.443460953   -2.792526803   52.246099816  -19.307748450    3.075963947
    2.617993878   -2.792526803   47.776684677  -31.722093923    5.723429929
    2.792526803   -2.792526803   41.303685490  -41.901743248    8.961281172
    2.967059728   -2.792526803   33.447601800  -47.116413923   12.588049025

   -3.141592654   -2.443460953   31.222139970  -38.067855126   16.904565147
   -2.967059728   -2.443460953   25.188543263  -30.071591813   19.922012466
   -2.792526803   -2.443460953   21.008092141  -17.294007500   21.944963175
   -2.617993878   -2.443460953   19.224588709   -3.266111415   22.908381326
   -2.443460953   -2.443460953   19.720267196    8.277994250   23.024315889
   -2.268928028   -2.443460953   21.829695576   15.015007326   22.636400057
   -2.094395102   -2.443460953   24.669229505   16.795645253   22.036257511
   -1.919862177   -2.443460953   27.497171977   15.242959674   21.344308553
   -1.745329252   -2.443460953   29.929240494   12.629583316   20.499594600
   -1.570796327   -2.443460953   31.953663107   10.814250836   19.334831098
   -1.396263402   -2.443460953   33.805579407   10.716661140   17.677910878
   -1.221730476   -2.443460953   35.791454923   12.245106169   15.433635004
   -1.047197551   -2.443460953   38.130843041   14.572991894   12.643357105
   -0.872664626   -2.443460953   40.855980513   16.434249463    9.493127402
   -0.698131701   -2.443460953   43.774756378   16.582918059    6.273477075
   -0.523598776   -2.443460953   46.500357608   14.105208189    3.277066094
   -0.349065850   -2.443460953   48.530403976    8.609066562    0.670272814
   -0.174532925   -2.443460953   49.342135415    0.219382016   -1.588737278
    0.000000000   -2.443460953   48.486199364  -10.293566476   -3.722124546
    0.174532925   -2.443460953   45.724908324  -21.252218312   -6.005419314
    0.349065850   -2.443460953   41.210825795  -29.828157251   -8.575927487
    0.523598776   -2.443460953   35.658332886  -32.574610342  -11.293993404
    0.698131701   -2.443460953   30.338624248  -26.912916158  -13.732548647
    0.872664626   -2.443460953   26.762368627  -12.899354062  -15.317744955
    1.047197551   -2.443460953   26.124250385    5.912307531  -15.586554836
    1.221730476   -2.443460953   28.768124551   23.690316119  -14.413927976
    1.396263402   -2.443460953   34.015098649   35.054856591  -12.077766765
    1.570796327   -2.443460953   40.478477733   37.529151778   -9.129604106
    1.745329252   -2.443460953   46.651731003   32.136908157   -6.144594213
    1.919862177   -2.443460953   51.414879262   21.925748408   -3.489406475
    2.094395102   -2.443460953   54.200219606    9.871647368   -1.214471712
    2.268928028   -2.443460953   54.850645354   -2.384965115    0.909375782
    2.443460953   -2.443460953   53.385416765  -14.334170824    3.240936142
    2.617993878   -2.443460953   49.890973166  -25.500553493    6.077209180
    2.792526803   -2.443460953   44.606976325  -34.584335275    9.491260680
    2.967059728   -2.443460953   38.076348507  -39.423904098   13.256502980

   -3.141592654   -2.094395102   36.617130529  -31.933922389   13.234923536
   -2.967059728   -2.094395102   31.523508729  -25.558254597   15.398683539
   -2.792526803   -2.094395102   27.955787839  -14.809883867   16.715295250
   -2.617993878   -2.094395102   26.435116522   -2.674273517   17.144201366
   -2.443460953   -2.094395102   26.905316173    7.496058818   16.841397885
   -2.268928028   -2.094395102   28.800933240   13.429474043   16.045488667
   -2.094395102   -2.094395102   31.320602156   14.746258514   14.948595652
   -1.919862177   -2.094395102   33.754146127   12.754130519   13.629230804
   -1.745329252   -2.094395102   35.700956325    9.521125863   12.069831577
   -1.570796327   -2.094395102   37.114169796    6.896718612   10.227050018
   -1.396263402   -2.094395102   38.206991072    5.945156273    8.096811728
   -1.221730476   -2.094395102   39.295057981    6.782773881    5.741464378
   -1.047197551   -2.094395102   40.643984971    8.768953744    3.293288047
   -0.872664626   -2.094395102   42.360329219   10.773443648    0.933308811
   -0.698131701   -2.094395102   44.338196300   11.541985708   -1.145817999
   -0.523598776   -2.094395102   46.261092040    9.981417525   -2.808435193
   -0.349065850   -2.094395102   47.649826091    5.348466515   -4.057346584
   -0.174532925   -2.094395102   47.938270461   -2.607419120   -5.080179728
    0.000000000   -2.094395102   46.579708735  -13.331670004   -6.202153277
    0.174532925   -2.094395102   43.227785962  -25.033586033   -7.752175790
    0.349065850   -2.094395102   37.977830989  -34.430071808   -9.877436726
    0.523598776   -2.094395102   31.586742358  -37.432008383  -12.408133458
    0.698131701   -2.094395102   25.474076112  -30.929923289  -14.851270641
    0.872664626   -2.094395102   21.358002433  -14.885585945  -16.542114455
    1.047197551   -2.094395102   20.610165385    6.705425131  -16.918058036
    1.221730476   -2.094395102   23.637835503   27.211786027  -15.774133618
    1.396263402   -2.094395102   29.682307834   40.484180371  -13.349972112
    1.570796327   -2.094395102   37.173346001   43.670223325  -10.209849073
    1.745329252   -2.094395102   44.402033205   37.951779955   -6.983751852
    1.919862177   -2.094395102   50.111171415   26.918998685   -4.112181395
    2.094395102   -2.094395102   53.702921855   14.188501398   -1.717623370
    2.268928028   -2.094395102   55.088887678    1.843673258    0.370048175
    2.443460953   -2.094395102   54.405067309   -9.511923890    2.465283770
    2.617993878   -2.094395102   51.837258897  -19.681001172    4.840679046
    2.792526803   -2.094395102   47.651637713  -27.896130319    7.575050916
    2.967059728   -2.094395102   42.320369272  -32.538134461   10.496564544

   -3.141592654   -1.745329252   39.839353517  -28.638175774    8.831044691
   -2.967059728   -1.745329252   35.228964590  -23.386679135    9.981112840
   -2.792526803   -1.745329252   31.925537759  -13.962468313   10.440004369
   -2.617993878   -1.745329252   30.440894690   -3.077108811   10.187234527
   -2.443460953   -1.745329252   30.747868051    6.070389030    9.318409572
   -2.268928028   -1.745329252   32.320947129   11.184099093    7.965542599
   -2.094395102   -1.745329252   34.383302852   11.752817633    6.224606083
   -1.919862177   -1.745329252   36.227282854    8.985083117    4.143454133
   -1.745329252   -1.745329252   37.448212508    4.984934381    1.772175497
   -1.570796327   -1.745329252   38.014285501    1.774509858   -0.767537670
   -1.396263402   -1.745329252   38.189273572    0.631148831   -3.260156607
   -1.221730476   -1.745329252   38.371087903    1.813222453   -5.446789319
   -1.047197551   -1.745329252   38.921456613    4.678734204   -7.109915195
   -0.872664626   -1.745329252   40.031797253    7.975407647   -8.139671045
   -0.698131701   -1.745329252   41.647418716   10.195698858   -8.547181876
   -0.523598776   -1.745329252   43.451877468    9.917439853   -8.450064156
   -0.349065850   -1.745329252   44.904604747    6.033649461   -8.059033808
   -0.174532925   -1.745329252   45.320376642   -1.977658829   -7.674121472
    0.000000000   -1.745329252   44.002751077  -13.625254157   -7.650139594
    0.174532925   -1.745329252   40.469972889  -26.872573512   -8.304440837
    0.349065850   -1.745329252   34.753052075  -37.891590954   -9.774586995
    0.523598776   -1.745329252   27.657661655  -41.876754904  -11.891362845
    0.698131701   -1.745329252   20.771403531  -35.111713248  -14.154711876
    0.872664626   -1.745329252   16.053019580  -17.385199631  -15.865791776
    1.047197551   -1.745329252   15.094946089    6.898165955  -16.393507097
    1.221730476   -1.745329252   18.411143915   30.265822157  -15.450346456
    1.396263402   -1.745329252   25.192301383   45.689677301  -13.206769490
    1.570796327   -1.745329252   33.692246880   49.806111039  -10.193742276
    1.745329252   -1.745329252   41.985761249   43.852444484   -7.047487148
    1.919862177   -1.745329252   48.650809388   31.908316148   -4.244748112
    2.094395102   -1.745329252   53.026209989   18.216154205   -1.963315619
    2.268928028   -1.745329252   55.058501491    5.311233101   -0.097730189
    2.443460953   -1.745329252   54.970617484   -6.071560073    1.602288200
    2.617993878   -1.745329252   53.028686673  -15.923652261    3.363363988
    2.792526803   -1.745329252   49.527715018  -23.851183580    5.257971164
    2.967059728   -1.745329252   44.902845180  -28.598154966    7.168664943

   -3.141592654   -1.396263402   41.343723278  -27.666958323    5.278435030
   -2.967059728   -1.396263402   36.828097118  -23.311336695    5.507582388
   -2.792526803   -1.396263402   33.451364069  -14.884213811    5.108241750
   -2.617993878   -1.396263402   31.719259656   -4.980871675    4.110369331
   -2.443460953   -1.396263402   31.612421623    3.241635163    2.627962094
   -2.268928028   -1.396263402   32.613385919    7.459139388    0.775551623
   -2.094395102   -1.396263402   33.948049122    7.146412260   -1.396979742
   -1.919862177   -1.396263402   34.918133512    3.613190615   -3.890597899
   -1.745329252   -1.396263402   35.158488449   -0.794959817   -6.665575659
   -1.570796327   -1.396263402   34.725417262   -3.767337897   -9.537136125
   -1.396263402   -1.396263402   34.012156287   -3.871538349  -12.155353745
   -1.221730476   -1.396263402   33.550768425   -0.959558452  -14.105690457
   -1.047197551   -1.396263402   33.794241643    3.954961125  -15.074715567
   -0.872664626   -1.396263402   34.950676638    9.174411513  -14.974153026
   -0.698131701   -1.396263402   36.908462736   12.815783416  -13.957455233
   -0.523598776   -1.396263402   39.243981251   13.257673519  -12.348048799
   -0.349065850   -1.396263402   41.286193262    9.320482371  -10.544800237
   -0.174532925   -1.396263402   42.214849142    0.489723782   -8.955470003
    0.000000000   -1.396263402   41.206679894  -12.642772833   -7.947479490
    0.174532925   -1.396263402   37.683278449  -27.781489612   -7.783549919
    0.349065850   -1.396263402   31.643087913  -40.625147323   -8.532938095
    0.523598776   -1.396263402   23.957246912  -45.746519633   -9.992526316
    0.698131701   -1.396263402   16.384080981  -38.888229274  -11.686283891
    0.872664626   -1.396263402   11.117508122  -19.679872601  -12.988334019
    1.047197551   -1.396263402    9.966445589    7.078604923  -13.348875358
    1.221730476   -1.396263402   13.551247923   33.110930330  -12.522165797
    1.396263402   -1.396263402   21.018833645   50.539357809  -10.652691996
    1.570796327   -1.396263402   30.457406609   55.503153956   -8.181814316
    1.745329252   -1.396263402   39.735474607   49.277220439   -5.631720472
    1.919862177   -1.396263402   47.270295906   36.380798876   -3.388490505
    2.094395102   -1.396263402   52.330808104   21.614311846   -1.595862082
    2.268928028   -1.396263402   54.880877307    7.911229823   -0.176135116
    2.443460953   -1.396263402   55.206453013   -3.871662559    1.054102660
    2.617993878   -1.396263402   53.634984554  -13.857038700    2.251787803
    2.792526803   -1.396263402   50.486374335  -21.902700821    3.446767928
    2.967059728   -1.396263402   46.177833843  -26.991492511    4.527451291

   -3.141592654   -1.047197551   41.223337598  -29.189335927    3.036542435
   -2.967059728   -1.047197551   36.376763055  -25.567466139    2.506718899
   -2.792526803   -1.047197551   32.554616229  -17.693827769    1.265187903
   -2.617993878   -1.047197551   30.301023707   -8.108384681   -0.606416646
   -2.443460953   -1.047197551   29.633553957   -0.038955326   -2.924138808
   -2.268928028   -1.047197551   30.049735463    4.023526592   -5.509051235
   -2.094395102   -1.047197551   30.760861345    3.407952246   -8.270359371
   -1.919862177   -1.047197551   31.041789006   -0.551132473  -11.186194693
   -1.745329252   -1.047197551   30.525465558   -5.245818747  -14.184414728
   -1.570796327   -1.047197551   29.327200847   -7.962905546  -17.014420144
   -1.396263402   -1.047197551   27.963834598   -6.975936826  -19.237162508
   -1.221730476   -1.047197551   27.116113499   -2.172051412  -20.373568537
   -1.047197551   -1.047197551   27.345589266    5.029391946  -20.131404156
   -0.872664626   -1.047197551   28.880300846   12.359052393  -18.555488553
   -0.698131701   -1.047197551   31.532125934   17.441528845  -16.013224311
   -0.523598776   -1.047197551   34.735434185   18.414368534  -13.046833064
   -0.349065850   -1.047197551   37.656084069   14.082634922  -10.193280183
   -0.174532925   -1.047197551   39.322893302    4.065081950   -7.865627788
    0.000000000   -1.047197551   38.792847751  -10.811704250   -6.307439948
    0.174532925   -1.047197551   35.417509102  -27.920091860   -5.578437263
    0.349065850   -1.047197551   29.194117200  -42.504754229   -5.558805394
    0.523598776   -1.047197551   21.078608056  -48.636690324   -5.971058810
    0.698131701   -1.047197551   12.992833288  -41.683580563   -6.445964450
    0.872664626   -1.047197551    7.331683841  -21.246306078   -6.635650704
    1.047197551   -1.047197551    6.073052703    7.472387577   -6.330773712
    1.221730476   -1.047197551    9.907654544   35.521351150   -5.527064539
    1.396263402   -1.047197551   17.932829347   54.376318972   -4.391269767
    1.570796327   -1.047197551   28.099094349   59.843457383   -3.161264237
    1.745329252   -1.047197551   38.115325054   53.277937725   -2.037159323
    1.919862177   -1.047197551   46.279991882   39.548556156   -1.111922474
    2.094395102   -1.047197551   51.811323084   23.853480605   -0.366978060
    2.268928028   -1.047197551   54.681571770    9.377274899    0.290130299
    2.443460953   -1.047197551   55.210822183   -2.973358585    0.960145069
    2.617993878   -1.047197551   53.755008380  -13.432205067    1.687884416
    2.792526803   -1.047197551   50.636775491  -21.999701114    2.405018229
    2.967059728   -1.047197551   46.256416809  -27.756002302    2.936429571

   -3.141592654   -0.698131701   41.170037114  -31.095136604    0.244964659
   -2.967059728   -0.698131701   35.885657839  -28.675001309   -0.938236602
   -2.792526803   -0.698131701   31.425577192  -21.846572823   -2.780585436
   -2.617993878   -0.698131701   28.382620488  -12.926892340   -5.173609528
   -2.443460953   -0.698131701   26.847077888   -5.106195024   -7.912641046
   -2.268928028   -0.698131701   26.377477808   -1.036572284  -10.798398746
   -2.094395102   -0.698131701   26.210151924   -1.602482697  -13.710950342
   -1.919862177   -0.698131701   25.620151442   -5.507406429  -16.585275807
   -1.745329252   -0.698131701   24.259281734   -9.890630534  -19.294189654
   -1.570796327   -0.698131701   22.323482842  -11.628053692  -21.535725656
   -1.396263402   -0.698131701   20.471938275   -8.752405942  -22.850102889
   -1.221730476   -0.698131701   19.534952097   -1.338256162  -22.797204966
   -1.047197551   -0.698131701   20.151115573    8.585282326  -21.201824693
   -0.872664626   -0.698131701   22.504085633   18.025960752  -18.288896805
   -0.698131701   -0.698131701   26.250764533   24.113261535  -14.623725500
   -0.523598776   -0.698131701   30.618787314   24.901331318  -10.895444867
   -0.349065850   -0.698131701   34.585144588   19.453139413   -7.672549931
   -0.174532925   -0.698131701   37.052398712    7.812063742   -5.253628492
    0.000000000   -0.698131701   37.027560948   -8.750260871   -3.641908648
    0.174532925   -0.698131701   33.885181091  -27.235111958   -2.597517789
    0.349065850   -0.698131701   27.701981779  -42.622209998   -1.761693382
    0.523598776   -0.698131701   19.546332437  -48.877054784   -0.808378761
    0.698131701   -0.698131701   11.452361380  -41.475322815    0.409876791
    0.872664626   -0.698131701    5.890094318  -20.318707311    1.786790746
    1.047197551   -0.698131701    4.852124269    9.019844189    3.019137714
    1.221730476   -0.698131701    8.986406728   37.331850837    3.775690286
    1.396263402   -0.698131701   17.320953011   56.049580522    3.884162636
    1.570796327   -0.698131701   27.747325617   61.124021095    3.414607120
    1.745329252   -0.698131701   37.948466845   54.125480220    2.620080062
    1.919862177   -0.698131701   46.231193085   40.081947572    1.797892958
    2.094395102   -0.698131701   51.840915067   24.247392596    1.167031803
    2.268928028   -0.698131701   54.778169908    9.766283694    0.821604358
    2.443460953   -0.698131701   55.377655477   -2.562360559    0.744682775
    2.617993878   -0.698131701   53.987652429  -13.130618059    0.839159882
    2.792526803   -0.698131701   50.893659924  -22.079873738    0.933851424
    2.967059728   -0.698131701   46.439259067  -28.590705394    0.813046829

   -3.141592654   -0.349065850   40.746556769  -33.436303706   -1.892814856
   -2.967059728   -0.349065850   34.948424120  -32.214326120   -3.400026870
   -2.792526803   -0.349065850   29.774132544  -26.441677160   -5.429155028
   -2.617993878   -0.349065850   25.864125755  -18.190607671   -7.873570584
   -2.443460953   -0.349065850   23.384943053  -10.585796977  -10.552355640
   -2.268928028   -0.349065850   21.965629385   -6.400740106  -13.285295780
   -2.094395102   -0.349065850   20.884927289   -6.685556506  -15.937332593
   -1.919862177   -0.349065850   19.442867585  -10.147192755  -18.387721018
   -1.745329252   -0.349065850   17.337932229  -13.679601050  -20.438611121
   -1.570796327   -0.349065850   14.867219404  -13.825629631  -21.752807340
   -1.396263402   -0.349065850   12.832880600   -8.523618017  -21.915249057
   -1.221730476   -0.349065850   12.186820719    1.790663542  -20.621500590
   -1.047197551   -0.349065850   13.588972522   14.351979927  -17.892084227
   -0.872664626   -0.349065850   17.109170582   25.417745660  -14.146254958
   -0.698131701   -0.349065850   22.187288120   31.735501886  -10.078666345
   -0.523598776   -0.349065850   27.811780217   31.498548674   -6.396561371
   -0.349065850   -0.349065850   32.782815499   24.300182815   -3.556631580
   -0.174532925   -0.349065850   35.935312764   10.852798617   -1.632357839
    0.000000000   -0.349065850   36.319774545   -6.978316116   -0.331653500
    0.174532925   -0.349065850   33.438828648  -25.855909928    0.875460156
    0.349065850   -0.349065850   27.527727193  -40.764520748    2.524932672
    0.523598776   -0.349065850   19.778692652  -46.054076306    4.899081981
    0.698131701   -0.349065850   12.255643239  -37.857365992    7.833572877
    0.872664626   -0.349065850    7.340245015  -16.705991667   10.711718862
    1.047197551   -0.349065850    6.855707289   11.574973769   12.716086549
    1.221730476   -0.349065850   11.284721525   38.076276668   13.226029047
    1.396263402   -0.349065850   19.580239189   54.906142026   12.127886299
    1.570796327   -0.349065850   29.681065323   58.672416083    9.846619787
    1.745329252   -0.349065850   39.404015904   51.245159529    7.100128608
    1.919862177   -0.349065850   47.203970526   37.531723181    4.557149628
    2.094395102   -0.349065850   52.428881442   22.421257685    2.608674200
    2.268928028   -0.349065850   55.114961105    8.694356191    1.329361904
    2.443460953   -0.349065850   55.578336076   -3.097616462    0.578734405
    2.617993878   -0.349065850   54.116703648  -13.491056935    0.124723487
    2.792526803   -0.349065850   50.944828697  -22.685166063   -0.289145491
    2.967059728   -0.349065850   46.330092123  -29.884058298   -0.896841817

   -3.141592654    0.000000000   40.074371322  -35.652101926   -3.268347584
   -2.967059728    0.000000000   33.809940835  -35.335029245   -4.666384780
   -2.792526803    0.000000000   28.015659018  -30.394255694   -6.340634052
   -2.617993878    0.000000000   23.360728107  -22.723245353   -8.225185195
   -2.443460953    0.000000000   20.063265708  -15.376987928  -10.222820890
   -2.268928028    0.000000000   17.807102147  -11.154187539  -12.234824947
   -2.094395102    0.000000000   15.919803948  -11.127135875  -14.160817625
   -1.919862177    0.000000000   13.755027597  -13.909840290  -15.859541347
   -1.745329252    0.000000000   11.093481972  -16.177894860  -17.093954209
   -1.570796327    0.000000000    8.352152764  -14.300018432  -17.528620028
   -1.396263402    0.000000000    6.460500594   -6.339172677  -16.828716107
   -1.221730476    0.000000000    6.440571663    6.732108553  -14.836264132
   -1.047197551    0.000000000    8.902004465   21.370020060  -11.728446587
   -0.872664626    0.000000000   13.734745226   33.186104528   -8.024914398
   -0.698131701    0.000000000   20.126209726   38.782065177   -4.421415923
   -0.523598776    0.000000000   26.837031876   36.782618466   -1.519270488
   -0.349065850    0.000000000   32.551963520   27.569052673    0.416200438
   -0.174532925    0.000000000   36.136216919   12.676912330    1.543720158
    0.000000000    0.000000000   36.795088331   -5.442295322    2.378269928
    0.174532925    0.000000000   34.252505916  -23.319756059    3.605083107
    0.349065850    0.000000000   28.941333027  -36.350154021    5.791873537
    0.523598776    0.000000000   22.133234074  -39.794319369    9.092644948
    0.698131701    0.000000000   15.788865112  -30.896854599   13.065741889
    0.872664626    0.000000000   12.014073941  -10.947238641   16.744284968
    1.047197551    0.000000000   12.292281260   14.307325701   19.017903895
    1.221730476    0.000000000   16.861655497   36.923720999   19.151259271
    1.396263402    0.000000000   24.643608507   50.363083764   17.131612486
    1.570796327    0.000000000   33.761594943   52.252302172   13.636912430
    1.745329252    0.000000000   42.329032852   44.690857047    9.666179911
    1.919862177    0.000000000   49.070270065   32.103493505    6.084661569
    2.094395102    0.000000000   53.486522770   18.602256805    3.351530202
    2.268928028    0.000000000   55.638959184    6.336666695    1.502096554
    2.443460953    0.000000000   55.784760767   -4.466680999    0.310832303
    2.617993878    0.000000000   54.130810330  -14.421940241   -0.526386827
    2.792526803    0.000000000   50.798444347  -23.666110094   -1.284826294
    2.967059728    0.000000000   45.975470766  -31.327333410   -2.160156162

   -3.141592654    0.349065850   39.189191619  -37.514859032   -3.973489436
   -2.967059728    0.349065850   32.561926705  -37.613849931   -4.913311515
   -2.792526803    0.349065850   26.337702300  -33.020366972   -5.822457085
   -2.617993878    0.349065850   21.204776821  -25.547552473   -6.713026908
   -2.443460953    0.349065850   17.409266860  -18.234161193   -7.615076435
   -2.268928028    0.349065850   14.662651648  -13.892588737   -8.549699049
   -2.094395102    0.349065850   12.320142691  -13.570106107   -9.486344096
   -1.919862177    0.349065850    9.774612829  -15.766827043  -10.306200099
   -1.745329252    0.349065850    6.872662798  -16.986105078  -10.791373701
   -1.570796327    0.349065850    4.121915919  -13.513595738  -10.669996860
   -1.396263402    0.349065850    2.536268243   -3.587403781   -9.719868647
   -1.221730476    0.349065850    3.165348775   11.347023659   -7.893341787
   -1.047197551    0.349065850    6.548525431   27.153371069   -5.400792659
   -0.872664626    0.349065850   12.412496301   39.014092659   -2.674908226
   -0.698131701    0.349065850   19.742704632   43.542901644   -0.220728975
   -0.523598776    0.349065850   27.140145125   39.839622397    1.594636367
   -0.349065850    0.349065850   33.241769630   29.024111051    2.716086688
   -0.174532925    0.349065850   36.997198525   13.366878862    3.439147061
    0.000000000    0.349065850   37.803627454   -4.209080118    4.320574339
    0.174532925    0.349065850   35.621011560  -20.244779831    5.975837443
    0.349065850    0.349065850   31.066054546  -30.729594104    8.799066590
    0.523598776    0.349065850   25.441761045  -32.030371441   12.703596769
    0.698131701    0.349065850   20.528487048  -22.629467699   17.014476361
    0.872664626    0.349065850   18.070613257   -4.535343233   20.622453084
    1.047197551    0.349065850   19.148856086   16.804858430   22.420006011
    1.221730476    0.349065850   23.742940776   34.718787835   21.809774640
    1.396263402    0.349065850   30.778538251   44.271834415   18.975637735
    1.570796327    0.349065850   38.629561040   44.188502304   14.764922656
    1.745329252    0.349065850   45.769891821   36.705212798   10.261225909
    1.919862177    0.349065850   51.231966356   25.587669526    6.325169146
    2.094395102    0.349065850   54.678538418   14.010628143    3.356197085
    2.268928028    0.349065850   56.182171167    3.411643751    1.315980859
    2.443460953    0.349065850   55.921349962   -6.303494738   -0.073655553
    2.617993878    0.349065850   53.998734018  -15.756260303   -1.127452739
    2.792526803    0.349065850   50.444238889  -24.932991325   -2.075068978
    2.967059728    0.349065850   45.382096555  -32.807472922   -3.021345206

   -3.141592654    0.698131701   38.425641232  -38.346656965   -4.806773983
   -2.967059728    0.698131701   31.660614682  -38.357131814   -5.313481531
   -2.792526803    0.698131701   25.309135422  -33.748637157   -5.461642382
   -2.617993878    0.698131701   20.043122385  -26.363815178   -5.335068213
   -2.443460953    0.698131701   16.090184100  -19.234812093   -5.099053167
   -2.268928028    0.698131701   13.150382276  -15.099500081   -4.918963581
   -2.094395102    0.698131701   10.586899744  -14.861406409   -4.873580384
   -1.919862177    0.698131701    7.828967356  -16.845571571   -4.913135951
   -1.745329252    0.698131701    4.788234036  -17.420572554   -4.879867262
   -1.570796327    0.698131701    2.049930911  -12.876327276   -4.582891860
   -1.396263402    0.698131701    0.687641527   -1.654646762   -3.888184555
   -1.221730476    0.698131701    1.760003371   14.432480890   -2.783844403
   -1.047197551    0.698131701    5.746807692   30.867181365   -1.398729819
   -0.872664626    0.698131701   12.259875952   42.605999731    0.039725800
   -0.698131701    0.698131701   20.156709056   46.352716228    1.294863481
   -0.523598776    0.698131701   27.953314971   41.607361425    2.234952913
   -0.349065850    0.698131701   34.290754439   30.058001458    2.932433237
   -0.174532925    0.698131701   38.221005826   14.506684661    3.680403963
    0.000000000    0.698131701   39.315503862   -1.864957397    4.921424942
    0.174532925    0.698131701   37.716738957  -15.792398569    7.072017276
    0.349065850    0.698131701   34.145158845  -23.969323847   10.291393135
    0.523598776    0.698131701   29.848137096  -23.820821431   14.288482535
    0.698131701    0.698131701   26.363928590  -14.836737363   18.294626923
    0.872664626    0.698131701   25.065559550    0.597632566   21.265635520
    1.047197551    0.698131701   26.678428402   17.623112397   22.295469133
    1.221730476    0.698131701   31.005178835   30.921511371   21.030652966
    1.396263402    0.698131701   37.051338741   37.025884453   17.825184285
    1.570796327    0.698131701   43.481160833   35.507420292   13.559975749
    1.745329252    0.698131701   49.126386789   28.526781446    9.228628504
    1.919862177    0.698131701   53.297991296   19.099795776    5.548112352
    2.094395102    0.698131701   55.785537067    9.488858342    2.789538937
    2.268928028    0.698131701   56.648513925    0.502235788    0.839211408
    2.443460953    0.698131701   55.978303684   -8.180499224   -0.599298139
    2.617993878    0.698131701   53.780593998  -17.098140321   -1.809158337
    2.792526803    0.698131701   50.015777678  -26.023015299   -2.938795254
    2.967059728    0.698131701   44.774460476  -33.749851109   -3.978066716

   -3.141592654    1.047197551   36.647196308  -39.283507836   -7.387292644
   -2.967059728    1.047197551   29.809994796  -38.230786704   -7.822608163
   -2.792526803    1.047197551   23.566107655  -32.691356505   -7.498338931
   -2.617993878    1.047197551   18.535512811  -24.814835190   -6.554798732
   -2.443460953    1.047197551   14.855441672  -17.744083521   -5.296873596
   -2.268928028    1.047197551   12.139680986  -14.065443749   -4.048713106
   -2.094395102    1.047197551    9.708577647  -14.363952864   -3.015668883
   -1.919862177    1.047197551    7.005106553  -16.664194620   -2.235025358
   -1.745329252    1.047197551    3.994389346  -17.198297704   -1.628509319
   -1.570796327    1.047197551    1.321249390  -12.315595219   -1.101508884
   -1.396263402    1.047197551    0.096741827   -0.633703273   -0.608274023
   -1.221730476    1.047197551    1.384214114   15.847410139   -0.149343526
   -1.047197551    1.047197551    5.639791316   32.486846765    0.267048077
   -0.872664626    1.047197551   12.436378706   44.191034512    0.653811056
   -0.698131701    1.047197551   20.593716137   47.732234239    1.049026676
   -0.523598776    1.047197551   28.612954100   42.807951708    1.521653370
   -0.349065850    1.047197551   35.165341533   31.400334452    2.200594949
   -0.174532925    1.047197551   39.384465820   16.590230794    3.292824518
    0.000000000    1.047197551   40.956994278    1.631006266    5.050669220
    0.174532925    1.047197551   40.123787424  -10.498669524    7.647926444
    0.349065850    1.047197551   37.619904012  -17.148277361   11.011822875
    0.523598776    1.047197551   34.572472801  -16.569605354   14.706258744
    0.698131701    1.047197551   32.268435142   -8.874853882   17.975804613
    0.872664626    1.047197551   31.770085066    3.554682913   19.970734946
    1.047197551    1.047197551   33.558416041   16.613816607   20.093275011
    1.221730476    1.047197551   37.370882928   26.181329766   18.274542915
    1.396263402    1.047197551   42.354166833   29.868450452   15.000012678
    1.570796327    1.047197551   47.451850874   27.689974328   11.087123408
    1.745329252    1.047197551   51.786352993   21.513441916    7.329667313
    1.919862177    1.047197551   54.862634239   13.614716190    4.218046405
    2.094395102    1.047197551   56.528052239    5.496735062    1.851917767
    2.268928028    1.047197551   56.790630139   -2.483481275    0.031828186
    2.443460953    1.047197551   55.645457599  -10.716504841   -1.551856912
    2.617993878    1.047197551   53.017778535  -19.509602304   -3.137241930
    2.792526803    1.047197551   48.841711556  -28.281363999   -4.768823853
    2.967059728    1.047197551   43.239430873  -35.535380341   -6.283927071

   -3.141592654    1.396263402   33.010323804  -41.979169765  -10.150142813
   -2.967059728    1.396263402   25.874722988  -38.877950009  -10.775310156
   -2.792526803    1.396263402   19.709773522  -31.174725444  -10.347368543
   -2.617993878    1.396263402   15.099023241  -21.649865473   -9.024987870
   -2.443460953    1.396263402   12.051481115  -13.817807252   -7.178526227
   -2.268928028    1.396263402   10.024131474  -10.219580482   -5.203130549
   -2.094395102    1.396263402    8.218478043  -11.089239488   -3.358458517
   -1.919862177    1.396263402    6.026539424  -14.073175919   -1.732858668
   -1.745329252    1.396263402    3.413076939  -15.224167494   -0.329950312
   -1.570796327    1.396263402    1.034023630  -10.921883414    0.820200280
   -1.396263402    1.396263402    0.000000000    0.147644175    1.634597780
   -1.221730476    1.396263402    1.371092281   16.032346116    2.052822638
   -1.047197551    1.396263402    5.620304322   32.266188371    2.128638849
   -0.872664626    1.396263402   12.367984662   43.908628862    2.044094915
   -0.698131701    1.396263402   20.499931452   47.782856018    2.033165258
   -0.523598776    1.396263402   28.583269494   43.545433537    2.294277881
   -0.349065850    1.396263402   35.346843550   33.128968377    2.963564084
   -0.174532925    1.396263402   39.973228939   19.565175997    4.152175601
    0.000000000    1.396263402   42.183169809    5.957043769    5.959800961
    0.174532925    1.396263402   42.209640547   -5.054687844    8.406730691
    0.349065850    1.396263402   40.705119029  -11.309038555   11.315159698
    0.523598776    1.396263402   38.628897869  -11.492154912   14.239143931
    0.698131701    1.396263402   37.051045830   -5.820118918   16.537495761
    0.872664626    1.396263402   36.842584534    3.737649244   17.587420959
    1.047197551    1.396263402   38.402474293   13.883352916   17.050820616
    1.221730476    1.396263402   41.536519817   21.322183867   15.034479092
    1.396263402    1.396263402   45.576301594   24.136553055   12.034617925
    1.570796327    1.396263402   49.685551515   22.260136115    8.717624462
    1.745329252    1.396263402   53.152565683   17.063338780    5.649734772
    1.919862177    1.396263402   55.545717009   10.198222777    3.119354113
    2.094395102    1.396263402   56.676210302    2.686013775    1.103911058
    2.268928028    1.396263402   56.455473739   -5.315151275   -0.637502190
    2.443460953    1.396263402   54.773936293  -14.093616017   -2.404271501
    2.617993878    1.396263402   51.493277420  -23.592783349   -4.389511414
    2.792526803    1.396263402   46.562721799  -32.736535077   -6.554976052
    2.967059728    1.396263402   40.203817440  -39.577769052   -8.619153042

   -3.141592654    1.745329252   28.728821571  -45.093121467  -13.081874157
   -2.967059728    1.745329252   21.246661560  -39.655956074  -14.266350553
   -2.792526803    1.745329252   15.160760787  -29.535414511  -14.138109114
   -2.617993878    1.745329252   11.008982078  -18.166215272  -12.763723415
   -2.443460953    1.745329252    8.665135476   -9.391729892  -10.486606102
   -2.268928028    1.745329252    7.432008596   -5.652668068   -7.732948389
   -2.094395102    1.745329252    6.399727983   -6.841576712   -4.830971223
   -1.919862177    1.745329252    4.906917843  -10.330113853   -1.960716133
   -1.745329252    1.745329252    2.892508235  -12.135731301    0.756273554
   -1.570796327    1.745329252    0.977608170   -8.739558648    3.139049426
   -1.396263402    1.745329252    0.227464196    1.193486679    4.934550812
   -1.221730476    1.745329252    1.683014790   15.988100233    5.937322797
   -1.047197551    1.745329252    5.861049305   31.588269895    6.136116597
   -0.872664626    1.745329252   12.486488595   43.298510749    5.757523050
   -0.698131701    1.745329252   20.565726920   47.870907112    5.168184869
   -0.523598776    1.745329252   28.751819302   44.658158274    4.725559523
   -0.349065850    1.745329252   35.803679339   35.306362927    4.675399829
   -0.174532925    1.745329252   40.894463872   22.681971830    5.149002937
    0.000000000    1.745329252   43.714597245    9.783726184    6.174129626
    0.174532925    1.745329252   44.444352514   -0.913724914    7.655346719
    0.349065850    1.745329252   43.645964108   -7.487971076    9.334170071
    0.523598776    1.745329252   42.150508475   -8.787790893   10.801515349
    0.698131701    1.745329252   40.894275284   -4.921131441   11.609044225
    0.872664626    1.745329252   40.662533162    2.577253404   11.447754574
    1.047197551    1.745329252   41.859564644   10.982352322   10.292093604
    1.221730476    1.745329252   44.387653989   17.420859027    8.414402475
    1.396263402    1.745329252   47.720611576   20.066592018    6.246690776
    1.570796327    1.745329252   51.151242496   18.625535392    4.190562825
    1.745329252    1.745329252   54.040200422   14.078131542    2.470014006
    1.919862177    1.745329252   55.959003666    7.693975237    1.088064093
    2.094395102    1.745329252   56.663639185    0.224534145   -0.136041322
    2.268928028    1.745329252   55.977910983   -8.266393494   -1.480387438
    2.443460953    1.745329252   53.706926085  -17.938842073   -3.213329858
    2.617993878    1.745329252   49.670475479  -28.361248676   -5.471600680
    2.792526803    1.745329252   43.857673811  -37.942669335   -8.147572997
    2.967059728    1.745329252   36.618063248  -44.273546845  -10.869516539

   -3.141592654    2.094395102   23.972841461  -49.200477957  -12.312309001
   -2.967059728    2.094395102   15.969519618  -41.407749144  -13.445301017
   -2.792526803    2.094395102    9.811708513  -28.613009596  -13.292339126
   -2.617993878    2.094395102    6.032806443  -14.921338905  -11.864488629
   -2.443460953    2.094395102    4.403450946   -4.589520183   -9.427052230
   -2.268928028    2.094395102    4.086365559   -0.071103861   -6.327594177
   -2.094395102    2.094395102    4.055584714   -1.012499140   -2.843946778
   -1.919862177    2.094395102    3.578156857   -4.570069046    0.837319798
   -1.745329252    2.094395102    2.540516077   -6.768786000    4.512844200
   -1.570796327    2.094395102    1.494297926   -4.242772008    7.848103711
   -1.396263402    2.094395102    1.414982204    4.308616735   10.396917353
   -1.221730476    2.094395102    3.272790487   17.468878324   11.778868875
   -1.047197551    2.094395102    7.580473734   31.659865347   11.887305276
   -0.872664626    2.094395102   14.139641170   42.584210356   10.968311317
   -0.698131701    2.094395102   22.080465941   47.113504695    9.507487868
   -0.523598776    2.094395102   30.174278582   44.421866495    8.018582304
   -0.349065850    2.094395102   37.253588947   35.877234728    6.860931034
   -0.174532925    2.094395102   42.516821465   24.068555525    6.184910255
    0.000000000    2.094395102   45.634775143   11.749305662    5.944300269
    0.174532925    2.094395102   46.725629934    1.153843154    5.937874546
    0.349065850    2.094395102   46.250095946   -5.976105483    5.868823587
    0.523598776    2.094395102   44.921219533   -8.477080068    5.446050227
    0.698131701    2.094395102   43.585834756   -6.146721155    4.512511959
    0.872664626    2.094395102   43.015462559    0.001886758    3.144052268
    1.047197551    2.094395102   43.690186270    7.706100527    1.629265095
    1.221730476    2.094395102   45.643362369   14.233111979    0.327443029
    1.396263402    2.094395102   48.471181036   17.530016260   -0.516273390
    1.570796327    2.094395102   51.529283296   16.884023163   -0.876739010
    1.745329252    2.094395102   54.168121707   12.893641565   -0.925567263
    1.919862177    2.094395102   55.895828331    6.603086990   -0.931633194
    2.094395102    2.094395102   56.378878548   -1.311770864   -1.169448157
    2.268928028    2.094395102   55.348700951  -10.750742132   -1.870041769
    2.443460953    2.094395102   52.534991845  -21.703930333   -3.193048923
    2.617993878    2.094395102   47.727035634  -33.383786204   -5.172634386
    2.792526803    2.094395102   40.960725652  -43.711121557   -7.640102769
    2.967059728    2.094395102   32.718337381  -49.796640733  -10.203703657

   -3.141592654    2.443460953   20.074837409  -52.658126045   -7.427916471
   -2.967059728    2.443460953   11.635517344  -42.834847464   -7.915274091
   -2.792526803    2.443460953    5.439313848  -27.606592010   -7.463418305
   -2.617993878    2.443460953    2.041549045  -11.623519654   -6.045200813
   -2.443460953    2.443460953    1.152240912    0.493840438   -3.796515616
   -2.268928028    2.443460953    1.835833963    6.223815802   -0.905680116
   -2.094395102    2.443460953    2.975001030    6.031411685    2.474581876
   -1.919862177    2.443460953    3.762905776    2.809641905    6.211771080
   -1.745329252    2.443460953    4.003046469    0.376751955   10.082079595
   -1.570796327    2.443460953    4.125170478    1.847707756   13.670986500
   -1.396263402    2.443460953    4.951805517    8.467007622   16.411647228
   -1.221730476    2.443460953    7.323444732   19.149654162   17.785328826
   -1.047197551    2.443460953   11.710579971   30.954195614   17.568225663
   -0.872664626    2.443460953   17.986055898   40.185144053   15.955290491
   -0.698131701    2.443460953   25.431283939   43.995417310   13.474942076
   -0.523598776    2.443460953   32.982172037   41.425177060   10.756278355
   -0.349065850    2.443460953   39.586928131   33.473749251    8.283802953
   -0.174532925    2.443460953   44.488057629   22.297446835    6.273405593
    0.000000000    2.443460953   47.331239753   10.296513869    4.664217337
    0.174532925    2.443460953   48.160478486   -0.485196721    3.203935936
    0.349065850    2.443460953   47.347142451   -8.268900517    1.593531281
    0.523598776    2.443460953   45.544990264  -11.592856656   -0.341845648
    0.698131701    2.443460953   43.612559886   -9.767346555   -2.524294212
    0.872664626    2.443460953   42.417764897   -3.380445331   -4.602435697
    1.047197551    2.443460953   42.584498723    5.393739484   -6.098943751
    1.221730476    2.443460953   44.266484011   13.476843882   -6.654595497
    1.396263402    2.443460953   47.094553570   18.226815832   -6.219462473
    1.570796327    2.443460953   50.359877986   18.440499921   -5.076258023
    1.745329252    2.443460953   53.288389963   14.533390143   -3.685160144
    1.919862177    2.443460953   55.259052124    7.654999138   -2.484019550
    2.094395102    2.443460953   55.839727105   -1.301579836   -1.764076610
    2.268928028    2.443460953   54.699744505  -12.049591170   -1.657269586
    2.443460953    2.443460953   51.536558669  -24.408720853   -2.181603605
    2.617993878    2.443460953   46.141848312  -37.343711581   -3.263954358
    2.792526803    2.443460953   38.608121101  -48.429040397   -4.718195317
    2.967059728    2.443460953   29.537698918  -54.402593484   -6.238445822

   -3.141592654    2.792526803   18.621877509  -53.638327516    0.818006269
   -2.967059728    2.792526803   10.100231568  -42.743160370    1.589198868
   -2.792526803    2.792526803    4.033112778  -26.199590814    2.722239623
   -2.617993878    2.792526803    0.999263632   -8.869574535    4.236550267
   -2.443460953    2.792526803    0.701709947    4.500441597    6.132711137
   -2.268928028    2.792526803    2.185352867   11.366453134    8.414489218
   -2.094395102    2.792526803    4.312395514   12.181046429   11.083148706
   -1.919862177    2.792526803    6.243428111    9.689619234   14.077904708
   -1.745329252    2.792526803    7.706398561    7.372274552   17.183035999
   -1.570796327    2.792526803    8.988862309    7.957861756   19.975140891
   -1.396263402    2.792526803   10.720191329   12.541530544   21.890860813
   -1.221730476    2.792526803   13.559167476   20.336426589   22.421225928
   -1.047197551    2.792526803   17.884407229   29.098512858   21.344205909
   -0.872664626    2.792526803   23.610873385   35.906962829   18.845905173
   -0.698131701    2.792526803   30.176785947   38.398356123   15.455092777
   -0.523598776    2.792526803   36.717686309   35.603526223   11.821299748
   -0.349065850    2.792526803   42.341609909   28.124508649    8.458452472
   -0.174532925    2.792526803   46.364229488   17.562186685    5.589015003
    0.000000000    2.792526803   48.414319584    5.870336365    3.127382832
    0.174532925    2.792526803   48.464301200   -5.061680645    0.786515084
    0.349065850    2.792526803   46.816744869  -13.258874812   -1.724394144
    0.523598776    2.792526803   44.117529156  -16.796764160   -4.495397166
    0.698131701    2.792526803   41.306869533  -14.459378761   -7.296440781
    0.872664626    2.792526803   39.408704963   -6.572899617   -9.618395322
    1.047197551    2.792526803   39.208548131    4.473140325  -10.901837248
    1.221730476    2.792526803   40.942920523   14.961194072  -10.831159678
    1.396263402    2.792526803   44.199686752   21.505314046   -9.508379198
    1.570796327    2.792526803   48.118067482   22.459883407   -7.406399816
    1.745329252    2.792526803   51.735103561   18.257126425   -5.130120393
    1.919862177    2.792526803   54.277193278   10.405410547   -3.164081081
    2.094395102    2.792526803   55.232227609    0.227823707   -1.739044374
    2.268928028    2.792526803   54.254641401  -11.695414346   -0.851767666
    2.443460953    2.792526803   51.063803284  -25.042471022   -0.366793430
    2.617993878    2.792526803   45.490963229  -38.697364274   -0.112489374
    2.792526803    2.792526803   37.683637819  -50.146051256    0.077806573
    2.967059728    2.792526803   28.316455887  -56.010319022    0.346218230
