#! FIELDS phi psi file.free der_phi der_psi
#! SET min_phi -pi
#! SET max_phi pi
#! SET nbins_phi  36
#! SET periodic_phi true
#! SET min_psi -pi
#! SET max_psi pi
#! SET nbins_psi  18
#! SET periodic_psi true
   -3.141592654   -3.141592654   19.161656504  -50.586408213   13.010900034
   -2.967059728   -3.141592654   11.352047276  -37.876188426   15.220657449
   -2.792526803   -3.141592654    6.191311572  -20.917301770   16.954419466
   -2.617993878   -3.141592654    4.036680687   -4.199815779   18.229476441
   -2.443460953   -3.141592654    4.468540025    8.184627341   19.228703326
   -2.268928028   -3.141592654    6.523495486   14.308858294   20.221209143
   -2.094395102   -3.141592654    9.138442663   14.920236791   21.436041265
   -1.919862177   -3.141592654   11.564193797   12.660182218   22.943372008
   -1.745329252   -3.141592654   13.572706987   10.620944658   24.596310409
   -1.570796327   -3.141592654   15.420242787   11.076617437   26.042968570
   -1.396263402   -3.141592654   17.639232252   14.885289464   26.825209002
   -1.221730476   -3.141592654   20.778622513   21.358141606   26.528628717
   -1.047197551   -3.141592654   25.153713791   28.669769188   24.943161636
   -0.872664626   -3.141592654   30.703413962   34.407156321   22.147379823
   -0.698131701   -3.141592654   36.962107404   36.486732937   18.479394459
   -0.523598776   -3.141592654   43.171310793   33.758007147   14.396017924
   -0.349065850   -3.141592654   48.476874555   26.240833545   10.288576934
   -0.174532925   -3.141592654   52.116189481   14.879067505    6.363884099
    0.000000000   -3.141592654   53.552368362    1.340386891    2.626154430
    0.174532925   -3.141592654   52.595728210  -12.121222695   -1.043991332
    0.349065850   -3.141592654   49.504798194  -22.603040258   -4.731178256
    0.523598776   -3.141592654   45.067923722  -27.059200055   -8.334305425
    0.698131701   -3.141592654   40.539821648  -23.474874710  -11.508194076
    0.872664626   -3.141592654   37.341354466  -12.119874369  -13.745024728
    1.047197551   -3.141592654   36.591214738    3.857619846  -14.601484153
    1.221730476   -3.141592654   38.668375103   19.399091157  -13.937638278
    1.396263402   -3.141592654   43.052697754   29.653687114  -12.005409984
    1.570796327   -3.141592654   48.547754561   31.923774030   -9.335708203
    1.745329252   -3.141592654   53.733204532   26.333522918   -6.487826468
    1.919862177   -3.141592654   57.399677472   14.943137614   -3.832038043
    2.094395102   -3.141592654   58.760480630    0.312288117   -1.468363357
    2.268928028   -3.141592654   57.441510703  -15.472599578    0.713654879
    2.443460953   -3.141592654   53.382152948  -30.849076420    2.905624830
    2.617993878   -3.141592654   46.791491970  -44.174229127    5.258724735
    2.792526803   -3.141592654   38.208459201  -53.313380222    7.813295071
    2.967059728   -3.141592654   28.569416596  -55.929420967   10.466407635

   -3.141592654   -2.792526803   24.948543988  -45.254298440   18.920117556
   -2.967059728   -2.792526803   17.952810218  -33.944109005   21.410118513
   -2.792526803   -2.792526803   13.345084256  -18.496458584   23.069404638
   -2.617993878   -2.792526803   11.501641265   -2.971982792   24.009262687
   -2.443460953   -2.792526803   12.087105510    8.826492688   24.531928262
   -2.268928028   -2.792526803   14.249583389   14.989487882   24.988483346
   -2.094395102   -2.792526803   17.017848752   16.031688737   25.614017230
   -1.919862177   -2.792526803   19.680192423   14.234175310   26.422881944
   -1.745329252   -2.792526803   21.981394107   12.317453675   27.209071470
   -1.570796327   -2.792526803   24.091723621   12.274092502   27.619221162
   -1.396263402   -2.792526803   26.421783144   14.839431602   27.273977466
   -1.221730476   -2.792526803   29.394792955   19.420614229   25.885213769
   -1.047197551   -2.792526803   33.239041783   24.518832496   23.362205403
   -0.872664626   -2.792526803   37.877923011   28.196499986   19.852913420
   -0.698131701   -2.792526803   42.911894055   28.798195389   15.708785212
   -0.523598776   -2.792526803   47.705837879   25.365805288   11.363381317
   -0.349065850   -2.792526803   51.536131457   17.825223016    7.169708445
   -0.174532925   -2.792526803   53.734571010    6.830020496    3.289774455
    0.000000000   -2.792526803   53.805179636   -6.255928580   -0.312426291
    0.174532925   -2.792526803   51.558964501  -19.296993090   -3.780094641
    0.349065850   -2.792526803   47.256527110  -29.260474635   -7.198088367
    0.523598776   -2.792526803   41.729158608  -32.794271880  -10.454558593
    0.698131701   -2.792526803   36.328733316  -27.599898105  -13.208787373
    0.872664626   -2.792526803   32.601793690  -13.943152766  -14.993455637
    1.047197551   -2.792526803   31.760798188    4.654343725  -15.435103070
    1.221730476   -2.792526803   34.189028913   22.534973032  -14.455995698
    1.396263402   -2.792526803   39.269063401   34.333749398  -12.324939502
    1.570796327   -2.792526803   45.646489499   37.208520902   -9.527761869
    1.745329252   -2.792526803   51.753829386   31.533694697   -6.537207390
    1.919862177   -2.792526803   56.300597552   19.831302419   -3.626117682
    2.094395102   -2.792526803   58.498934532    5.074802566   -0.816770603
    2.268928028   -2.792526803   58.027438380  -10.461863938    2.041651118
    2.443460953   -2.792526803   54.888611974  -25.283637681    5.129721231
    2.617993878   -2.792526803   49.324174680  -38.000222157    8.528172411
    2.792526803   -2.792526803   41.853707116  -46.823963803   12.149358539
    2.967059728   -2.792526803   33.336387372  -49.690845635   15.731464013

   -3.141592654   -2.443460953   31.714612732  -39.567236440   19.009990142
   -2.967059728   -2.443460953   25.573925527  -29.882862208   21.219740010
   -2.792526803   -2.443460953   21.530256806  -16.056236067   22.588855004
   -2.617993878   -2.443460953   20.000305422   -1.721561601   23.238128938
   -2.443460953   -2.443460953   20.747380314    9.535321946   23.427831640
   -2.268928028   -2.443460953   23.027684956   15.695579954   23.429849583
   -2.094395102   -2.443460953   25.934927515   16.908986100   23.397276507
   -1.919862177   -2.443460953   28.750067554   15.036932697   23.300144988
   -1.745329252   -2.443460953   31.146155743   12.497142213   22.960313325
   -1.570796327   -2.443460953   33.186721732   11.196678061   22.138636120
   -1.396263402   -2.443460953   35.179568399   11.989380966   20.637756839
   -1.221730476   -2.443460953   37.479804489   14.564584858   18.367447454
   -1.047197551   -2.443460953   40.308024223   17.803127094   15.386938134
   -0.872664626   -2.443460953   43.648891765   20.166189069   11.898298922
   -0.698131701   -2.443460953   47.222802281   20.251618017    8.203787362
   -0.523598776   -2.443460953   50.538139726   17.093223664    4.615051101
   -0.349065850   -2.443460953   52.987306667   10.326146643    1.337546680
   -0.174532925   -2.443460953   53.951917904    0.177306252   -1.601521660
    0.000000000   -2.443460953   52.915367167  -12.347223038   -4.335384393
    0.174532925   -2.443460953   49.627123389  -25.183677936   -7.059391162
    0.349065850   -2.443460953   44.303743345  -35.039550075   -9.871315720
    0.523598776   -2.443460953   37.799932762  -38.092484654  -12.648294087
    0.698131701   -2.443460953   31.572179953  -31.620755392  -15.029513021
    0.872664626   -2.443460953   27.318971236  -15.814761715  -16.529869941
    1.047197551   -2.443460953   26.379110280    5.433838499  -16.758084066
    1.221730476   -2.443460953   29.168662686   25.817509118  -15.611514525
    1.396263402   -2.443460953   34.989655563   39.387718480  -13.327153648
    1.570796327   -2.443460953   42.334473473   43.085808438  -10.358883875
    1.745329252   -2.443460953   49.483329325   37.501419991   -7.161939947
    1.919862177   -2.443460953   55.056443246   25.617231623   -4.010804406
    2.094395102   -2.443460953   58.258348068   10.839563065   -0.944792264
    2.268928028   -2.443460953   58.816724301   -4.368839588    2.160271381
    2.443460953   -2.443460953   56.791213275  -18.603127213    5.450746404
    2.617993878   -2.443460953   52.444418821  -30.768229320    8.968630529
    2.792526803   -2.443460953   46.258210207  -39.443414813   12.591842747
    2.967059728   -2.443460953   38.996918424  -42.819888254   16.049624495

   -3.141592654   -2.094395102   37.543945305  -35.144117451   13.943247612
   -2.967059728   -2.094395102   32.052159147  -26.900108654   15.191112312
   -2.792526803   -2.094395102   28.405676267  -14.453932825   15.862817180
   -2.617993878   -2.094395102   27.057423118   -1.173228719   16.082012159
   -2.443460953   -2.094395102   27.839489841    9.453520574   16.003618196
   -2.268928028   -2.094395102   30.073534211   15.275457534   15.738573963
   -2.094395102   -2.094395102   32.880763457   16.157509950   15.297564652
   -1.919862177   -2.094395102   35.518134807   13.692642261   14.587660934
   -1.745329252   -2.094395102   37.600091674   10.180722576   13.470764574
   -1.570796327   -2.094395102   39.128742491    7.618336759   11.840122423
   -1.396263402   -2.094395102   40.380011196    7.085321311    9.682949403
   -1.221730476   -2.094395102   41.720751165    8.541469396    7.092516292
   -1.047197551   -2.094395102   43.429281166   11.094571825    4.255304519
   -0.872664626   -2.094395102   45.581372712   13.363694782    1.411332908
   -0.698131701   -2.094395102   48.003228864   13.953587599   -1.193480664
   -0.523598776   -2.094395102   50.295908821   11.728476181   -3.374130223
   -0.349065850   -2.094395102   51.898571939    5.978176421   -5.084148613
   -0.174532925   -2.094395102   52.173008554   -3.454067201   -6.458249760
    0.000000000   -2.094395102   50.524665670  -15.821141440   -7.774732801
    0.174532925   -2.094395102   46.603182662  -29.023010286   -9.344371460
    0.349065850   -2.094395102   40.561402177  -39.403913439  -11.341911512
    0.523598776   -2.094395102   33.274752868  -42.577936861  -13.670699567
    0.698131701   -2.094395102   26.316890912  -35.320112212  -15.933183815
    0.872664626   -2.094395102   21.563357338  -17.683170361  -17.547430193
    1.047197551   -2.094395102   20.512880499    6.104081195  -17.982913825
    1.221730476   -2.094395102   23.649418507   29.067031249  -16.997973216
    1.396263402   -2.094395102   30.221699102   44.601935396  -14.735318416
    1.570796327   -2.094395102   38.580314490   49.325127903  -11.630877317
    1.745329252   -2.094395102   46.845743758   43.945044479   -8.199276459
    1.919862177   -2.094395102   53.528043259   31.849156811   -4.821260108
    2.094395102   -2.094395102   57.797892716   16.872997378   -1.650441151
    2.268928028   -2.094395102   59.408747039    1.698483956    1.343428056
    2.443460953   -2.094395102   58.460626212  -12.315083203    4.245752764
    2.617993878   -2.094395102   55.229231562  -24.313178598    7.079336887
    2.792526803   -2.094395102   50.161829759  -33.163386952    9.754864745
    2.967059728   -2.094395102   43.946133456  -37.231209026   12.102385236

   -3.141592654   -1.745329252   40.678528961  -33.698852128    8.272867091
   -2.967059728   -1.745329252   35.370333859  -26.221082312    8.559335365
   -2.792526803   -1.745329252   31.791897516  -14.317127682    8.500858525
   -2.617993878   -1.745329252   30.434154131   -1.398556097    8.184001571
   -2.443460953   -1.745329252   31.149326950    8.903516578    7.648848650
   -2.268928028   -1.745329252   33.249216964   14.248996566    6.863988014
   -2.094395102   -1.745329252   35.814409789   14.353072195    5.733514102
   -1.919862177   -1.745329252   38.044999909   10.789483177    4.146832751
   -1.745329252   -1.745329252   39.510088221    6.008401655    2.059841763
   -1.570796327   -1.745329252   40.206021744    2.299673696   -0.436960733
   -1.396263402   -1.745329252   40.458951130    1.064551326   -3.104853427
   -1.221730476   -1.745329252   40.735120602    2.495494200   -5.625787659
   -1.047197551   -1.745329252   41.439368002    5.756746730   -7.706197103
   -0.872664626   -1.745329252   42.768664929    9.360000807   -9.163993321
   -0.698131701   -1.745329252   44.635733650   11.633784930   -9.951583145
   -0.523598776   -1.745329252   46.671045858   11.063860873  -10.139975617
   -0.349065850   -1.745329252   48.271614284    6.513786085   -9.902977070
   -0.174532925   -1.745329252   48.687703880   -2.514525618   -9.513624528
    0.000000000   -1.745329252   47.169448949  -15.421653825   -9.320703893
    0.174532925   -1.745329252   43.210549243  -29.943256438   -9.674507038
    0.349065850   -1.745329252   36.866357365  -41.937232187  -10.786697616
    0.523598776   -1.745329252   29.021485105  -46.310588890  -12.589231669
    0.698131701   -1.745329252   21.382513828  -39.174977785  -14.675284849
    0.872664626   -1.745329252   16.045514775  -20.290826586  -16.396769876
    1.047197551   -1.745329252   14.733944281    5.849481805  -17.104058034
    1.221730476   -1.745329252   18.066618072   31.553063683  -16.422254103
    1.396263402   -1.745329252   25.285923773   49.394777252  -14.393410653
    1.570796327   -1.745329252   34.613687500   55.451316134  -11.421078955
    1.745329252   -1.745329252   43.989351045   50.386790725   -8.059060347
    1.919862177   -1.745329252   51.770904062   37.924183320   -4.775060479
    2.094395102   -1.745329252   57.049163969   22.343107525   -1.823528823
    2.268928028   -1.745329252   59.564181291    6.605736250    0.742090990
    2.443460953   -1.745329252   59.430143120   -7.891117488    2.961963419
    2.617993878   -1.745329252   56.926682792  -20.418804196    4.864601658
    2.792526803   -1.745329252   52.481395148  -29.966439590    6.420398895
    2.967059728   -1.745329252   46.751733914  -34.900836280    7.570982264

   -3.141592654   -1.396263402   41.795947867  -34.314464722    4.438696712
   -2.967059728   -1.396263402   36.341266546  -27.262263629    3.957533881
   -2.792526803   -1.396263402   32.555773666  -15.638370852    3.167994408
   -2.617993878   -1.396263402   30.943613250   -3.009244445    2.166698736
   -2.443460953   -1.396263402   31.340448200    6.825989607    0.993780788
   -2.268928028   -1.396263402   33.016387734   11.418951090   -0.398196513
   -2.094395102   -1.396263402   35.001752572   10.506243574   -2.136999535
   -1.919862177   -1.396263402   36.464906125    5.856535190   -4.358220459
   -1.745329252   -1.396263402   36.991300196    0.264383579   -7.089335518
   -1.570796327   -1.396263402   36.659504337   -3.594594501  -10.148059183
   -1.396263402   -1.396263402   35.934909243   -4.085998275  -13.135616235
   -1.221730476   -1.396263402   35.439372004   -1.074447267  -15.556806510
   -1.047197551   -1.396263402   35.696829881    4.250797205  -17.004272200
   -0.872664626   -1.396263402   36.948316986    9.940343581  -17.303474243
   -0.698131701   -1.396263402   39.072437491   13.911696688  -16.538979377
   -0.523598776   -1.396263402   41.608889030   14.411841977  -14.987869467
   -0.349065850   -1.396263402   43.833392190   10.187969026  -13.029437099
   -0.174532925   -1.396263402   44.861641941    0.694024858  -11.083083949
    0.000000000   -1.396263402   43.806146311  -13.447413472   -9.564498514
    0.174532925   -1.396263402   40.039176491  -29.786226391   -8.821795525
    0.349065850   -1.396263402   33.548255790  -43.752152013   -9.027704425
    0.523598776   -1.396263402   25.244918577  -49.615831433  -10.075126829
    0.698131701   -1.396263402   16.976767131  -42.866163836  -11.545991527
    0.872664626   -1.396263402   11.064575701  -22.966328340  -12.820167317
    1.047197551   -1.396263402    9.463951949    5.348591370  -13.298417628
    1.221730476   -1.396263402   12.939739048   33.692234370  -12.646720155
    1.396263402   -1.396263402   20.742039590   53.810745282  -10.909660246
    1.570796327   -1.396263402   30.972949959   61.197293234   -8.445968833
    1.745329252   -1.396263402   41.389218655   56.396999099   -5.735960550
    1.919862177   -1.396263402   50.181786245   43.395132403   -3.175192231
    2.094395102   -1.396263402   56.336636308   26.882012771   -0.971252148
    2.268928028   -1.396263402   59.555376128   10.133429992    0.838666056
    2.443460953   -1.396263402   59.952360562   -5.321587041    2.292543371
    2.617993878   -1.396263402   57.817780638  -18.757570476    3.414778877
    2.792526803   -1.396263402   53.586249966  -29.173330719    4.175855195
    2.967059728   -1.396263402   47.925741434  -34.900873829    4.527094220

   -3.141592654   -1.047197551   40.990163868  -37.136315232    2.934235973
   -2.967059728   -1.047197551   35.022730561  -30.259689297    1.802766337
   -2.792526803   -1.047197551   30.723864100  -18.480616532    0.193843330
   -2.617993878   -1.047197551   28.641373391   -5.553030405   -1.753014531
   -2.443460953   -1.047197551   28.613723163    4.466656294   -3.907871269
   -2.268928028   -1.047197551   29.869976273    8.899225616   -6.218467677
   -2.094395102   -1.047197551   31.369711655    7.395424651   -8.734903511
   -1.919862177   -1.047197551   32.215606466    1.874478147  -11.538402825
   -1.745329252   -1.047197551   31.975917491   -4.469238230  -14.603683737
   -1.570796327   -1.047197551   30.795189015   -8.442862971  -17.673061110
   -1.396263402   -1.047197551   29.286203217   -8.043572996  -20.260561557
   -1.221730476   -1.047197551   28.252519889   -3.139211617  -21.816270599
   -1.047197551   -1.047197551   28.361334584    4.659376608  -21.966924441
   -0.872664626   -1.047197551   29.901934508   12.784080348  -20.683008119
   -0.698131701   -1.047197551   32.694978548   18.596396526  -18.272001587
   -0.523598776   -1.047197551   36.145887880   20.040185557  -15.239834869
   -0.349065850   -1.047197551   39.364118020   15.785666169  -12.117498205
   -0.174532925   -1.047197551   41.300336221    5.356905405   -9.346327481
    0.000000000   -1.047197551   40.922532525  -10.449174745   -7.232875582
    0.174532925   -1.047197551   37.499930717  -28.874564079   -5.924521144
    0.349065850   -1.047197551   30.986071986  -44.869873128   -5.388216489
    0.523598776   -1.047197551   22.353449606  -52.124090855   -5.408768741
    0.698131701   -1.047197551   13.606416421  -45.646935324   -5.636484965
    0.872664626   -1.047197551    7.277848311  -24.773384217   -5.704482833
    1.047197551   -1.047197551    5.517986779    5.421100178   -5.359763919
    1.221730476   -1.047197551    9.193710590   35.879429670   -4.549313669
    1.396263402   -1.047197551   17.533010792   57.649230728   -3.399320422
    1.570796327   -1.047197551   28.514861675   65.798293173   -2.119853402
    1.745329252   -1.047197551   39.733680126   60.855476733   -0.896231279
    1.919862177   -1.047197551   49.243443751   47.077600953    0.180268800
    2.094395102   -1.047197551   55.950693361   29.508200183    1.108394276
    2.268928028   -1.047197551   59.531841974   11.665655541    1.928242331
    2.443460953   -1.047197551   60.104144279   -4.832598917    2.657332807
    2.617993878   -1.047197551   57.966988990  -19.275113452    3.250169746
    2.792526803   -1.047197551   53.561100983  -30.641965875    3.586223779
    2.967059728   -1.047197551   47.570938522  -37.189267479    3.521011338

   -3.141592654   -0.698131701   40.857311927  -40.108846466    0.449404705
   -2.967059728   -0.698131701   34.285839842  -34.168279562   -1.145610938
   -2.792526803   -0.698131701   29.245109983  -23.007682637   -3.255150371
   -2.617993878   -0.698131701   26.345955151  -10.326240619   -5.733036327
   -2.443460953   -0.698131701   25.483616802   -0.298674180   -8.408975462
   -2.268928028   -0.698131701   25.912029845    4.162575173  -11.165919351
   -2.094395102   -0.698131701   26.576498154    2.532481730  -13.973541187
   -1.919862177   -0.698131701   26.553843360   -3.208380906  -16.825011743
   -1.745329252   -0.698131701   25.423904226   -9.501208958  -19.612085967
   -1.570796327   -0.698131701   23.421737507  -12.662118716  -22.018698575
   -1.396263402   -0.698131701   21.322677881  -10.409250447  -23.552619002
   -1.221730476   -0.698131701   20.103609714   -2.794529895  -23.732477268
   -1.047197551   -0.698131701   20.530912034    7.936401249  -22.335884632
   -0.872664626   -0.698131701   22.865142883   18.454056370  -19.544156684
   -0.698131701   -0.698131701   26.780154458   25.573416587  -15.887182556
   -0.523598776   -0.698131701   31.473816062   27.105146131  -12.038680803
   -0.349065850   -0.698131701   35.857224869   21.931062836   -8.576609592
   -0.174532925   -0.698131701   38.738305545    9.964345966   -5.831570498
    0.000000000   -0.698131701   39.014164268   -7.567439738   -3.853353413
    0.174532925   -0.698131701   35.956480584  -27.510358116   -2.448657851
    0.349065850   -0.698131701   29.585377859  -44.493076537   -1.288068647
    0.523598776   -0.698131701   20.984557922  -52.023629422   -0.050785779
    0.698131701   -0.698131701   12.281432173  -45.167381562    1.427560107
    0.872664626   -0.698131701    6.099716657  -23.556969702    3.062039464
    1.047197551   -0.698131701    4.615974764    7.315164725    4.557014503
    1.221730476   -0.698131701    8.655551073   38.069537883    5.564374810
    1.396263402   -0.698131701   17.368782623   59.670762260    5.876312939
    1.570796327   -0.698131701   28.664296930   67.336462309    5.528065668
    1.745329252   -0.698131701   40.103344806   61.849527835    4.759209696
    1.919862177   -0.698131701   49.747947525   47.660134335    3.882142163
    2.094395102   -0.698131701   56.534837049   29.865899985    3.146271411
    2.268928028   -0.698131701   60.167696709   11.907137101    2.666155993
    2.443460953   -0.698131701   60.769535521   -4.753758227    2.418915638
    2.617993878   -0.698131701   58.617615783  -19.574934675    2.276367623
    2.792526803   -0.698131701   54.105171746  -31.615168123    2.036108213
    2.967059728   -0.698131701   47.865808658  -39.110350560    1.485514286

   -3.141592654   -0.349065850   40.608100002  -43.129125719   -1.251491841
   -2.967059728   -0.349065850   33.412314931  -38.273842677   -2.964165657
   -2.792526803   -0.349065850   27.576207256  -27.953722894   -5.171405403
   -2.617993878   -0.349065850   23.768984372  -15.715561738   -7.741482545
   -2.443460953   -0.349065850   21.954933313   -5.764077378  -10.495464807
   -2.268928028   -0.349065850   21.438865621   -1.176552417  -13.277831381
   -2.094395102   -0.349065850   21.187612712   -2.610827456  -15.981823812
   -1.919862177   -0.349065850   20.292377851   -8.021607717  -18.494999816
   -1.745329252   -0.349065850   18.380549958  -13.541254506  -20.609151305
   -1.570796327   -0.349065850   15.797266375  -15.127210002  -21.968901907
   -1.396263402   -0.349065850   13.471488402  -10.407105375  -22.149446851
   -1.221730476   -0.349065850   12.510589646    0.194108405  -20.848778011
   -1.047197551   -0.349065850   13.709336148   13.679603856  -18.093351046
   -0.872664626   -0.349065850   17.218241182   25.955602566  -14.307004231
   -0.698131701   -0.349065850   22.495187806   33.430510564  -10.183310074
   -0.523598776   -0.349065850   28.495245936   34.030459679   -6.430511704
   -0.349065850   -0.349065850   33.945133918   27.148945023   -3.510691423
   -0.174532925   -0.349065850   37.575776289   13.363549128   -1.503904903
    0.000000000   -0.349065850   38.319358705   -5.488911404   -0.119630275
    0.174532925   -0.349065850   35.571609616  -25.878868237    1.183722535
    0.349065850   -0.349065850   29.514648084  -42.396057373    2.969586860
    0.523598776   -0.349065850   21.366697378  -48.895241223    5.556432210
    0.698131701   -0.349065850   13.299755383  -41.096092722    8.810698966
    0.872664626   -0.349065850    7.860188262  -19.307069226   12.119454419
    1.047197551   -0.349065850    7.054407974   10.643373868   14.625151214
    1.221730476   -0.349065850   11.526286592   39.589646146   15.622425496
    1.396263402   -0.349065850   20.323817646   59.137592009   14.892059383
    1.570796327   -0.349065850   31.375933760   65.201876753   12.773151086
    1.745329252   -0.349065850   42.363561053   58.963519019    9.955450219
    1.919862177   -0.349065850   51.500832516   44.851764928    7.148149102
    2.094395102   -0.349065850   57.844562883   27.647427895    4.829546949
    2.268928028   -0.349065850   61.153547621   10.405932784    3.167789429
    2.443460953   -0.349065850   61.543614620   -5.726927184    2.087742021
    2.617993878   -0.349065850   59.240493037  -20.417724460    1.375415587
    2.792526803   -0.349065850   54.558462636  -32.794937881    0.752567082
    2.967059728   -0.349065850   48.049939872  -41.069335572   -0.050979753

   -3.141592654    0.000000000   40.204035668  -45.526556073   -2.652287802
   -2.967059728    0.000000000   32.507038422  -41.613069465   -4.003347519
   -2.792526803    0.000000000   26.010300150  -32.146707461   -5.677589081
   -2.617993878    0.000000000   21.415739266  -20.489648818   -7.617272303
   -2.443460953    0.000000000   18.741754742  -10.789895103   -9.720508045
   -2.268928028    0.000000000   17.348624565   -6.154778367  -11.876238986
   -2.094395102    0.000000000   16.253883796   -7.240965313  -13.960415391
   -1.919862177    0.000000000   14.609960432  -11.882392600  -15.789853402
   -1.745329252    0.000000000   12.136873306  -15.986769076  -17.081351357
   -1.570796327    0.000000000    9.307531686  -15.373607457  -17.469748407
   -1.396263402    0.000000000    7.177469633   -7.853182178  -16.627130082
   -1.221730476    0.000000000    6.913871209    5.567349458  -14.438523682
   -1.047197551    0.000000000    9.245671974   21.095593477  -11.138830380
   -0.872664626    0.000000000   14.127410193   34.006160627   -7.297633477
   -0.698131701    0.000000000   20.752557070   40.586162791   -3.636511434
   -0.523598776    0.000000000   27.841109558   39.227201336   -0.759880234
   -0.349065850    0.000000000   34.003180959   30.147847997    1.082563749
   -0.174532925    0.000000000   38.006310504   14.792127824    2.079212626
    0.000000000    0.000000000   38.951697535   -4.368666627    2.785026438
    0.174532925    0.000000000   36.478133408  -23.637677228    3.932734471
    0.349065850    0.000000000   30.990991134  -38.009477722    6.138697576
    0.523598776    0.000000000   23.811187941  -42.282357999    9.597414806
    0.698131701    0.000000000   17.021218133  -33.364871362   13.888871829
    0.872664626    0.000000000   12.888603044  -12.435982590   18.035051420
    1.047197551    0.000000000   13.056144523   14.635270670   20.868568533
    1.221730476    0.000000000   17.881419842   39.570933269   21.550744615
    1.396263402    0.000000000   26.332524695   55.337703085   19.941893863
    1.570796327    0.000000000   36.484650426   58.975496474   16.612034733
    1.745329252    0.000000000   46.301658419   52.058685652   12.516323514
    1.919862177    0.000000000   54.282016364   38.683365824    8.558162958
    2.094395102    0.000000000   59.670759143   22.929410669    5.300241968
    2.268928028    0.000000000   62.291657411    7.208656624    2.907045984
    2.443460953    0.000000000   62.233370406   -7.740430407    1.267591091
    2.617993878    0.000000000   59.645481274  -21.767162458    0.144114921
    2.792526803    0.000000000   54.746042623  -34.024298850   -0.732123109
    2.967059728    0.000000000   47.993771255  -42.687434075   -1.602027537

   -3.141592654    0.349065850   39.574937310  -47.055563336   -3.461650875
   -2.967059728    0.349065850   31.560280710  -43.724944553   -4.072276109
   -2.792526803    0.349065850   24.643303485  -34.827226848   -4.776047690
   -2.617993878    0.349065850   19.542960616  -23.567434687   -5.631204389
   -2.443460953    0.349065850   16.313892495  -14.033540797   -6.657524621
   -2.268928028    0.349065850   14.357503025   -9.325148508   -7.825502328
   -2.094395102    0.349065850   12.735638658  -10.055065526   -9.031338999
   -1.919862177    0.349065850   10.659695473  -13.938440076  -10.075067824
   -1.745329252    0.349065850    7.932826428  -16.741695217  -10.674493323
   -1.570796327    0.349065850    5.126063896  -14.282626649  -10.531835128
   -1.396263402    0.349065850    3.370751569   -4.641628784   -9.451547914
   -1.221730476    0.349065850    3.838861763   10.643801720   -7.454312317
   -1.047197551    0.349065850    7.162071454   27.196617894   -4.828111043
   -0.872664626    0.349065850   13.111209842   39.925506773   -2.058285249
   -0.698131701    0.349065850   20.670388974   45.205717730    0.340632703
   -0.523598776    0.349065850   28.404367315   41.963839965    2.029261336
   -0.349065850    0.349065850   34.887391495   31.185091540    2.999991736
   -0.174532925    0.349065850   38.986756552   15.057056465    3.596678365
    0.000000000    0.349065850   40.011957509   -3.470441321    4.415019428
    0.174532925    0.349065850   37.855179637  -20.706963902    6.099365220
    0.349065850    0.349065850   33.122697513  -32.248981699    9.063913510
    0.523598776    0.349065850   27.181029058  -34.029090588   13.233820402
    0.698131701    0.349065850   21.939063789  -24.252706729   17.934759205
    0.872664626    0.349065850   19.296274032   -4.910363207   22.038198609
    1.047197551    0.349065850   20.468470132   18.323979429   24.384126069
    1.221730476    0.349065850   25.514068722   38.369878735   24.283085943
    1.396263402    0.349065850   33.358481533   49.805634627   21.801533096
    1.570796327    0.349065850   42.290368000   50.877343687   17.679677256
    1.745329252    0.349065850   50.622495855   43.465054465   12.950382235
    1.919862177    0.349065850   57.179747093   31.165753007    8.506165211
    2.094395102    0.349065850   61.409293022   17.213440177    4.856307160
    2.268928028    0.349065850   63.194814522    3.311626186    2.118404295
    2.443460953    0.349065850   62.588724870  -10.199021841    0.172839220
    2.617993878    0.349065850   59.660648787  -23.298740013   -1.181638374
    2.792526803    0.349065850   54.537928516  -35.128912735   -2.139053846
    2.967059728    0.349065850   47.594130322  -43.817879308   -2.856926948

   -3.141592654    0.698131701   39.178575281  -47.039688277   -4.261168437
   -2.967059728    0.698131701   31.150768299  -43.920094446   -4.211523824
   -2.792526803    0.698131701   24.166025922  -35.427103008   -4.003966104
   -2.617993878    0.698131701   18.919046776  -24.650212386   -3.808192978
   -2.443460953    0.698131701   15.460404849  -15.566179355   -3.772810646
   -2.268928028    0.698131701   13.207519254  -11.153548804   -3.968642548
   -2.094395102    0.698131701   11.261142508  -11.884562966   -4.346119408
   -1.919862177    0.698131701    8.896083755  -15.342645456   -4.736977585
   -1.745329252    0.698131701    5.996621456  -17.238311256   -4.913301455
   -1.570796327    0.698131701    3.211391376  -13.496634712   -4.676710738
   -1.396263402    0.698131701    1.714253252   -2.487460905   -3.945581205
   -1.221730476    0.698131701    2.658445608   13.857601105   -2.790836112
   -1.047197551    0.698131701    6.590189057   30.827783676   -1.411861117
   -0.872664626    0.698131701   13.153151574   43.203797812   -0.057927311
   -0.698131701    0.698131701   21.209242072   47.549837042    1.068667039
   -0.523598776    0.698131701   29.257740068   43.251315075    1.905173951
   -0.349065850    0.698131701   35.901685785   31.861850986    2.590959854
   -0.174532925    0.698131701   40.131836061   16.061475618    3.452753576
    0.000000000    0.698131701   41.444767597   -0.991260315    4.924928051
    0.174532925    0.698131701   39.919554616  -15.846000707    7.388535766
    0.349065850    0.698131701   36.263671181  -24.835852158   10.960900135
    0.523598776    0.698131701   31.781228884  -24.969442833   15.319811635
    0.698131701    0.698131701   28.129660764  -15.472365338   19.679970015
    0.872664626    0.698131701   26.824679408    1.261345860   22.988164018
    1.047197551    0.698131701   28.707897349   20.097677007   24.321643007
    1.221730476    0.698131701   33.632558641   35.260840681   23.289767653
    1.396263402    0.698131701   40.570076797   42.787394307   20.190093346
    1.570796327    0.698131701   48.070631564   41.843441301   15.843767192
    1.745329252    0.698131701   54.795962130   34.379425379   11.209773073
    1.919862177    0.698131701   59.869039164   23.409134724    7.018992659
    2.094395102    0.698131701   62.908892711   11.371650018    3.615032386
    2.268928028    0.698131701   63.843362463   -0.637259044    1.009325986
    2.443460953    0.698131701   62.689868794  -12.588275754   -0.941562581
    2.617993878    0.698131701   59.451116279  -24.536355738   -2.384706335
    2.792526803    0.698131701   54.184205624  -35.596325569   -3.400850602
    2.967059728    0.698131701   47.197643968  -43.869665673   -4.018806694

   -3.141592654    1.047197551   37.331152389  -46.712920078   -7.207999436
   -2.967059728    1.047197551   29.442052845  -42.704223226   -6.819045755
   -2.792526803    1.047197551   22.716034414  -33.763867001   -5.951652471
   -2.617993878    1.047197551   17.758456550  -23.085173812   -4.871698800
   -2.443460953    1.047197551   14.530458775  -14.542007546   -3.857273556
   -2.268928028    1.047197551   12.395381781  -10.823921796   -3.091425491
   -2.094395102    1.047197551   10.457267364  -12.062986319   -2.598328158
   -1.919862177    1.047197551    8.045795601  -15.621301543   -2.267647687
   -1.745329252    1.047197551    5.120098666  -17.203317191   -1.953727669
   -1.570796327    1.047197551    2.386329550  -12.928576256   -1.577250845
   -1.396263402    1.047197551    1.033952051   -1.425755718   -1.164761901
   -1.221730476    1.047197551    2.191502583   15.188410162   -0.798100793
   -1.047197551    1.047197551    6.360303529   32.168369945   -0.528223688
   -0.872664626    1.047197551   13.144247028   44.373496068   -0.318265912
   -0.698131701    1.047197551   21.387868755   48.541818786   -0.050176443
   -0.523598776    1.047197551   29.607693707   44.280684892    0.440392648
   -0.349065850    1.047197551   36.465320546   33.372553185    1.343689035
   -0.174532925    1.047197551   41.044970991   18.662561437    2.860147068
    0.000000000    1.047197551   42.950658235    3.279589281    5.171248369
    0.174532925    1.047197551   42.338290587   -9.665814009    8.350702046
    0.349065850    1.047197551   39.903784296  -17.162118299   12.234944947
    0.523598776    1.047197551   36.808697602  -17.006281370   16.331799479
    0.698131701    1.047197551   34.445035919   -8.991473890   19.866576967
    0.872664626    1.047197551   34.013100156    4.539847950   21.997331376
    1.047197551    1.047197551   36.112072235   19.232200815   22.144622596
    1.221730476    1.047197551   40.533226567   30.499306825   20.253210073
    1.396263402    1.047197551   46.388591818   35.422426904   16.807778387
    1.570796327    1.047197551   52.501151276   33.583753443   12.607201782
    1.745329252    1.047197551   57.814511310   26.644002177    8.421058312
    1.919862177    1.047197551   61.641954154   16.931709354    4.733410792
    2.094395102    1.047197551   63.669997948    6.224931698    1.684277920
    2.268928028    1.047197551   63.803314898   -4.725246940   -0.819469500
    2.443460953    1.047197551   62.007138785  -15.896030497   -2.925478853
    2.617993878    1.047197551   58.251334782  -27.141258214   -4.702900099
    2.792526803    1.047197551   52.598572246  -37.370480335   -6.094507562
    2.967059728    1.047197551   45.387228316  -44.618282907   -6.968790814

   -3.141592654    1.396263402   33.340323755  -47.666566243  -10.755809072
   -2.967059728    1.396263402   25.443565926  -41.847835888  -10.336919959
   -2.792526803    1.396263402   19.005660148  -31.404766009   -9.177297119
   -2.617993878    1.396263402   14.544895551  -19.875521483   -7.599379673
   -2.443460953    1.396263402   11.897173665  -11.212661396   -5.951907831
   -2.268928028    1.396263402   10.313831838   -7.886399958   -4.469037398
   -2.094395102    1.396263402    8.840287337   -9.675484965   -3.203488012
   -1.919862177    1.396263402    6.803345785  -13.695764263   -2.079919427
   -1.745329252    1.396263402    4.181240905  -15.646776541   -1.027381440
   -1.570796327    1.396263402    1.682831833  -11.817476182   -0.082808524
   -1.396263402    1.396263402    0.472174631   -0.947542794    0.615970662
   -1.221730476    1.396263402    1.651245820   14.955663648    0.951901931
   -1.047197551    1.396263402    5.732457534   31.454941572    0.955837822
   -0.872664626    1.396263402   12.386726143   43.698066433    0.837366292
   -0.698131701    1.396263402   20.562546774   48.539943981    0.892714553
   -0.523598776    1.396263402   28.881394706   45.492900088    1.381192774
   -0.349065850    1.396263402   36.082676120   36.133505724    2.460006639
   -0.174532925    1.396263402   41.288539292   23.074073835    4.199145072
    0.000000000    1.396263402   44.098368007    9.174798062    6.606793650
    0.174532925    1.396263402   44.610150107   -2.803797986    9.598777845
    0.349065850    1.396263402   43.393477872  -10.263104901   12.914425665
    0.523598776    1.396263402   41.415575787  -11.323649220   16.065996113
    0.698131701    1.396263402   39.843542607   -5.783930363   18.407940723
    0.872664626    1.396263402   39.693427150    4.495464818   19.341429555
    1.047197551    1.396263402   41.499258621   16.007519703   18.567995702
    1.221730476    1.396263402   45.141411900   24.997865661   16.237283799
    1.396263402    1.396263402   49.934410396   28.975123346   12.877274506
    1.570796327    1.396263402   54.927887973   27.363592827    9.158290205
    1.745329252    1.396263402   59.224567879   21.260018908    5.621041048
    1.919862177    1.396263402   62.188273834   12.374178945    2.520038790
    2.094395102    1.396263402   63.465765632    2.104902153   -0.166205048
    2.268928028    1.396263402   62.886089330   -8.830248611   -2.599339140
    2.443460953    1.396263402   60.358611239  -20.170782452   -4.914924736
    2.617993878    1.396263402   55.851690299  -31.403801023   -7.104762744
    2.792526803    1.396263402   49.489582723  -41.124340337   -8.986355674
    2.967059728    1.396263402   41.712609500  -47.223598859  -10.284255659

   -3.141592654    1.745329252   28.512468836  -48.633375944  -14.532508595
   -2.967059728    1.745329252   20.632951114  -40.708186141  -14.655785814
   -2.792526803    1.745329252   14.548860169  -28.600541341  -13.748123918
   -2.617993878    1.745329252   10.667376430  -16.180025746  -12.043122832
   -2.443460953    1.745329252    8.685494583   -7.384777449   -9.869172318
   -2.268928028    1.745329252    7.746258047   -4.375373902   -7.503332512
   -2.094395102    1.745329252    6.849304322   -6.573055624   -5.082139402
   -1.919862177    1.745329252    5.322910905  -10.942955098   -2.634664715
   -1.745329252    1.745329252    3.147974941  -13.305680177   -0.207767696
   -1.570796327    1.745329252    1.003374414  -10.163180021    2.027398293
   -1.396263402    1.745329252    0.000000000   -0.262250844    3.790696044
   -1.221730476    1.745329252    1.213886637   14.701981673    4.844889666
   -1.047197551    1.745329252    5.203372754   30.764899426    5.161261439
   -0.872664626    1.745329252   11.756841890   43.365206194    4.973302092
   -0.698131701    1.745329252   19.960272687   49.284026963    4.667647637
   -0.523598776    1.745329252   28.531524476   47.661506535    4.612801464
   -0.349065850    1.745329252   36.234508054   39.674951842    5.035587598
   -0.174532925    1.745329252   42.155754240   27.660997307    6.007891343
    0.000000000    1.745329252   45.823366526   14.325625915    7.473691602
    0.174532925    1.745329252   47.240177493    2.293987884    9.260464569
    0.349065850    1.745329252   46.854465892   -5.980241133   11.063243990
    0.523598776    1.745329252   45.492921312   -8.668324130   12.465212093
    0.698131701    1.745329252   44.194472933   -5.366208369   13.039245898
    0.872664626    1.745329252   43.909153934    2.561523453   12.517812341
    1.047197551    1.745329252   45.203796766   12.207227320   10.927960946
    1.221730476    1.745329252   48.083365678   20.219952131    8.597420959
    1.396263402    1.745329252   52.024905507   24.126039730    6.000977201
    1.570796327    1.745329252   56.210532677   23.010645684    3.547616037
    1.745329252    1.745329252   59.799762588   17.483468493    1.423756408
    1.919862177    1.745329252   62.133973987    8.866532101   -0.430018181
    2.094395102    1.745329252   62.789059455   -1.590136391   -2.229596934
    2.268928028    1.745329252   61.521259097  -13.052605626   -4.203272468
    2.443460953    1.745329252   58.206285637  -24.939817526   -6.467752245
    2.617993878    1.745329252   52.844156759  -36.325526379   -8.950581997
    2.792526803    1.745329252   45.659670963  -45.477455219  -11.379900622
    2.967059728    1.745329252   37.232682820  -50.181296570  -13.367947246

   -3.141592654    2.094395102   23.088349913  -50.756374083  -14.173517744
   -2.967059728    2.094395102   15.024456319  -40.679361088  -14.398800491
   -2.792526803    2.094395102    9.125837395  -26.567884125  -13.534342901
   -2.617993878    2.094395102    5.738215934  -12.658309034  -11.745113762
   -2.443460953    2.094395102    4.454924215   -2.998649668   -9.302584814
   -2.268928028    2.094395102    4.320769224    0.407033001   -6.447877773
   -2.094395102    2.094395102    4.275645611   -1.615607341   -3.310761024
   -1.919862177    2.094395102    3.622495402   -5.916006199    0.046175134
   -1.745329252    2.094395102    2.316653792   -8.429445005    3.494735058
   -1.570796327    2.094395102    0.979251164   -5.880118926    6.736234292
   -1.396263402    2.094395102    0.634479288    2.922895221    9.337447786
   -1.221730476    2.094395102    2.287439201   16.528754604   10.919553224
   -1.047197551    2.094395102    6.489573001   31.438151528   11.362513049
   -0.872664626    2.094395102   13.101429941   43.472537173   10.883104026
   -0.698131701    2.094395102   21.324979848   49.511270273    9.918034916
   -0.523598776    2.094395102   29.983510584   48.481939218    8.916665578
   -0.349065850    2.094395102   37.895642413   41.246604067    8.168292466
   -0.174532925    2.094395102   44.148415283   29.843280113    7.757900997
    0.000000000    2.094395102   48.225196385   16.753122475    7.594982352
    0.174532925    2.094395102   50.048958122    4.419990311    7.467634334
    0.349065850    2.094395102   49.960987492   -4.807209979    7.103137606
    0.523598776    2.094395102   48.677094731   -9.023577237    6.259765370
    0.698131701    2.094395102   47.162408756   -7.475623217    4.838869065
    0.872664626    2.094395102   46.374244949   -0.988901227    2.975010141
    1.047197551    2.094395102   46.977908491    7.993282602    1.008317576
    1.221730476    2.094395102   49.130230656   16.236633893   -0.662268448
    1.396263402    2.094395102   52.443602529   20.972120531   -1.774709942
    1.570796327    2.094395102   56.160329833   20.761400117   -2.325373826
    1.745329252    2.094395102   59.409015511   15.739876602   -2.550125245
    1.919862177    2.094395102   61.437403565    6.999405800   -2.803586099
    2.094395102    2.094395102   61.711669410   -4.162827623   -3.417070348
    2.268928028    2.094395102   59.906545287  -16.661991689   -4.595277227
    2.443460953    2.094395102   55.870745536  -29.548722752   -6.370915431
    2.617993878    2.094395102   49.645185094  -41.496913085   -8.587740286
    2.792526803    2.094395102   41.561069361  -50.464863970  -10.914559990
    2.967059728    2.094395102   32.343645371  -54.101352186  -12.918966081

   -3.141592654    2.443460953   18.548982827  -52.801315536   -8.627229857
   -2.967059728    2.443460953   10.294563737  -40.774957848   -8.528621486
   -2.792526803    2.443460953    4.556331886  -24.661146083   -7.613757626
   -2.617993878    2.443460953    1.657532193   -9.030474932   -5.956410215
   -2.443460953    2.443460953    1.126639592    1.923136006   -3.699767647
   -2.268928028    2.443460953    1.936757473    6.255208379   -0.966009365
   -2.094395102    2.443460953    2.974858452    4.913067117    2.188706176
   -1.919862177    2.443460953    3.503400080    1.041553832    5.719020788
   -1.745329252    2.443460953    3.417793634   -1.506614005    9.466979632
   -1.570796327    2.443460953    3.233114327    0.262986342   13.067728891
   -1.396263402    2.443460953    3.832029071    7.465541516   15.990719904
   -1.221730476    2.443460953    6.096483135   18.938973892   17.731875883
   -1.047197551    2.443460953   10.532045625   31.752867667   18.040095432
   -0.872664626    2.443460953   17.054577111   42.254570018   17.036020880
   -0.698131701    2.443460953   24.989418160   47.550469148   15.135646163
   -0.523598776    2.443460953   33.290057383   46.417840452   12.847638089
   -0.349065850    2.443460953   40.858069909   39.381232617   10.562746693
   -0.174532925    2.443460953   46.800359450   28.114485145    8.453343797
    0.000000000    2.443460953   50.565155412   14.836959834    6.474186989
    0.174532925    2.443460953   52.007382528    1.889679658    4.438576177
    0.349065850    2.443460953   51.398651792   -8.277985055    2.140949595
    0.523598776    2.443460953   49.423173171  -13.435742540   -0.496998527
    0.698131701    2.443460953   47.086729153  -12.348919762   -3.319166134
    0.872664626    2.443460953   45.469296840   -5.445824553   -5.921077667
    1.047197551    2.443460953   45.400234000    4.880400060   -7.798386828
    1.221730476    2.443460953   47.169395248   15.000124944   -8.584012983
    1.396263402    2.443460953   50.426025768   21.485065497   -8.237084928
    1.570796327    2.443460953   54.336124533   22.317905622   -7.071377034
    1.745329252    2.443460953   57.877147539   17.376209518   -5.604889162
    1.919862177    2.443460953   60.133135581    7.852624996   -4.351289317
    2.094395102    2.443460953   60.445181923   -4.638564088   -3.664326173
    2.268928028    2.443460953   58.425442748  -18.643228200   -3.684817202
    2.443460953    2.443460953   53.922933721  -32.858405479   -4.367086983
    2.617993878    2.443460953   47.036944995  -45.643847154   -5.519604499
    2.792526803    2.443460953   38.207354918  -54.724178228   -6.843111452
    2.967059728    2.443460953   28.298584955  -57.628478110   -7.989827613

   -3.141592654    2.792526803   16.932963357  -53.062444556    1.285900463
   -2.967059728    2.792526803    8.714004604  -40.082057697    2.249702438
   -2.792526803    2.792526803    3.188493051  -22.914610781    3.485396020
   -2.617993878    2.792526803    0.686749675   -6.233173815    5.001474351
   -2.443460953    2.792526803    0.733865212    5.745763835    6.822019118
   -2.268928028    2.792526803    2.300970725   11.109403302    8.994468584
   -2.094395102    2.792526803    4.276507132   10.789926587   11.564033322
   -1.919862177    2.792526803    5.909027167    7.760092188   14.501000698
   -1.745329252    2.792526803    7.033599175    5.518641078   17.615075456
   -1.570796327    2.792526803    8.036993134    6.672671063   20.511647091
   -1.396263402    2.792526803    9.621410806   12.173106732   22.660632072
   -1.221730476    2.792526803   12.493591893   21.092961221   23.572434673
   -1.047197551    2.792526803   17.058387424   31.094203573   22.999901236
   -0.872664626    2.792526803   23.245811422   39.188022138   21.046321573
   -0.698131701    2.792526803   30.494068821   42.903738425   18.111868693
   -0.523598776    2.792526803   37.908484721   41.029668637   14.713400234
   -0.349065850    2.792526803   44.514122798   33.796625466   11.276176670
   -0.174532925    2.792526803   49.477218038   22.472564820    8.009311412
    0.000000000    2.792526803   52.241810400    8.978382501    4.889197155
    0.174532925    2.792526803   52.626417570   -4.397563580    1.739649297
    0.349065850    2.792526803   50.881138938  -14.975044970   -1.608407090
    0.523598776    2.792526803   47.729335134  -20.098955944   -5.141984361
    0.698131701    2.792526803   44.293468413  -18.099651527   -8.563364893
    0.872664626    2.792526803   41.826604073   -9.255313772  -11.331350632
    1.047197551    2.792526803   41.318243467    3.734012552  -12.884425104
    1.221730476    2.792526803   43.127534287   16.553109907  -12.922123033
    1.396263402    2.792526803   46.842843790   25.023037852  -11.568451189
    1.570796327    2.792526803   51.460754881   26.691127329   -9.319945280
    1.745329252    2.792526803   55.753376551   21.454265313   -6.808991097
    1.919862177    2.792526803   58.636306774   10.873858482   -4.555266294
    2.094395102    2.792526803   59.358756201   -2.966964906   -2.828140065
    2.268928028    2.792526803   57.516464589  -18.246530524   -1.653888284
    2.443460953    2.792526803   52.992648644  -33.439948922   -0.906831968
    2.617993878    2.792526803   45.948926030  -46.795626068   -0.404270726
    2.792526803    2.792526803   36.901188937  -56.001741552    0.038391054
    2.967059728    2.792526803   26.792149048  -58.586637189    0.567443782
