#! FIELDS phi psi file.free der_phi der_psi
#! SET min_phi -pi
#! SET max_phi pi
#! SET nbins_phi  36
#! SET periodic_phi true
#! SET min_psi -pi
#! SET max_psi pi
#! SET nbins_psi  18
#! SET periodic_psi true
   -3.141592654   -3.141592654   18.067729947  -51.543958074   12.758877986
   -2.967059728   -3.141592654   10.282862544  -36.781306582   15.025832627
   -2.792526803   -3.141592654    5.420767492  -18.797617008   16.803142805
   -2.617993878   -3.141592654    3.640261292   -2.214213304   18.074329705
   -2.443460953   -3.141592654    4.339438916    9.159284692   19.013227122
   -2.268928028   -3.141592654    6.448803412   13.958805488   19.913406479
   -2.094395102   -3.141592654    8.904418006   13.538073291   21.054381377
   -1.919862177   -3.141592654   11.049631262   10.970923138   22.564468972
   -1.745329252   -3.141592654   12.799227185    9.475578231   24.341125158
   -1.570796327   -3.141592654   14.545635671   11.137200640   26.046098599
   -1.396263402   -3.141592654   16.904320219   16.419268318   27.197024839
   -1.221730476   -3.141592654   20.432125257   24.210852489   27.320784758
   -1.047197551   -3.141592654   25.388117620   32.374019499   26.131311721
   -0.872664626   -3.141592654   31.618108967   38.402758772   23.631776532
   -0.698131701   -3.141592654   38.563733224   40.293968372   20.101945729
   -0.523598776   -3.141592654   45.395674997   37.036716426   15.970653967
   -0.349065850   -3.141592654   51.207885233   28.712588078   11.638518671
   -0.174532925   -3.141592654   55.182983097   16.176257748    7.358277183
    0.000000000   -3.141592654   56.706511188    0.938195488    3.206208431
    0.174532925   -3.141592654   55.492245988  -14.750081154   -0.862320489
    0.349065850   -3.141592654   51.731027709  -27.643667996   -4.874504086
    0.523598776   -3.141592654   46.238748029  -33.948146394   -8.704135472
    0.698131701   -3.141592654   40.447844549  -30.756041186  -12.011528859
    0.872664626   -3.141592654   36.092315834  -17.747406481  -14.314220019
    1.047197551   -3.141592654   34.647159860    1.769859327  -15.197248693
    1.221730476   -3.141592654   36.743935748   21.741080387  -14.538994111
    1.396263402   -3.141592654   41.891686701   35.835105107  -12.594143728
    1.570796327   -3.141592654   48.669764381   40.044920005   -9.885787826
    1.745329252   -3.141592654   55.261183793   33.907631416   -6.968107773
    1.919862177   -3.141592654   60.037778840   19.795869735   -4.221642398
    2.094395102   -3.141592654   61.913991450    1.271186710   -1.770174100
    2.268928028   -3.141592654   60.419629608  -18.327413276    0.469438725
    2.443460953   -3.141592654   55.607057067  -36.364449419    2.674546398
    2.617993878   -3.141592654   47.947446663  -50.597215470    5.005208570
    2.792526803   -3.141592654   38.296043304  -58.874472700    7.530762364
    2.967059728   -3.141592654   27.858359962  -59.387478189   10.180007874

   -3.141592654   -2.792526803   24.036513630  -46.254201298   19.654623420
   -2.967059728   -2.792526803   17.051420852  -32.973176111   22.025051055
   -2.792526803   -2.792526803   12.711758471  -16.605923628   23.536199311
   -2.617993878   -2.792526803   11.193532936   -1.313046143   24.308741660
   -2.443460953   -2.792526803   11.984805564    9.436995176   24.668431382
   -2.268928028   -2.792526803   14.142241562   14.341910313   25.007621241
   -2.094395102   -2.792526803   16.713653519   14.535268975   25.607489662
   -1.919862177   -2.792526803   19.098216715   12.700768559   26.512405080
   -1.745329252   -2.792526803   21.193459096   11.620777389   27.513429073
   -1.570796327   -2.792526803   23.302926857   13.020146719   28.218892982
   -1.396263402   -2.792526803   25.904208392   17.168773260   28.187514763
   -1.221730476   -2.792526803   29.402185337   23.013965105   27.062982366
   -1.047197551   -2.792526803   33.939495503   28.742580397   24.698911477
   -0.872664626   -2.792526803   39.320161639   32.360469794   21.207817100
   -0.698131701   -2.792526803   45.034557719   32.359362012   16.927658262
   -0.523598776   -2.792526803   50.373190865   28.008707539   12.302743341
   -0.349065850   -2.792526803   54.573308223   19.391583876    7.725316323
   -0.174532925   -2.792526803   56.940053564    7.150481471    3.427898247
    0.000000000   -2.792526803   56.937668692   -7.484474696   -0.530291634
    0.174532925   -2.792526803   54.316454225  -22.421465875   -4.198923025
    0.349065850   -2.792526803   49.292724168  -34.387142719   -7.601231916
    0.523598776   -2.792526803   42.728430169  -39.402732677  -10.625394971
    0.698131701   -2.792526803   36.135983196  -34.381213689  -13.000615840
    0.872664626   -2.792526803   31.343916681  -19.049574338  -14.380948246
    1.047197551   -2.792526803   29.887381277    2.934019966  -14.522301295
    1.221730476   -2.792526803   32.378940065   25.006538135  -13.430906355
    1.396263402   -2.792526803   38.225741118   40.439270925  -11.378193087
    1.570796327   -2.792526803   45.863137026   45.166298331   -8.774083723
    1.745329252   -2.792526803   53.350085567   38.987529689   -5.979248730
    1.919862177   -2.792526803   58.996149728   24.686228718   -3.176219457
    2.094395102   -2.792526803   61.721605876    6.158548269   -0.353869784
    2.268928028   -2.792526803   61.103253008  -13.127079666    2.610565211
    2.443460953   -2.792526803   57.244720297  -30.615435516    5.834776293
    2.617993878   -2.792526803   50.639281349  -44.291451758    9.337776267
    2.792526803   -2.792526803   42.118061959  -52.314706523   12.997232237
    2.967059728   -2.792526803   32.809498534  -53.133360820   16.549091118

   -3.141592654   -2.443460953   31.074269755  -40.910076294   19.709630985
   -2.967059728   -2.443460953   24.879999656  -29.296738139   21.683832601
   -2.792526803   -2.443460953   21.036177310  -14.557543643   22.827916301
   -2.617993878   -2.443460953   19.765181028   -0.422506360   23.284957358
   -2.443460953   -2.443460953   20.662707509    9.884499959   23.340853248
   -2.268928028   -2.443460953   22.907060066   14.968715687   23.302005231
   -2.094395102   -2.443460953   25.624289459   15.575825898   23.349832097
   -1.919862177   -2.443460953   28.211448828   13.902907869   23.452798738
   -1.745329252   -2.443460953   30.485971791   12.348418467   23.387728935
   -1.570796327   -2.443460953   32.623983945   12.497241119   22.837291316
   -1.396263402   -2.443460953   34.974487351   14.732662234   21.521761156
   -1.221730476   -2.443460953   37.851703887   18.327527364   19.293457002
   -1.047197551   -2.443460953   41.377593626   21.907420423   16.195043187
   -0.872664626   -2.443460953   45.414381662   23.928116643   12.446285268
   -0.698131701   -2.443460953   49.576748230   23.171148815    8.384648747
   -0.523598776   -2.443460953   53.309280414   18.934089482    4.365120238
   -0.349065850   -2.443460953   55.983317634   11.058731836    0.648961145
   -0.174532925   -2.443460953   56.980947429   -0.185290725   -2.658975975
    0.000000000   -2.443460953   55.780120983  -13.908160072   -5.593357620
    0.174532925   -2.443460953   52.101460348  -28.134604400   -8.258244998
    0.349065850   -2.443460953   46.134849097  -39.452245156  -10.706012479
    0.523598776   -2.443460953   38.757746009  -43.575256842  -12.851816095
    0.698131701   -2.443460953   31.550967597  -37.141717917  -14.464851464
    0.872664626   -2.443460953   26.439230246  -19.869444972  -15.249564202
    1.047197551   -2.443460953   25.027769645    4.277627001  -14.998656426
    1.221730476   -2.443460953   27.928039903   28.271204370  -13.711907941
    1.396263402   -2.443460953   34.469729858   45.021601602  -11.603017802
    1.570796327   -2.443460953   42.972524241   50.400028345   -8.990977535
    1.745329252   -2.443460953   51.395683410   44.433291723   -6.152018171
    1.919862177   -2.443460953   58.001881754   30.249989443   -3.221663932
    2.094395102   -2.443460953   61.720078598   12.007642540   -0.190731733
    2.268928028   -2.443460953   62.164210869   -6.774371288    3.018726109
    2.443460953   -2.443460953   59.466430976  -23.680486564    6.452749495
    2.617993878   -2.443460953   54.111858433  -36.950378441   10.054394702
    2.792526803   -2.443460953   46.876991258  -45.019566870   13.646845196
    2.967059728   -2.443460953   38.794470015  -46.509941867   16.962330101

   -3.141592654   -2.094395102   37.046555202  -37.017044441   14.100755445
   -2.967059728   -2.094395102   31.412154860  -26.789894639   15.078494776
   -2.792526803   -2.094395102   27.891249253  -13.324851086   15.542680269
   -2.617993878   -2.094395102   26.748928545   -0.108075743   15.636536098
   -2.443460953   -2.094395102   27.655169613    9.742605242   15.528394321
   -2.268928028   -2.094395102   29.860841819   14.700201709   15.343797426
   -2.094395102   -2.094395102   32.523218307   15.183677035   15.094356848
   -1.919862177   -2.094395102   35.007895047   13.040873934   14.652905017
   -1.745329252   -2.094395102   37.051937930   10.479304268   13.805634077
   -1.570796327   -2.094395102   38.740074641    9.158278059   12.350919245
   -1.396263402   -2.094395102   40.363466094    9.744142495   10.201973590
   -1.221730476   -2.094395102   42.236407731   11.881329543    7.430901244
   -1.047197551   -2.094395102   44.544161468   14.510319776    4.260944724
   -0.872664626   -2.094395102   47.257010261   16.283702105    1.002497113
   -0.698131701   -2.094395102   50.114987555   15.986433242   -2.029435751
   -0.523598776   -2.094395102   52.673413093   12.738336306   -4.600075179
   -0.349065850   -2.094395102   54.369316207    6.055847645   -6.624806278
   -0.174532925   -2.094395102   54.589352304   -4.134294856   -8.191145729
    0.000000000   -2.094395102   52.763500419  -17.191179634   -9.510404116
    0.174532925   -2.094395102   48.538282830  -31.162814689  -10.827110848
    0.349065850   -2.094395102   42.047810619  -42.418837532  -12.289192695
    0.523598776   -2.094395102   34.168272037  -46.297583982  -13.852840486
    0.698131701   -2.094395102   26.544343606  -39.087515852  -15.263467497
    0.872664626   -2.094395102   21.206765032  -20.410356715  -16.135644414
    1.047197551   -2.094395102   19.856060263    5.552364428  -16.118603509
    1.221730476   -2.094395102   23.140225414   31.354303588  -15.055129704
    1.396263402   -2.094395102   30.351308906   49.518962016  -13.038290294
    1.570796327   -2.094395102   39.722116019   55.753941876  -10.345371830
    1.745329252   -2.094395102   49.120032662   50.185345148   -7.301109347
    1.919862177   -2.094395102   56.747580505   36.179660603   -4.151534271
    2.094395102   -2.094395102   61.514733641   18.103047254   -1.017991114
    2.268928028   -2.094395102   63.040942448   -0.470057202    2.063559481
    2.443460953   -2.094395102   61.459828202  -17.216325890    5.063521883
    2.617993878   -2.094395102   57.233224239  -30.545516070    7.902500179
    2.792526803   -2.094395102   51.085255020  -39.048579392   10.446777474
    2.967059728   -2.094395102   43.977263357  -41.405313497   12.550651481

   -3.141592654   -1.745329252   40.073023389  -36.119190380    7.924373649
   -2.967059728   -1.745329252   34.540639772  -26.485559366    7.985072104
   -2.792526803   -1.745329252   31.040157094  -13.358595745    7.802037430
   -2.617993878   -1.745329252   29.876003769   -0.307158054    7.473571532
   -2.443460953   -1.745329252   30.736581825    9.409306212    7.036042722
   -2.268928028   -1.745329252   32.861959370   14.070374043    6.445595175
   -2.094395102   -1.745329252   35.363677304   13.899606159    5.574963943
   -1.919862177   -1.745329252   37.533887079   10.646305742    4.251461754
   -1.745329252   -1.745329252   39.034799024    6.610645929    2.343293663
   -1.570796327   -1.745329252   39.911952669    3.764073055   -0.142728500
   -1.396263402   -1.745329252   40.484547333    3.198924203   -3.007932697
   -1.221730476   -1.745329252   41.166757621    4.937031253   -5.907535973
   -1.047197551   -1.745329252   42.294097052    8.088008756   -8.465065408
   -0.872664626   -1.745329252   43.994681217   11.226540922  -10.396629213
   -0.698131701   -1.745329252   46.129698214   12.815091823  -11.577040258
   -0.523598776   -1.745329252   48.307329691   11.522174491  -12.041109342
   -0.349065850   -1.745329252   49.935002864    6.391949685  -11.953795309
   -0.174532925   -1.745329252   50.296153413   -2.992288113  -11.577815591
    0.000000000   -1.745329252   48.675128501  -16.129533240  -11.232955547
    0.174532925   -1.745329252   44.570936024  -30.930497260  -11.234376423
    0.349065850   -1.745329252   38.018181030  -43.374575692  -11.786065482
    0.523598776   -1.745329252   29.878612686  -48.238502881  -12.874022400
    0.698131701   -1.745329252   21.880947542  -41.273620636  -14.215926530
    0.872664626   -1.745329252   16.213388934  -21.837619111  -15.324922238
    1.047197551   -1.745329252   14.745815537    5.746383036  -15.689566410
    1.221730476   -1.745329252   18.238473511   33.553937985  -14.986005679
    1.396263402   -1.745329252   25.998773398   53.533622158  -13.194852968
    1.570796327   -1.745329252   36.187198330   60.984947101  -10.575143587
    1.745329252   -1.745329252   46.554258066   55.947012328   -7.522881897
    1.919862177   -1.745329252   55.193903890   41.941882004   -4.405603573
    2.094395102   -1.745329252   60.943873018   23.565198832   -1.468744875
    2.268928028   -1.745329252   63.385045282    4.528191012    1.162792036
    2.443460953   -1.745329252   62.625754924  -12.827255092    3.425550683
    2.617993878   -1.745329252   59.099761275  -26.939061528    5.266473730
    2.792526803   -1.745329252   53.502028176  -36.371245632    6.633309102
    2.967059728   -1.745329252   46.778563304  -39.689702458    7.508698328

   -3.141592654   -1.396263402   40.906556250  -37.245029227    4.080574915
   -2.967059728   -1.396263402   35.157240830  -27.809584099    3.413187124
   -2.792526803   -1.396263402   31.423746405  -14.692861611    2.536513888
   -2.617993878   -1.396263402   30.025905010   -1.673287299    1.566831374
   -2.443460953   -1.396263402   30.630268501    7.789325774    0.540527837
   -2.268928028   -1.396263402   32.424725434   11.832371967   -0.616789755
   -2.094395102   -1.396263402   34.452841362   10.652265598   -2.088648200
   -1.919862177   -1.396263402   35.948356008    6.145160169   -4.093205051
   -1.745329252   -1.396263402   36.557907503    0.951477749   -6.748280664
   -1.570796327   -1.396263402   36.383116391   -2.499017018   -9.935679748
   -1.396263402   -1.396263402   35.875264112   -2.743539136  -13.262332412
   -1.221730476   -1.396263402   35.622499252    0.325076710  -16.170404705
   -1.047197551   -1.396263402   36.117532075    5.539885661  -18.145000521
   -0.872664626   -1.396263402   37.575173570   10.985809506  -18.898886855
   -0.698131701   -1.396263402   39.852770976   14.611131488  -18.440932068
   -0.523598776   -1.396263402   42.478270706   14.736097324  -17.024502786
   -0.349065850   -1.396263402   44.733476959   10.232911079  -15.045280934
   -0.174532925   -1.396263402   45.759285954    0.648018381  -12.951368386
    0.000000000   -1.396263402   44.699381545  -13.458181637  -11.177120988
    0.174532925   -1.396263402   40.932583092  -29.806087036  -10.075177024
    0.349065850   -1.396263402   34.422205961  -44.006084503   -9.825649731
    0.523598776   -1.396263402   26.038875604  -50.301682449  -10.354639080
    0.698131701   -1.396263402   17.616871697  -43.901312776  -11.315795585
    0.872664626   -1.396263402   11.526691401  -23.861201854  -12.182928242
    1.047197551   -1.396263402    9.838266891    5.368255375  -12.438266080
    1.221730476   -1.396263402   13.452786010   35.351401039  -11.774330427
    1.396263402   -1.396263402   21.711176547   57.362598715  -10.191176264
    1.570796327   -1.396263402   32.698848507   66.168862635   -7.950216188
    1.745329252   -1.396263402   44.025942325   61.616181432   -5.428112580
    1.919862177   -1.396263402   53.640890550   47.337935799   -2.955881946
    2.094395102   -1.396263402   60.270926396   28.190676053   -0.739046371
    2.268928028   -1.396263402   63.431904368    8.120819811    1.131845551
    2.443460953   -1.396263402   63.200526839  -10.379847928    2.618964659
    2.617993878   -1.396263402   59.999982287  -25.654292419    3.686807444
    2.792526803   -1.396263402   54.531356093  -36.152065936    4.289224598
    2.967059728   -1.396263402   47.769979979  -40.313693576    4.409712385

   -3.141592654   -1.047197551   39.880031670  -40.387024118    3.303722916
   -2.967059728   -1.047197551   33.571536764  -31.005535416    1.941828266
   -2.792526803   -1.047197551   29.305523249  -17.548167429    0.172676554
   -2.617993878   -1.047197551   27.453350382   -4.021122933   -1.808963004
   -2.443460953   -1.047197551   27.684041432    5.806733346   -3.854948455
   -2.268928028   -1.047197551   29.134188861    9.779450674   -5.943395120
   -2.094395102   -1.047197551   30.755609056    7.951228396   -8.202484776
   -1.919862177   -1.047197551   31.687973450    2.346254203  -10.818783166
   -1.745329252   -1.047197551   31.533505903   -3.956452550  -13.863750783
   -1.570796327   -1.047197551   30.445133143   -7.907613222  -17.129786976
   -1.396263402   -1.047197551   29.027862330   -7.544847365  -20.111770700
   -1.221730476   -1.047197551   28.079261525   -2.665315441  -22.175616952
   -1.047197551   -1.047197551   28.273761742    5.168763357  -22.831506249
   -0.872664626   -1.047197551   29.909894864   13.360216226  -21.940635662
   -0.698131701   -1.047197551   32.806349227   19.189679346  -19.745535798
   -0.523598776   -1.047197551   36.356183351   20.567238146  -16.743451070
   -0.349065850   -1.047197551   39.659168353   16.226404003  -13.502291617
   -0.174532925   -1.047197551   41.669987282    5.780349947  -10.519335679
    0.000000000   -1.047197551   41.369823038   -9.998747540   -8.148417612
    0.174532925   -1.047197551   38.024169975  -28.479171519   -6.556634828
    0.349065850   -1.047197551   31.558340498  -44.766419320   -5.708123321
    0.523598776   -1.047197551   22.902276274  -52.521834892   -5.381854929
    0.698131701   -1.047197551   14.044363488  -46.480387625   -5.245829588
    0.872664626   -1.047197551    7.564568073  -25.565151873   -4.981691314
    1.047197551   -1.047197551    5.727097694    5.458123124   -4.401637264
    1.221730476   -1.047197551    9.540239452   37.514579484   -3.498919213
    1.396263402   -1.047197551   18.332249329   61.195813675   -2.399055045
    1.570796327   -1.047197551   30.075420752   70.831963352   -1.259738298
    1.745329252   -1.047197551   42.223172728   66.218440528   -0.186435069
    1.919862177   -1.047197551   52.585747047   51.217714888    0.800785794
    2.094395102   -1.047197551   59.803096442   31.007583623    1.731358177
    2.268928028   -1.047197551   63.354144766    9.767504000    2.625317986
    2.443460953   -1.047197551   63.307182694   -9.908088817    3.442877113
    2.617993878   -1.047197551   60.087792716  -26.341008230    4.072552274
    2.792526803   -1.047197551   54.403523881  -37.916420752    4.348235102
    2.967059728   -1.047197551   47.254646650  -42.955794834    4.119774859

   -3.141592654   -0.698131701   39.821929068  -43.806794861    1.836045526
   -2.967059728   -0.698131701   32.833754068  -35.309724324   -0.006486037
   -2.792526803   -0.698131701   27.771130484  -22.286927008   -2.384817590
   -2.617993878   -0.698131701   25.087761741   -8.742710342   -5.056465337
   -2.443460953   -0.698131701   24.515504656    1.342360033   -7.793317261
   -2.268928028   -0.698131701   25.204241112    5.476330078  -10.485955463
   -2.094395102   -0.698131701   26.064455910    3.470459065  -13.174116863
   -1.919862177   -0.698131701   26.176801261   -2.588837080  -15.950389078
   -1.745329252   -0.698131701   25.128633730   -9.184577672  -18.789290392
   -1.570796327   -0.698131701   23.154165002  -12.659492924  -21.404989257
   -1.396263402   -0.698131701   21.032506611  -10.658676919  -23.273131892
   -1.221730476   -0.698131701   19.762452849   -3.098986122  -23.834149639
   -1.047197551   -0.698131701   20.150772748    7.823559487  -22.777311803
   -0.872664626   -0.698131701   22.495101736   18.686331944  -20.214578798
   -0.698131701   -0.698131701   26.480823151   26.131883167  -16.645858951
   -0.523598776   -0.698131701   31.290738777   27.849166196  -12.756668491
   -0.349065850   -0.698131701   35.810577292   22.726335516   -9.168735098
   -0.174532925   -0.698131701   38.831042809   10.757511909   -6.270732455
    0.000000000   -0.698131701   39.244001896   -6.812227548   -4.162488661
    0.174532925   -0.698131701   36.309267591  -26.888940873   -2.668922672
    0.349065850   -0.698131701   30.021768619  -44.196997788   -1.440880931
    0.523598776   -0.698131701   21.432804065  -52.200578887   -0.110705898
    0.698131701   -0.698131701   12.662459239  -45.720027571    1.527770990
    0.872664626   -0.698131701    6.382546815  -24.031069016    3.397021911
    1.047197551   -0.698131701    4.875539464    7.644869953    5.161474975
    1.221730476   -0.698131701    9.096881009   39.911749862    6.404768931
    1.396263402   -0.698131701   18.289615107   63.317739011    6.858365304
    1.570796327   -0.698131701   30.356727742   72.395452717    6.538063966
    1.745329252   -0.698131701   42.727243702   67.228360824    5.716411981
    1.919862177   -0.698131701   53.231021591   51.865387132    4.775849770
    2.094395102   -0.698131701   60.545307180   31.496721914    4.036608061
    2.268928028   -0.698131701   64.174467513   10.168908484    3.651351870
    2.443460953   -0.698131701   64.181897082   -9.719123534    3.583559740
    2.617993878   -0.698131701   60.956398603  -26.664127086    3.644418641
    2.792526803   -0.698131701   55.146044932  -39.094479490    3.547391275
    2.967059728   -0.698131701   47.697139650  -45.245099834    3.009897781

   -3.141592654   -0.349065850   40.105028044  -47.198587084    0.877723276
   -2.967059728   -0.349065850   32.407543209  -39.987189172   -1.081463901
   -2.792526803   -0.349065850   26.446667392  -27.803034603   -3.625094224
   -2.617993878   -0.349065850   22.769604747  -14.519477271   -6.504063984
   -2.443460953   -0.349065850   21.200221936   -4.255513452   -9.459065096
   -2.268928028   -0.349065850   20.939834782    0.195784984  -12.323967137
   -2.094395102   -0.349065850   20.900276676   -1.577594526  -15.043546410
   -1.919862177   -0.349065850   20.148091896   -7.426204785  -17.580080936
   -1.745329252   -0.349065850   18.296981283  -13.445384795  -19.778778983
   -1.570796327   -0.349065850   15.687262161  -15.510453851  -21.291997216
   -1.396263402   -0.349065850   13.264811906  -11.095151403  -21.661454100
   -1.221730476   -0.349065850   12.181212039   -0.472482128  -20.533055249
   -1.047197551   -0.349065850   13.291593795   13.374772980  -17.892243910
   -0.872664626   -0.349065850   16.794399574   26.193450245  -14.145650720
   -0.698131701   -0.349065850   22.158150502   34.155941979   -9.994739241
   -0.523598776   -0.349065850   28.311860394   35.018105422   -6.173486659
   -0.349065850   -0.349065850   33.939132733   28.150810217   -3.179126105
   -0.174532925   -0.349065850   37.733758547   14.216749927   -1.129210127
    0.000000000   -0.349065850   38.607354843   -4.876083568    0.238231928
    0.174532925   -0.349065850   35.941920067  -25.565468839    1.463187190
    0.349065850   -0.349065850   29.909749720  -42.436123654    3.142412694
    0.523598776   -0.349065850   21.726043501  -49.251339711    5.657805248
    0.698131701   -0.349065850   13.585525969  -41.527047099    8.940552907
    0.872664626   -0.349065850    8.097939562  -19.338007383   12.408613336
    1.047197551   -0.349065850    7.366334863   11.615920824   15.177634153
    1.221730476   -0.349065850   12.134724938   42.067896925   16.465727700
    1.396263402   -0.349065850   21.508152060   63.229260550   15.963099823
    1.570796327   -0.349065850   33.386578588   70.442089068   13.950387049
    1.745329252   -0.349065850   45.318263662   64.327727501   11.122243035
    1.919862177   -0.349065850   55.306031299   49.002696350    8.255298153
    2.094395102   -0.349065850   62.176064251   29.342701783    5.922144180
    2.268928028   -0.349065850   65.509583384    8.929936052    4.365865592
    2.443460953   -0.349065850   65.366216305  -10.272380004    3.526653534
    2.617993878   -0.349065850   62.066569729  -27.074800428    3.133948330
    2.792526803   -0.349065850   56.149651181  -40.015449638    2.799854325
    2.967059728   -0.349065850   48.451116278  -47.252982467    2.140272385

   -3.141592654    0.000000000   40.512921813  -49.836568733   -0.302727913
   -2.967059728    0.000000000   32.240415166  -43.899548919   -1.821513258
   -2.792526803    0.000000000   25.505747129  -32.677796552   -3.798981701
   -2.617993878    0.000000000   20.928754796  -19.873417136   -6.069870536
   -2.443460953    0.000000000   18.415193870   -9.662733143   -8.450127140
   -2.268928028    0.000000000   17.226590436   -5.002352293  -10.803792116
   -2.094395102    0.000000000   16.311389532   -6.375688825  -13.030680018
   -1.919862177    0.000000000   14.778577009  -11.494303669  -14.985131881
   -1.745329252    0.000000000   12.325015513  -16.150383204  -16.400432141
   -1.570796327    0.000000000    9.423653935  -16.005423025  -16.896305172
   -1.396263402    0.000000000    7.160815753   -8.690627502  -16.113805042
   -1.221730476    0.000000000    6.760972431    4.899920170  -13.916056641
   -1.047197551    0.000000000    9.016504620   20.923504207  -10.545443571
   -0.872664626    0.000000000   13.922131662   34.441132813   -6.605021318
   -0.698131701    0.000000000   20.667966589   41.488212602   -2.857776410
   -0.523598776    0.000000000   27.934045574   40.302189414    0.060201132
   -0.349065850    0.000000000   34.277554260   31.104346992    1.884555331
   -0.174532925    0.000000000   38.423546619   15.448135498    2.800633204
    0.000000000    0.000000000   39.451827748   -4.091290083    3.366474241
    0.174532925    0.000000000   36.993843956  -23.738763135    4.329710859
    0.349065850    0.000000000   31.460337258  -38.427372063    6.341452009
    0.523598776    0.000000000   24.192609540  -42.834637432    9.655535604
    0.698131701    0.000000000   17.319515912  -33.696925436   13.918692298
    0.872664626    0.000000000   13.184020595  -12.057720522   18.193732434
    1.047197551    0.000000000   13.517034028   16.216858586   21.296989974
    1.221730476    0.000000000   18.748311121   42.659805139   22.312388737
    1.396263402    0.000000000   27.867651140   59.850903244   20.992503495
    1.570796327    0.000000000   38.895808358   64.361323750   17.821488063
    1.745329252    0.000000000   49.661584040   57.354855695   13.735980210
    1.919862177    0.000000000   58.474191013   42.729497575    9.698981162
    2.094395102    0.000000000   64.382802925   24.687234890    6.379439907
    2.268928028    0.000000000   67.064018532    6.090083338    4.043179712
    2.443460953    0.000000000   66.560157187  -11.653394721    2.623488938
    2.617993878    0.000000000   63.098380110  -27.690940507    1.844752748
    2.792526803    0.000000000   57.082341728  -40.667861473    1.329338427
    2.967059728    0.000000000   49.210462400  -48.667538054    0.705349121

   -3.141592654    0.349065850   40.685663312  -51.392600090   -1.426560084
   -2.967059728    0.349065850   32.057084922  -46.404180931   -2.064524292
   -2.792526803    0.349065850   24.812936850  -35.955271557   -2.928286389
   -2.617993878    0.349065850   19.621138280  -23.577536226   -4.007312328
   -2.443460953    0.349065850   16.448812892  -13.459015265   -5.262978278
   -2.268928028    0.349065850   14.608455580   -8.637667203   -6.640916311
   -2.094395102    0.349065850   13.090517624   -9.595994368   -8.039082063
   -1.919862177    0.349065850   11.058947166  -13.905481290   -9.262458061
   -1.745329252    0.349065850    8.296941329  -17.165883361  -10.017431515
   -1.570796327    0.349065850    5.386021057  -15.012141082   -9.979037370
   -1.396263402    0.349065850    3.498119925   -5.376529942   -8.927100424
   -1.221730476    0.349065850    3.862922665   10.240131667   -6.880120251
   -1.047197551    0.349065850    7.162433463   27.342663176   -4.155601987
   -0.872664626    0.349065850   13.186414051   40.607641775   -1.286915684
   -0.698131701    0.349065850   20.896567458   46.198578686    1.170265250
   -0.523598776    0.349065850   28.808613079   42.956734197    2.860952735
   -0.349065850    0.349065850   35.446031009   31.922650243    3.787891883
   -0.174532925    0.349065850   39.641830050   15.408507266    4.314979348
    0.000000000    0.349065850   40.692479850   -3.538534771    5.050236897
    0.174532925    0.349065850   38.490435757  -21.151267746    6.641426605
    0.349065850    0.349065850   33.656662785  -32.939368990    9.508350067
    0.523598776    0.349065850   27.592674518  -34.685844866   13.600018003
    0.698131701    0.349065850   22.270874497  -24.431824326   18.283258077
    0.872664626    0.349065850   19.676667608   -4.101624781   22.465371362
    1.047197551    0.349065850   21.107845010   20.522415807   24.987820387
    1.221730476    0.349065850   26.670064512   42.075326743   25.114139294
    1.396263402    0.349065850   35.275604570   54.738239291   22.830622137
    1.570796327    0.349065850   45.130741424   56.378520542   18.804223957
    1.745329252    0.349065850   54.407214550   48.616623512   14.043558649
    1.919862177    0.349065850   61.760785249   34.982221641    9.483167604
    2.094395102    0.349065850   66.479091127   18.880728842    5.721189997
    2.268928028    0.349065850   68.334189342    2.407110313    2.970315370
    2.443460953    0.349065850   67.349383948  -13.569698831    1.165215117
    2.617993878    0.349065850   63.661628043  -28.491194874    0.090020212
    2.792526803    0.349065850   57.549036274  -41.096632351   -0.530136810
    2.967059728    0.349065850   49.580937160  -49.413964966   -0.964078385

   -3.141592654    0.698131701   40.963129048  -51.312825520   -2.984723053
   -2.967059728    0.698131701   32.304667706  -46.845301489   -2.808403918
   -2.792526803    0.698131701   24.928929670  -37.019398727   -2.542736125
   -2.617993878    0.698131701   19.499267116  -25.220697674   -2.341572070
   -2.443460953    0.698131701   15.998670057  -15.549062249   -2.344137871
   -2.268928028    0.698131701   13.769392586  -10.960803855   -2.625978283
   -2.094395102    0.698131701   11.848578875  -11.823836211   -3.144867383
   -1.919862177    0.698131701    9.468799664  -15.583310705   -3.725158506
   -1.745329252    0.698131701    6.499345614  -17.784792984   -4.108236201
   -1.570796327    0.698131701    3.602633833  -14.189669663   -4.051980042
   -1.396263402    0.698131701    1.991001744   -3.060013167   -3.439892380
   -1.221730476    0.698131701    2.865557913   13.663061057   -2.335204747
   -1.047197551    0.698131701    6.806831616   31.130000127   -0.958509959
   -0.872664626    0.698131701   13.461432708   43.914540512    0.407720993
   -0.698131701    0.698131701   21.661009412   48.432707615    1.541782782
   -0.523598776    0.698131701   29.860057492   44.052842531    2.387182894
   -0.349065850    0.698131701   36.624548573   32.418299964    3.106182484
   -0.174532925    0.698131701   40.926161270   16.316999017    4.042867090
    0.000000000    0.698131701   42.257534405   -1.042832945    5.624024936
    0.174532925    0.698131701   40.698853615  -16.175619869    8.201448578
    0.349065850    0.698131701   36.968671969  -25.334001952   11.858325754
    0.523598776    0.698131701   32.404049907  -25.356259434   16.258482523
    0.698131701    0.698131701   28.727517700  -15.291541527   20.631008423
    0.872664626    0.698131701   27.541352702    2.508473310   23.952326843
    1.047197551    0.698131701   29.762337291   22.744423433   25.320703920
    1.221730476    0.698131701   35.274047447   39.303939820   24.338221674
    1.396263402    0.698131701   43.013211023   47.830942673   21.267356385
    1.570796327    0.698131701   51.432726366   47.185992876   16.887784403
    1.745329252    0.698131701   59.055424975   39.173261038   12.140241738
    1.919862177    0.698131701   64.856438921   26.831728144    7.778307891
    2.094395102    0.698131701   68.327177205   12.799696643    4.202595208
    2.268928028    0.698131701   69.313480437   -1.491455559    1.492569695
    2.443460953    0.698131701   67.817660042  -15.599942427   -0.447090437
    2.617993878    0.698131701   63.901667462  -29.170268708   -1.757388308
    2.792526803    0.698131701   57.745956171  -41.000095687   -2.557110293
    2.967059728    0.698131701   49.819270476  -49.092759663   -2.939067001

   -3.141592654    1.047197551   39.361214605  -50.569445240   -6.639908603
   -2.967059728    1.047197551   30.908773661  -45.281963865   -6.039404289
   -2.792526803    1.047197551   23.843639270  -35.113317612   -5.006338139
   -2.617993878    1.047197551   18.734779056  -23.541471453   -3.823431797
   -2.443460953    1.047197551   15.472086360  -14.558044072   -2.782618081
   -2.268928028    1.047197551   13.341555897  -10.815001699   -2.077591209
   -2.094395102    1.047197551   11.385342065  -12.311548874   -1.730223331
   -1.919862177    1.047197551    8.898210777  -16.238907358   -1.606999825
   -1.745329252    1.047197551    5.836374109  -18.118760005   -1.520569978
   -1.570796327    1.047197551    2.932288925  -13.919782119   -1.346373150
   -1.396263402    1.047197551    1.421646966   -2.202271004   -1.080601689
   -1.221730476    1.047197551    2.480722348   14.861557364   -0.799072222
   -1.047197551    1.047197551    6.638909789   32.364321807   -0.565431561
   -0.872664626    1.047197551   13.496125910   44.979665599   -0.356696929
   -0.698131701    1.047197551   21.866399934   49.344901182   -0.050725235
   -0.523598776    1.047197551   30.229367382   45.089217322    0.539899131
   -0.349065850    1.047197551   37.220878066   34.082440684    1.629595124
   -0.174532925    1.047197551   41.912620683   19.225811673    3.419232219
    0.000000000    1.047197551   43.900019222    3.631973196    6.051209120
    0.174532925    1.047197551   43.325734224   -9.597248277    9.530801047
    0.349065850    1.047197551   40.878913676  -17.360224743   13.622937626
    0.523598776    1.047197551   37.741905863  -17.233126923   17.794390441
    0.698131701    1.047197551   35.369946472   -8.772929001   21.276843224
    0.872664626    1.047197551   35.056571785    5.755720256   23.274578634
    1.047197551    1.047197551   37.485340110   21.824231117   23.268438766
    1.221730476    1.047197551   42.482597868   34.469517858   21.244338730
    1.396263402    1.047197551   49.123229188   40.343188131   17.690938581
    1.570796327    1.047197551   56.126042127   38.714582330   13.379949964
    1.745329252    1.047197551   62.291165092   31.130113462    9.048741014
    1.919862177    1.047197551   66.787299645   19.994935729    5.172557041
    2.094395102    1.047197551   69.185076887    7.328215079    1.916373204
    2.268928028    1.047197551   69.323636417   -5.773484512   -0.761823930
    2.443460953    1.047197551   67.167692999  -18.906776618   -2.956821347
    2.617993878    1.047197551   62.752836834  -31.571043066   -4.708272027
    2.792526803    1.047197551   56.261272655  -42.416725295   -5.964684556
    2.967059728    1.047197551   48.179595942  -49.413581161   -6.631419430

   -3.141592654    1.396263402   35.198962847  -51.045798097  -11.163304398
   -2.967059728    1.396263402   26.829634550  -43.878627418  -10.414668492
   -2.792526803    1.396263402   20.147105650  -32.235004910   -8.940446923
   -2.617993878    1.396263402   15.616105599  -19.936856934   -7.124562536
   -2.443460953    1.396263402   12.985744718  -11.037183763   -5.358693741
   -2.268928028    1.396263402   11.419618882   -7.925065306   -3.890348115
   -2.094395102    1.396263402    9.899979699  -10.188561235   -2.749706201
   -1.919862177    1.396263402    7.727322077  -14.722082741   -1.809474799
   -1.745329252    1.396263402    4.892030843  -17.021813326   -0.936521789
   -1.570796327    1.396263402    2.144648449  -13.241178029   -0.119423877
   -1.396263402    1.396263402    0.706151762   -2.085110061    0.522050074
   -1.221730476    1.396263402    1.731207532   14.354906609    0.859922352
   -1.047197551    1.396263402    5.762353648   31.474921552    0.902781275
   -0.872664626    1.396263402   12.469878484   44.258236776    0.849146550
   -0.698131701    1.396263402   20.779597762   49.483097280    1.010780693
   -0.523598776    1.396263402   29.286438082   46.682495158    1.678708162
   -0.349065850    1.396263402   36.710686301   37.480448916    3.031232238
   -0.174532925    1.396263402   42.158280333   24.468562969    5.120855613
    0.000000000    1.396263402   45.201961253   10.411359750    7.889314443
    0.174532925    1.396263402   45.897054811   -1.987679006   11.155448306
    0.349065850    1.396263402   44.773595816  -10.023602459   14.566236384
    0.523598776    1.396263402   42.795536060  -11.515013871   17.585791505
    0.698131701    1.396263402   41.187562615   -5.902399402   19.589255652
    0.872664626    1.396263402   41.074557725    5.145808109   20.064809393
    1.047197551    1.396263402   43.105720281   17.999637299   18.837522268
    1.221730476    1.396263402   47.228131069   28.487408664   16.164472365
    1.396263402    1.396263402   52.737422108   33.583904545   12.619872216
    1.570796327    1.396263402   58.577781533   32.292244864    8.843948479
    1.745329252    1.396263402   63.692608969   25.544934397    5.297556556
    1.919862177    1.396263402   67.283438219   15.153523764    2.154933815
    2.094395102    1.396263402   68.872676319    2.833568885   -0.644954177
    2.268928028    1.396263402   68.229531555  -10.273726025   -3.245910918
    2.443460953    1.396263402   65.279268456  -23.489433898   -5.723953320
    2.617993878    1.396263402   60.074439131  -35.956873487   -8.001285228
    2.792526803    1.396263402   52.871763478  -46.063351358   -9.845690577
    2.967059728    1.396263402   44.262541845  -51.696379916  -10.970929400

   -3.141592654    1.745329252   29.802040061  -51.398009636  -15.789281521
   -2.967059728    1.745329252   21.576934023  -41.929672965  -15.535418828
   -2.792526803    1.745329252   15.392573654  -28.619360917  -14.261089367
   -2.617993878    1.745329252   11.569253390  -15.606558053  -12.282282130
   -2.443460953    1.745329252    9.691205044   -6.864335405   -9.976624302
   -2.268928028    1.745329252    8.802092218   -4.376623512   -7.624717736
   -2.094395102    1.745329252    7.843436425   -7.284488710   -5.320274434
   -1.919862177    1.745329252    6.135109640  -12.278483725   -3.019001843
   -1.745329252    1.745329252    3.692726770  -14.975888671   -0.692332686
   -1.570796327    1.745329252    1.255341165  -11.786472183    1.537405568
   -1.396263402    1.745329252    0.000000000   -1.477900899    3.396916456
   -1.221730476    1.745329252    1.056345252   14.135317290    4.620156976
   -1.047197551    1.745329252    5.010919817   30.924115716    5.138255919
   -0.872664626    1.745329252   11.652664402   44.194735134    5.157570165
   -0.698131701    1.745329252   20.051776965   50.674550306    5.065359741
   -0.523598776    1.745329252   28.907193115   49.506861622    5.247111063
   -0.349065850    1.745329252   36.963652675   41.847807236    5.937535765
   -0.174532925    1.745329252   43.276523347   29.917164191    7.183211156
    0.000000000    1.745329252   47.316623571   16.251347456    8.862597756
    0.174532925    1.745329252   49.005673602    3.406488405   10.714258449
    0.349065850    1.745329252   48.718914459   -5.986602908   12.354833107
    0.523598776    1.745329252   47.265078960   -9.656771748   13.337419151
    0.698131701    1.745329252   45.753996231   -6.672280274   13.281921271
    0.872664626    1.745329252   45.285397104    1.930744862   12.045333040
    1.047197551    1.745329252   46.597848842   13.152406397    9.822893291
    1.221730476    1.745329252   49.812921192   23.120049823    7.086582152
    1.396263402    1.745329252   54.411149908   28.626473277    4.368341592
    1.570796327    1.745329252   59.455203714   28.138269099    2.022363147
    1.745329252    1.745329252   63.904471249   22.003501551    0.100428033
    1.919862177    1.745329252   66.892085892   11.681928264   -1.602419123
    2.094395102    1.745329252   67.839225344   -1.125096802   -3.392655243
    2.268928028    1.745329252   66.438840028  -15.001843838   -5.500712067
    2.443460953    1.745329252   62.603787365  -28.832358250   -7.969040296
    2.617993878    1.745329252   56.453206012  -41.306621883  -10.616468173
    2.792526803    1.745329252   48.379098550  -50.527383633  -13.076931563
    2.967059728    1.745329252   39.134129500  -54.378342317  -14.921066562

   -3.141592654    2.094395102   23.756975445  -52.848039342  -16.334029102
   -2.967059728    2.094395102   15.478148803  -41.112409864  -16.158129857
   -2.792526803    2.094395102    9.612446032  -25.881207864  -14.863988202
   -2.617993878    2.094395102    6.387348279  -11.613075278  -12.723958216
   -2.443460953    2.094395102    5.264597024   -2.301689362  -10.077921869
   -2.268928028    2.094395102    5.187881204    0.327614659   -7.177980785
   -2.094395102    2.094395102    5.053568464   -2.539419420   -4.106988607
   -1.919862177    2.094395102    4.180916583   -7.445354556   -0.843028225
   -1.745329252    2.094395102    2.585104968  -10.148377971    2.573910190
   -1.570796327    2.094395102    0.964105081   -7.347684273    5.904072352
   -1.396263402    2.094395102    0.411960751    2.052524316    8.725499869
   -1.221730476    2.094395102    1.979977092   16.436272120   10.627061957
   -1.047197551    2.094395102    6.236349515   32.135336663   11.436811736
   -0.872664626    2.094395102   13.033268663   44.871495554   11.323911243
   -0.698131701    2.094395102   21.554306809   51.500521998   10.697151639
   -0.523598776    2.094395102   30.603847371   50.949313221    9.992068399
   -0.349065850    2.094395102   38.976618713   44.010709272    9.481807042
   -0.174532925    2.094395102   45.712928726   32.535169869    9.217422996
    0.000000000    2.094395102   50.212206383   18.784967432    9.053750108
    0.174532925    2.094395102   52.285581566    5.144250672    8.715830379
    0.349065850    2.094395102   52.178679425   -5.779771415    7.886428965
    0.523598776    2.094395102   50.586742000  -11.492942194    6.328075653
    0.698131701    2.094395102   48.571951596  -10.542793936    4.022041951
    0.872664626    2.094395102   47.294748284   -3.294803697    1.257460632
    1.047197551    2.094395102   47.659473672    7.727752022   -1.432776037
    1.221730476    2.094395102   49.995394904   18.627833232   -3.493537562
    1.396263402    2.094395102   53.939077652   25.655149503   -4.613077871
    1.570796327    2.094395102   58.589451777   26.511792183   -4.871714004
    1.745329252    2.094395102   62.818353335   20.951517828   -4.685755650
    1.919862177    2.094395102   65.602285940   10.251361618   -4.606449781
    2.094395102    2.094395102   66.209980159   -3.665950217   -5.096886005
    2.268928028    2.094395102   64.245291869  -18.925556887   -6.384406550
    2.443460953    2.094395102   59.619216278  -33.887965829   -8.421763658
    2.617993878    2.094395102   52.534736196  -46.796823571  -10.914196113
    2.792526803    2.094395102   43.531405079  -55.511837413  -13.392962691
    2.967059728    2.094395102   33.529835121  -57.917903206  -15.342731751

   -3.141592654    2.443460953   18.407186859  -54.277243940  -10.863296591
   -2.967059728    2.443460953   10.066355968  -40.388903307  -10.410276448
   -2.792526803    2.443460953    4.505800355  -23.172952066   -9.099143239
   -2.617993878    2.443460953    1.893706391   -7.388971880   -7.109709779
   -2.443460953    2.443460953    1.601624545    2.914157184   -4.656030802
   -2.268928028    2.443460953    2.494873578    6.189498480   -1.875571571
   -2.094395102    2.443460953    3.430408283    3.849913230    1.218452130
   -1.919862177    2.443460953    3.715032301   -0.597595495    4.664909917
   -1.745329252    2.443460953    3.335386682   -3.140629508    8.400154871
   -1.570796327    2.443460953    2.906079836   -0.838432166   12.129675566
   -1.396263402    2.443460953    3.385861462    7.226749228   15.345423909
   -1.221730476    2.443460953    5.692447026   19.650423246   17.513262454
   -1.047197551    2.443460953   10.328604947   33.302914967   18.317484916
   -0.872664626    2.443460953   17.181454298   44.451155074   17.802300404
   -0.698131701    2.443460953   25.542798783   50.211586374   16.316489224
   -0.523598776    2.443460953   34.337007133   49.380347622   14.319657376
   -0.349065850    2.443460953   42.432526179   42.404876137   12.170015208
   -0.174532925    2.443460953   48.877228270   30.747258447   10.018682750
    0.000000000    2.443460953   53.019396105   16.394211058    7.805338790
    0.174532925    2.443460953   54.586323363    1.648923102    5.332504866
    0.349065850    2.443460953   53.746485334  -10.708851851    2.397382795
    0.523598776    2.443460953   51.173235565  -17.733928609   -1.046546795
    0.698131701    2.443460953   48.003719684  -17.347539380   -4.761080253
    0.872664626    2.443460953   45.577804357   -9.414504072   -8.207320727
    1.047197551    2.443460953   45.029595905    3.575254117  -10.720283341
    1.221730476    2.443460953   46.870908058   17.165829640  -11.806445616
    1.396263402    2.443460953   50.786400023   26.687259027  -11.391168085
    1.570796327    2.443460953   55.764386109   29.022428205   -9.870876388
    1.745329252    2.443460953   60.459505969   23.556260569   -7.933129325
    1.919862177    2.443460953   63.614055105   11.728166178   -6.280176495
    2.094395102    2.443460953   64.324112220   -4.033393064   -5.399348477
    2.268928028    2.443460953   62.121199681  -21.258327840   -5.466653784
    2.443460953    2.443460953   56.942965809  -37.777185107   -6.371818033
    2.617993878    2.443460953   49.098803150  -51.451788265   -7.794331036
    2.792526803    2.443460953   39.286421369  -59.959911070   -9.296199134
    2.967059728    2.443460953   28.597648621  -61.205846843  -10.435730179

   -3.141592654    2.792526803   16.107277127  -54.209590922   -0.164285786
   -2.967059728    2.792526803    7.874391792  -39.221461920    1.037076283
   -2.792526803    2.792526803    2.610748490  -20.963668105    2.531746410
   -2.617993878    2.792526803    0.465508713   -4.272189029    4.248667740
   -2.443460953    2.792526803    0.789447793    6.849215958    6.163310840
   -2.268928028    2.792526803    2.442429907   10.974363232    8.321910631
   -2.094395102    2.792526803    4.294900113    9.584929902   10.815298633
   -1.919862177    2.792526803    5.664039630    6.067717591   13.689893068
   -1.745329252    2.792526803    6.504752106    4.076703422   16.835426116
   -1.570796327    2.792526803    7.326012973    6.102363272   19.912698903
   -1.396263402    2.792526803    8.914034828   12.797220405   22.402308225
   -1.221730476    2.792526803   12.001030447   22.895307397   23.775361183
   -1.047197551    2.792526803   16.964629574   33.794096902   23.710975785
   -0.872664626    2.792526803   23.674641386   42.408334716   22.225614741
   -0.698131701    2.792526803   31.505049095   46.302328725   19.641376797
   -0.523598776    2.792526803   39.508296416   44.332815385   16.421685575
   -0.349065850    2.792526803   46.662278439   36.714517014   12.969057086
   -0.174532925    2.792526803   52.070497749   24.559403401    9.499162126
    0.000000000    2.792526803   55.081816649    9.592768853    6.015976828
    0.174532925    2.792526803   55.396566475   -5.912896772    2.378692467
    0.349065850    2.792526803   53.174795273  -18.927070209   -1.543291380
    0.523598776    2.792526803   49.147259322  -26.034323564   -5.694361752
    0.698131701    2.792526803   44.596354351  -24.654235081   -9.719655929
    0.872664626    2.792526803   41.074554971  -14.447934486  -13.005280531
    1.047197551    2.792526803   39.919729863    1.767190045  -14.912620242
    1.221730476    2.792526803   41.744031802   18.729625373  -15.088003261
    1.396263402    2.792526803   46.174227270   30.828230981  -13.651898207
    1.570796327    2.792526803   51.999062379   34.334422866  -11.156083032
    1.745329252    2.792526803   57.614283419   28.570639192   -8.332481102
    1.919862177    2.792526803   61.537019841   15.393230913   -5.811938414
    2.094395102    2.792526803   62.732454648   -2.155199907   -3.946527326
    2.268928028    2.792526803   60.705935550  -21.061181245   -2.790405858
    2.443460953    2.792526803   55.448040883  -38.791204277   -2.183535564
    2.617993878    2.792526803   47.367221963  -53.036584177   -1.862365777
    2.792526803    2.792526803   37.276271061  -61.471147116   -1.546960242
    2.967059728    2.792526803   26.371816176  -62.102608069   -1.020771338
