#! FIELDS phi psi file.free der_phi der_psi
#! SET min_phi -pi
#! SET max_phi pi
#! SET nbins_phi  36
#! SET periodic_phi true
#! SET min_psi -pi
#! SET max_psi pi
#! SET nbins_psi  18
#! SET periodic_psi true
   -3.141592654   -3.141592654   17.445434675  -52.881617584   17.346235040
   -2.967059728   -3.141592654    9.667192478  -35.659826325   19.433867494
   -2.792526803   -3.141592654    5.098470864  -16.891674130   20.700854164
   -2.617993878   -3.141592654    3.614353984   -0.928640208   21.248706702
   -2.443460953   -3.141592654    4.436187874    9.231991599   21.409234682
   -2.268928028   -3.141592654    6.470640081   13.107798426   21.653306703
   -2.094395102   -3.141592654    8.750858160   12.497237124   22.438219485
   -1.919862177   -3.141592654   10.750737262   10.423355185   24.051372600
   -1.745329252   -3.141592654   12.481357277    9.819479540   26.495084420
   -1.570796327   -3.141592654   14.385379697   12.604142648   29.439708249
   -1.396263402   -3.141592654   17.119710142   19.279099391   32.289524507
   -1.221730476   -3.141592654   21.300250996   28.865549925   34.338289769
   -1.047197551   -3.141592654   27.255285134   39.175190441   34.977285234
   -0.872664626   -3.141592654   34.865549703   47.345196342   33.850297069
   -0.698131701   -3.141592654   43.521616284   50.782017792   30.910707843
   -0.523598776   -3.141592654   52.236262021   47.854976398   26.373148395
   -0.349065850   -3.141592654   59.851195108   38.238009337   20.612575673
   -0.174532925   -3.141592654   65.252616604   22.688185370   14.090821549
    0.000000000   -3.141592654   67.545440814    3.007404275    7.303339045
    0.174532925   -3.141592654   66.240329542  -17.979363460    0.730928845
    0.349065850   -3.141592654   61.442794739  -36.261759731   -5.177350886
    0.523598776   -3.141592654   54.030095258  -47.142057784  -10.019230698
    0.698131701   -3.141592654   45.665209269  -46.697245989  -13.456167832
    0.872664626   -3.141592654   38.487882080  -33.634701187  -15.255941124
    1.047197551   -3.141592654   34.518762997  -10.733165654  -15.383075186
    1.221730476   -3.141592654   34.952190083   15.547404255  -14.068566052
    1.396263402   -3.141592654   39.685957744   37.308343894  -11.765494284
    1.570796327   -3.141592654   47.335597815   48.152888089   -9.000267566
    1.745329252   -3.141592654   55.696678239   45.377994340   -6.173767105
    1.919862177   -3.141592654   62.452782745   30.267348421   -3.458668475
    2.094395102   -3.141592654   65.788358263    7.039867842   -0.809762134
    2.268928028   -3.141592654   64.755820965  -18.864482825    1.922183313
    2.443460953   -3.141592654   59.354264519  -42.237637249    4.867172169
    2.617993878   -3.141592654   50.403281606  -58.992205421    8.049876127
    2.792526803   -3.141592654   39.306426596  -66.568585243   11.362255446
    2.967059728   -3.141592654   27.761933843  -64.165794068   14.564271491

   -3.141592654   -2.792526803   25.066331730  -48.568803343   25.281952730
   -2.967059728   -2.792526803   17.868702813  -33.344683452   27.129110667
   -2.792526803   -2.792526803   13.535279138  -16.451093448   27.913278097
   -2.617993878   -2.792526803   12.004731191   -1.770555957   27.895908122
   -2.443460953   -2.792526803   12.634391213    8.039106390   27.546617963
   -2.268928028   -2.792526803   14.503985883   12.567999749   27.403782185
   -2.094395102   -2.792526803   16.808400078   13.416160717   27.894817220
   -1.919862177   -2.792526803   19.127305697   13.182460536   29.192260968
   -1.745329252   -2.792526803   21.489532996   14.214643627   31.148453319
   -1.570796327   -2.792526803   24.247024045   17.808173132   33.305837094
   -1.396263402   -2.792526803   27.865225546   23.957291697   35.003922646
   -1.221730476   -2.792526803   32.703015549   31.481484608   35.542531440
   -1.047197551   -2.792526803   38.833478673   38.400236001   34.384921349
   -0.872664626   -2.792526803   45.952181818   42.433746730   31.301854790
   -0.698131701   -2.792526803   53.383934395   41.740770628   26.421764062
   -0.523598776   -2.792526803   60.206711333   35.393455784   20.167292702
   -0.349065850   -2.792526803   65.435094701   23.595337718   13.126456850
   -0.174532925   -2.792526803   68.200409546    7.400138334    5.937136638
    0.000000000   -2.792526803   67.883262923  -11.356993608   -0.793175303
    0.174532925   -2.792526803   64.253799405  -30.041566388   -6.554541008
    0.349065850   -2.792526803   57.626501352  -45.032273386  -10.960505138
    0.523598776   -2.792526803   49.009728135  -52.121592785  -13.778491408
    0.698131701   -2.792526803   40.108763287  -47.893256060  -14.949168698
    0.872664626   -2.792526803   33.018331158  -31.548128434  -14.594134544
    1.047197551   -2.792526803   29.634501422   -6.276615951  -13.021311457
    1.221730476   -2.792526803   30.970357553   21.258050569  -10.675339888
    1.396263402   -2.792526803   36.733760335   43.261892819   -8.009349675
    1.570796327   -2.792526803   45.396350628   53.762455306   -5.337779312
    1.745329252   -2.792526803   54.698464145   50.586915066   -2.733804646
    1.919862177   -2.792526803   62.353040480   35.434475867   -0.059227686
    2.094395102   -2.792526803   66.622296599   12.638039742    2.916192083
    2.268928028   -2.792526803   66.629109068  -12.536763453    6.361350680
    2.443460953   -2.792526803   62.396660559  -35.216680363   10.280151572
    2.617993878   -2.792526803   54.706834683  -51.653789293   14.487738394
    2.792526803   -2.792526803   44.874477732  -59.547702866   18.655492411
    2.967059728   -2.792526803   34.476350527  -58.186906872   22.379553152

   -3.141592654   -2.443460953   33.699628928  -44.252635956   23.163606064
   -2.967059728   -2.443460953   27.082082188  -31.011157830   24.641652723
   -2.792526803   -2.443460953   23.000562027  -15.813219003   25.259668545
   -2.617993878   -2.443460953   21.481724355   -2.133698725   25.251295386
   -2.443460953   -2.443460953   22.027567274    7.596669793   24.968545029
   -2.268928028   -2.443460953   23.875675462   12.879449072   24.783174509
   -2.094395102   -2.443460953   26.337130020   14.936524973   24.959392088
   -1.919862177   -2.443460953   29.024204505   15.820434035   25.550412390
   -1.745329252   -2.443460953   31.898988086   17.299647301   26.364344262
   -1.570796327   -2.443460953   35.154633121   20.228360612   26.991235703
   -1.396263402   -2.443460953   39.041861958   24.411566179   26.911560190
   -1.221730476   -2.443460953   43.700304602   28.829710392   25.635548498
   -1.047197551   -2.443460953   49.044262046   32.001953027   22.863799097
   -0.872664626   -2.443460953   54.719434132   32.377135922   18.580763299
   -0.698131701   -2.443460953   60.129501384   28.826209903   13.067256360
   -0.523598776   -2.443460953   64.540688732   20.927070982    6.821074352
   -0.349065850   -2.443460953   67.217515699    9.081309798    0.433180266
   -0.174532925   -2.443460953   67.550012556   -5.734480453   -5.520221170
    0.000000000   -2.443460953   65.144328888  -21.997369401  -10.547314275
    0.174532925   -2.443460953   59.928556979  -37.492187436  -14.302781085
    0.349065850   -2.443460953   52.298485674  -49.057913527  -16.606015566
    0.523598776   -2.443460953   43.267076618  -52.897490315  -17.454133762
    0.698131701   -2.443460953   34.479504907  -45.910284019  -17.004494195
    0.872664626   -2.443460953   27.922722868  -27.537088232  -15.533731284
    1.047197551   -2.443460953   25.352560345   -1.098461600  -13.394750095
    1.221730476   -2.443460953   27.632794619   26.789624683  -10.945688258
    1.396263402   -2.443460953   34.349177436   48.592900048   -8.451373614
    1.570796327   -2.443460953   43.911890228   58.763691000   -6.009352113
    1.745329252   -2.443460953   54.075942707   55.530712044   -3.532527705
    1.919862177   -2.443460953   62.623806434   40.803859704   -0.829988614
    2.094395102   -2.443460953   67.899865281   18.847973132    2.277507031
    2.268928028   -2.443460953   69.075976738   -5.370083726    5.847039871
    2.443460953   -2.443460953   66.163158481  -27.345963244    9.767265846
    2.617993878   -2.443460953   59.869908830  -43.639645827   13.780841139
    2.792526803   -2.443460953   51.396974534  -52.121339058   17.556579957
    2.967059728   -2.443460953   42.192683715  -52.061150256   20.767658494

   -3.141592654   -2.094395102   40.060849229  -40.927862932   13.825820800
   -2.967059728   -2.094395102   33.907528596  -29.007615136   14.693950987
   -2.792526803   -2.094395102   30.073369686  -14.934742518   15.154406658
   -2.617993878   -2.094395102   28.636393569   -2.000954827   15.328504066
   -2.443460953   -2.094395102   29.175823976    7.469811662   15.339720193
   -2.268928028   -2.094395102   31.010200397   12.902477498   15.292751587
   -2.094395102   -2.094395102   33.501621100   15.250549544   15.232373019
   -1.919862177   -2.094395102   36.254093640   16.186313857   15.098975801
   -1.745329252   -2.094395102   39.154616603   17.105507506   14.716501260
   -1.570796327   -2.094395102   42.267761258   18.654798914   13.816202470
   -1.396263402   -2.094395102   45.700992854   20.675454174   12.119775642
   -1.221730476   -2.094395102   49.480104896   22.461541822    9.435742473
   -1.047197551   -2.094395102   53.480610664   23.038954212    5.760460807
   -0.872664626   -2.094395102   57.405452473   21.433336447    1.312126351
   -0.698131701   -2.094395102   60.806571283   16.958060682   -3.506210995
   -0.523598776   -2.094395102   63.156226250    9.391796575   -8.207914296
   -0.349065850   -2.094395102   63.934998204   -0.949963551  -12.341987827
   -0.174532925   -2.094395102   62.713886403  -13.383755475  -15.583704130
    0.000000000   -2.094395102   59.216038151  -26.824841264  -17.770520995
    0.174532925   -2.094395102   53.405515621  -39.508964313  -18.914357087
    0.349065850   -2.094395102   45.641658899  -48.652888029  -19.158802110
    0.523598776   -2.094395102   36.848562080  -50.675620962  -18.722028889
    0.698131701   -2.094395102   28.559653689  -42.512892623  -17.821949264
    0.872664626   -2.094395102   22.655083084  -23.536635780  -16.614856626
    1.047197551   -2.094395102   20.802858951    3.073684565  -15.181777519
    1.221730476   -2.094395102   23.807432269   30.897542611  -13.545191090
    1.396263402   -2.094395102   31.233196554   52.628045390  -11.682412985
    1.570796327   -2.094395102   41.508095872   62.934020006   -9.549342422
    1.745329252   -2.094395102   52.435003956   60.145853627   -7.099251352
    1.919862177   -2.094395102   61.847611130   46.117222896   -4.320367753
    2.094395102   -2.094395102   68.118748277   24.915722643   -1.262578318
    2.268928028   -2.094395102   70.408380976    1.260089715    1.947128230
    2.443460953   -2.094395102   68.675471765  -20.541515334    5.117742703
    2.617993878   -2.094395102   63.550919359  -37.138549900    8.035520590
    2.792526803   -2.094395102   56.152922071  -46.382994166   10.517121290
    2.967059728   -2.094395102   47.858701706  -47.437848317   12.455026256

   -3.141592654   -1.745329252   42.059177756  -39.768576226    5.012686238
   -2.967059728   -1.745329252   36.085024072  -28.090363238    5.398233358
   -2.792526803   -1.745329252   32.399457361  -14.147386816    5.720571360
   -2.617993878   -1.745329252   31.086793308   -1.382661961    5.954031156
   -2.443460953   -1.745329252   31.710439831    7.789619589    5.992296039
   -2.268928028   -1.745329252   33.561152773   12.737329300    5.693813932
   -2.094395102   -1.745329252   35.963479782   14.346253807    4.917269113
   -1.919862177   -1.745329252   38.469421202   14.203260697    3.543238287
   -1.745329252   -1.745329252   40.900644961   13.645206417    1.500372093
   -1.570796327   -1.745329252   43.255618965   13.393585268   -1.205337086
   -1.396263402   -1.745329252   45.605513748   13.544784481   -4.456948043
   -1.221730476   -1.745329252   47.998930566   13.817761052   -8.030483947
   -1.047197551   -1.745329252   50.414393878   13.690183537  -11.624342433
   -0.872664626   -1.745329252   52.727448430   12.512349606  -14.917324400
   -0.698131701   -1.745329252   54.694427540    9.626739087  -17.620346773
   -0.523598776   -1.745329252   55.970272080    4.532833572  -19.514822473
   -0.349065850   -1.745329252   56.147531644   -2.964083621  -20.480883565
   -0.174532925   -1.745329252   54.812927861  -12.738411159  -20.526680025
    0.000000000   -1.745329252   51.613819342  -24.188064492  -19.808453994
    0.174532925   -1.745329252   46.368959141  -35.827519242  -18.629421394
    0.349065850   -1.745329252   39.266384691  -44.902356434  -17.367477489
    0.523598776   -1.745329252   31.078060932  -47.583740891  -16.354853527
    0.698131701   -1.745329252   23.247240160  -40.359991710  -15.748200660
    0.872664626   -1.745329252   17.646865868  -22.137587769  -15.463439799
    1.047197551   -1.745329252   16.009029996    4.224513625  -15.224438390
    1.221730476   -1.745329252   19.237359702   32.395227822  -14.696555982
    1.396263402   -1.745329252   26.990937424   54.934448551  -13.616451655
    1.570796327   -1.745329252   37.756733671   66.252494271  -11.884058232
    1.745329252   -1.745329252   49.348339154   64.399303398   -9.571454628
    1.919862177   -1.745329252   59.564926613   51.002223314   -6.886239122
    2.094395102   -1.745329252   66.713668440   30.000819636   -4.100281879
    2.268928028   -1.745329252   69.875427786    6.088133873   -1.483201880
    2.443460953   -1.745329252   68.934216445  -16.356858425    0.751985403
    2.617993878   -1.745329252   64.465393295  -33.835048196    2.485163033
    2.792526803   -1.745329252   57.563296015  -43.995980203    3.703533558
    2.967059728   -1.745329252   49.617840797  -45.807478319    4.498325948

   -3.141592654   -1.396263402   41.198319020  -39.935354140    0.804825792
   -2.967059728   -1.396263402   35.218711996  -27.981059114    0.625734259
   -2.792526803   -1.396263402   31.573367144  -13.843827654    0.486734096
   -2.617993878   -1.396263402   30.305124629   -1.260932048    0.327267791
   -2.443460953   -1.396263402   30.896394859    7.205737610   -0.027066817
   -2.268928028   -1.396263402   32.545427697   10.936084784   -0.815279835
   -2.094395102   -1.396263402   34.498190886   10.950574536   -2.285129431
   -1.919862177   -1.396263402   36.259235714    9.060066116   -4.620143789
   -1.745329252   -1.396263402   37.648333089    6.897899324   -7.854858688
   -1.570796327   -1.396263402   38.719602607    5.547009184  -11.803028621
   -1.396263402   -1.396263402   39.663345174    5.441402880  -16.050063918
   -1.221730476   -1.396263402   40.695423746    6.498737752  -20.042364418
   -1.047197551   -1.396263402   41.975559882    8.144107224  -23.236140735
   -0.872664626   -1.396263402   43.530073954    9.449307507  -25.233763114
   -0.698131701   -1.396263402   45.202938337    9.330219960  -25.849655494
   -0.523598776   -1.396263402   46.661193720    6.864725976  -25.105579655
   -0.349065850   -1.396263402   47.440004042    1.491073277  -23.202411846
   -0.174532925   -1.396263402   47.011838516   -6.956846439  -20.496978749
    0.000000000   -1.396263402   44.864716596  -18.098842223  -17.474331256
    0.174532925   -1.396263402   40.628866108  -30.535404866  -14.680088275
    0.349065850   -1.396263402   34.308698031  -41.357853620  -12.589447432
    0.523598776   -1.396263402   26.546782683  -46.273653354  -11.457883200
    0.698131701   -1.396263402   18.759852251  -41.080451054  -11.225265988
    0.872664626   -1.396263402   12.916635302  -24.019347886  -11.538479832
    1.047197551   -1.396263402   10.938805802    2.407793012  -11.895248637
    1.221730476   -1.396263402   13.942909788   31.790910459  -11.840856532
    1.396263402   -1.396263402   21.750972564   56.210371287  -11.109760880
    1.570796327   -1.396263402   32.910252393   69.426442534   -9.677801281
    1.745329252   -1.396263402   45.185256906   68.920317201   -7.719062348
    1.919862177   -1.396263402   56.247471638   56.010489714   -5.518890368
    2.094395102   -1.396263402   64.249502358   34.633413590   -3.380992680
    2.268928028   -1.396263402   68.139117291    9.713365342   -1.557834446
    2.443460953   -1.396263402   67.719055397  -14.026523099   -0.208973191
    2.617993878   -1.396263402   63.545850857  -32.742049073    0.614806988
    2.792526803   -1.396263402   56.749908858  -43.800313638    0.962103345
    2.967059728   -1.396263402   48.796423769  -46.027071349    0.969372087

   -3.141592654   -1.047197551   38.518322818  -42.066519177    2.121989497
   -2.967059728   -1.047197551   32.213490585  -29.544547833    0.944300730
   -2.792526803   -1.047197551   28.352765799  -14.768652954   -0.328567072
   -2.617993878   -1.047197551   26.960904184   -1.830435242   -1.642829909
   -2.443460953   -1.047197551   27.443994749    6.424445305   -3.062466685
   -2.268928028   -1.047197551   28.886722149    9.236556676   -4.767036215
   -2.094395102   -1.047197551   30.414609862    7.696304705   -7.008665806
   -1.919862177   -1.047197551   31.444841755    3.922122197   -9.998991842
   -1.745329252   -1.047197551   31.783180017    0.078931104  -13.757461113
   -1.570796327   -1.047197551   31.573993776   -2.119870621  -17.989987998
   -1.396263402   -1.047197551   31.199652637   -1.751749488  -22.103197918
   -1.221730476   -1.047197551   31.124017355    1.220363080  -25.370047115
   -1.047197551   -1.047197551   31.734741002    5.885816442  -27.179266370
   -0.872664626   -1.047197551   33.198347923   10.679337386  -27.222133691
   -0.698131701   -1.047197551   35.378888879   13.823049128  -25.545161542
   -0.523598776   -1.047197551   37.853274986   13.846721088  -22.483308207
   -0.349065850   -1.047197551   39.986403160    9.817572050  -18.551716458
   -0.174532925   -1.047197551   41.031935853    1.370772736  -14.348915996
    0.000000000   -1.047197551   40.239280806  -11.121664508  -10.470129253
    0.174532925   -1.047197551   37.020407765  -26.005616762   -7.392337005
    0.349065850   -1.047197551   31.233527100  -39.803816424   -5.359419838
    0.523598776   -1.047197551   23.496569819  -47.436593811   -4.317938832
    0.698131701   -1.047197551   15.340253622  -43.944325953   -3.961780879
    0.872664626   -1.047197551    8.953525702  -27.148770381   -3.877495961
    1.047197551   -1.047197551    6.508626289    0.361279694   -3.713156786
    1.221730476   -1.047197551    9.316510442   31.657618996   -3.280418737
    1.396263402   -1.047197551   17.282697572   58.108002599   -2.548300191
    1.570796327   -1.047197551   28.917857133   72.850323486   -1.577638035
    1.745329252   -1.047197551   41.863050839   73.013805518   -0.458123877
    1.919862177   -1.047197551   53.631322842   59.861372557    0.719261420
    2.094395102   -1.047197551   62.229662029   37.516851916    1.855231810
    2.268928028   -1.047197551   66.505665202   11.218362862    2.834356912
    2.443460953   -1.047197551   66.219769809  -13.974921475    3.532062981
    2.617993878   -1.047197551   61.941916908  -33.941800620    3.838798922
    2.792526803   -1.047197551   54.856826317  -45.834165483    3.685086088
    2.967059728   -1.047197551   46.514194224  -48.374198851    3.083737377

   -3.141592654   -0.698131701   38.026359963  -45.988313940    2.278893836
   -2.967059728   -0.698131701   31.015644323  -33.642765667    0.142554734
   -2.792526803   -0.698131701   26.450529401  -18.698295847   -2.137759332
   -2.617993878   -0.698131701   24.397294371   -5.487893940   -4.400207197
   -2.443460953   -0.698131701   24.252447222    2.827372989   -6.613416487
   -2.268928028   -0.698131701   25.038359716    5.216149945   -8.902869640
   -2.094395102   -0.698131701   25.787199583    2.715020062  -11.499001901
   -1.919862177   -0.698131701   25.842467978   -2.266120611  -14.586245237
   -1.745329252   -0.698131701   25.017342037   -6.939782052  -18.117658497
   -1.570796327   -0.698131701   23.584537472   -8.894236637  -21.692628396
   -1.396263402   -0.698131701   22.155819792   -6.801956716  -24.621998685
   -1.221730476   -0.698131701   21.449846654   -0.773673977  -26.164640580
   -1.047197551   -0.698131701   22.034486226    7.621915808  -25.836926190
   -0.872664626   -0.698131701   24.119207796   15.958878314  -23.599937080
   -0.698131701   -0.698131701   27.468778408   21.738509373  -19.853179925
   -0.523598776   -0.698131701   31.461424085   23.088435514  -15.269982557
   -0.349065850   -0.698131701   35.219915558   18.968484303  -10.586489792
   -0.174532925   -0.698131701   37.759823351    9.147119317   -6.431573565
    0.000000000   -0.698131701   38.134182994   -5.638071667   -3.211422248
    0.174532925   -0.698131701   35.642327804  -23.158222098   -1.017183252
    0.349065850   -0.698131701   30.143630353  -39.236919033    0.378346292
    0.523598776   -0.698131701   22.373544469  -48.203237259    1.413989962
    0.698131701   -0.698131701   14.054219361  -44.871869986    2.522327240
    0.872664626   -0.698131701    7.564472905  -27.301943716    3.906226300
    1.047197551   -0.698131701    5.194058735    1.368977615    5.451569293
    1.221730476   -0.698131701    8.271328430   33.665252668    6.837710531
    1.396263402   -0.698131701   16.642751590   60.650980182    7.759312308
    1.570796327   -0.698131701   28.733395201   75.451463191    8.107551316
    1.745329252   -0.698131701   42.113001849   75.348946230    7.997433243
    1.919862177   -0.698131701   54.251819160   61.752168582    7.664488213
    2.094395102   -0.698131701   63.132540358   38.841835470    7.314395532
    2.268928028   -0.698131701   67.580366470   11.838519337    7.023269276
    2.443460953   -0.698131701   67.327843538  -14.236125507    6.722941023
    2.617993878   -0.698131701   62.915242577  -35.250548024    6.247238837
    2.792526803   -0.698131701   55.506718860  -48.226727725    5.404150940
    2.967059728   -0.698131701   46.661446604  -51.702971256    4.078450753

   -3.141592654   -0.349065850   38.627672949  -51.124781990    2.955711293
   -2.967059728   -0.349065850   30.667009011  -39.292109042    0.145943842
   -2.792526803   -0.349065850   25.110874690  -24.315846165   -2.814171325
   -2.617993878   -0.349065850   22.107553028  -10.724323843   -5.683697374
   -2.443460953   -0.349065850   21.083790492   -2.037339559   -8.357548121
   -2.268928028   -0.349065850   21.029254193    0.377955140  -10.906611509
   -2.094395102   -0.349065850   20.903916112   -2.517224625  -13.507011019
   -1.919862177   -0.349065850   19.999850254   -7.996763992  -16.265361675
   -1.745329252   -0.349065850   18.165152942  -12.623315680  -19.033764324
   -1.570796327   -0.349065850   15.827428812  -13.341767638  -21.333627322
   -1.396263402   -0.349065850   13.834123737   -8.594553478  -22.494055875
   -1.221730476   -0.349065850   13.125724286    1.093962699  -21.938656340
   -1.047197551   -0.349065850   14.370122751   13.243439441  -19.491711885
   -0.872664626   -0.349065850   17.704302649   24.433376775  -15.491522010
   -0.698131701   -0.349065850   22.672112704   31.511354821  -10.674656585
   -0.523598776   -0.349065850   28.359987021   32.464655074   -5.905042394
   -0.349065850   -0.349065850   33.614742286   26.544066941   -1.891522100
   -0.174532925   -0.349065850   37.255527981   14.101722536    0.989931248
    0.000000000   -0.349065850   38.256898028   -3.348716460    2.763845323
    0.174532925   -0.349065850   35.981635087  -22.780758278    3.842371685
    0.349065850   -0.349065850   30.477911207  -39.427620609    4.872825733
    0.523598776   -0.349065850   22.732046998  -47.537835386    6.475938092
    0.698131701   -0.349065850   14.674326884  -42.487808504    8.939967876
    0.872664626   -0.349065850    8.751502092  -23.307819361   12.032755420
    1.047197551   -0.349065850    7.152389608    5.994682422   15.081802458
    1.221730476   -0.349065850   10.998480735   37.644151255   17.305921332
    1.396263402   -0.349065850   19.937008062   63.073436150   18.192666304
    1.570796327   -0.349065850   32.295928651   76.132543131   17.710441978
    1.745329252   -0.349065850   45.672125892   74.740260121   16.247252219
    1.919862177   -0.349065850   57.642475891   60.548013197   14.371087997
    2.094395102   -0.349065850   66.302039122   37.573480774   12.564939810
    2.268928028   -0.349065850   70.536605077   10.656527107   11.065673849
    2.443460953   -0.349065850   70.069753360  -15.568688583    9.843070408
    2.617993878   -0.349065850   65.379058684  -37.195875649    8.673151720
    2.792526803   -0.349065850   57.546758226  -51.194628462    7.256154936
    2.967059728   -0.349065850   48.079495767  -55.852178854    5.368547175

   -3.141592654    0.000000000   39.906206100  -56.210910801    2.571551207
   -2.967059728    0.000000000   31.001726613  -44.929633502   -0.110703897
   -2.792526803    0.000000000   24.449810426  -29.997057679   -2.827250041
   -2.617993878    0.000000000   20.480199864  -16.071637690   -5.367360784
   -2.443460953    0.000000000   18.558890296   -6.988454372   -7.654219818
   -2.268928028    0.000000000   17.659906399   -4.391463573   -9.767423725
   -2.094395102    0.000000000   16.700524189   -7.317072077  -11.848472827
   -1.919862177    0.000000000   14.963543307  -12.663863913  -13.924796678
   -1.745329252    0.000000000   12.377413247  -16.383038956  -15.761276056
   -1.570796327    0.000000000    9.550831093  -14.960767758  -16.850177416
   -1.396263402    0.000000000    7.549228839   -6.911303841  -16.607775825
   -1.221730476    0.000000000    7.461339078    6.504170450  -14.673708894
   -1.047197551    0.000000000    9.933630957   21.696978885  -11.167896605
   -0.872664626    0.000000000   14.893430440   34.279072863   -6.711099073
   -0.698131701    0.000000000   21.555435542   40.743826179   -2.206693203
   -0.523598776    0.000000000   28.677413126   39.447726614    1.503413844
   -0.349065850    0.000000000   34.890519785   30.495623042    3.940426171
   -0.174532925    0.000000000   38.967501485   15.262486143    5.111371826
    0.000000000    0.000000000   40.007520491   -3.812575737    5.473762454
    0.174532925    0.000000000   37.633127212  -23.146798193    5.791792342
    0.349065850    0.000000000   32.202702002  -37.981108716    6.873085413
    0.523598776    0.000000000   24.950196725  -43.267133033    9.256663471
    0.698131701    0.000000000   17.878646864  -35.626560290   12.937400020
    0.872664626    0.000000000   13.279584036  -15.341083533   17.280763423
    1.047197551    0.000000000   13.014200964   12.954290174   21.242459445
    1.221730476    0.000000000   17.850404284   41.807695532   23.814954664
    1.396263402    0.000000000   27.209305155   63.714967958   24.445853211
    1.570796327    0.000000000   39.399332822   73.719965529   23.218973595
    1.745329252    0.000000000   52.174973178   70.511050690   20.718368123
    1.919862177    0.000000000   63.348457989   55.854917418   17.712419233
    2.094395102    0.000000000   71.221742667   33.366255846   14.839910429
    2.268928028    0.000000000   74.793566632    7.276495519   12.430463645
    2.443460953    0.000000000   73.795811065  -18.341844375   10.491547377
    2.617993878    0.000000000   68.635138857  -39.924711207    8.801156500
    2.792526803    0.000000000   60.287008845  -54.464427900    7.048239831
    2.967059728    0.000000000   50.170844732  -60.029034842    4.993912957

   -3.141592654    0.349065850   41.193685155  -60.638437054    1.552926650
   -2.967059728    0.349065850   31.480800595  -49.684622798   -0.112071652
   -2.792526803    0.349065850   24.101391923  -34.638528487   -1.672842594
   -2.617993878    0.349065850   19.358404961  -20.246641755   -3.064481374
   -2.443460953    0.349065850   16.756986549  -10.613355226   -4.306537102
   -2.268928028    0.349065850   15.262679009   -7.621117070   -5.499308854
   -2.094395102    0.349065850   13.761457732  -10.299897464   -6.739127318
   -1.919862177    0.349065850   11.534130348  -15.228776237   -7.993942451
   -1.745329252    0.349065850    8.580258004  -17.884618024   -9.024450738
   -1.570796327    0.349065850    5.650502607  -14.487719029   -9.422870888
   -1.396263402    0.349065850    3.956955701   -3.784505176   -8.797752260
   -1.221730476    0.349065850    4.647656502   12.207486439   -6.998873845
   -1.047197551    0.349065850    8.273295488   28.974696448   -4.267603492
   -0.872664626    0.349065850   14.523958370   41.500515824   -1.179137339
   -0.698131701    0.349065850   22.322679136   46.309171305    1.590479783
   -0.523598776    0.349065850   30.196853951   42.418576523    3.556367716
   -0.349065850    0.349065850   36.697282772   30.902959410    4.629161891
   -0.174532925    0.349065850   40.687233333   14.077620403    5.125870313
    0.000000000    0.349065850   41.496987352   -4.963640601    5.645418151
    0.174532925    0.349065850   39.056454804  -22.471690612    6.867776479
    0.349065850    0.349065850   34.009298537  -34.114576019    9.305549594
    0.523598776    0.349065850   27.744600619  -35.880241542   13.078128984
    0.698131701    0.349065850   22.203704358  -25.772865461   17.778496372
    0.872664626    0.349065850   19.386240925   -5.213308720   22.521991155
    1.047197551    0.349065850   20.727080784   20.847042318   26.236352107
    1.221730476    0.349065850   26.604184881   45.647398926   28.074543013
    1.396263402    0.349065850   36.235162847   63.044986374   27.721221749
    1.570796327    0.349065850   47.970891032   69.420078413   25.461239336
    1.745329252    0.349065850   59.796526598   64.224570322   21.984387684
    1.919862177    0.349065850   69.822490795   49.239021496   18.083231393
    2.094395102    0.349065850   76.599595904   27.548184637   14.391290555
    2.268928028    0.349065850   79.260900544    2.672124517   11.253285757
    2.443460953    0.349065850   77.554099319  -21.933955247    8.732680530
    2.617993878    0.349065850   71.816053162  -43.062342983    6.695731731
    2.792526803    0.349065850   62.915620541  -57.744127887    4.925110058
    2.967059728    0.349065850   52.181112619  -63.846991774    3.237358993

   -3.141592654    0.698131701   42.698294266  -62.885048626   -0.324196247
   -2.967059728    0.698131701   32.573430310  -52.126750045   -0.701368138
   -2.792526803    0.698131701   24.760551261  -37.123048497   -0.827972803
   -2.617993878    0.698131701   19.591240736  -22.621623352   -0.810510424
   -2.443460953    0.698131701   16.588876522  -12.828639808   -0.781897447
   -2.268928028    0.698131701   14.719717407   -9.704313476   -0.875096214
   -2.094395102    0.698131701   12.866643840  -12.231444331   -1.168700927
   -1.919862177    0.698131701   10.328810431  -16.796720424   -1.633796608
   -1.745329252    0.698131701    7.162940174  -18.656933868   -2.123661731
   -1.570796327    0.698131701    4.202875816  -13.994469676   -2.420308617
   -1.396263402    0.698131701    2.723664683   -1.822643920   -2.342282654
   -1.221730476    0.698131701    3.866296029   15.325458796   -1.841284512
   -1.047197551    0.698131701    8.081287697   32.448634055   -1.038056473
   -0.872664626    0.698131701   14.897374322   44.352635008   -0.152676699
   -0.698131701    0.698131701   23.086644035   47.860241335    0.633097251
   -0.523598776    0.698131701   31.110640307   42.642651935    1.304879080
   -0.349065850    0.698131701   37.580101018   30.486510997    2.069219502
   -0.174532925    0.698131701   41.526469776   14.211869296    3.282536854
    0.000000000    0.698131701   42.504202031   -2.965721979    5.323949123
    0.174532925    0.698131701   40.651090844  -17.622654003    8.448838076
    0.349065850    0.698131701   36.724940666  -26.161924674   12.647860186
    0.523598776    0.698131701   32.072535945  -25.575875066   17.562045640
    0.698131701    0.698131701   28.414939059  -14.855399800   22.492534070
    0.872664626    0.698131701   27.393370166    4.062636342   26.541551620
    1.047197551    0.698131701   30.058549346   26.482426651   28.894313734
    1.221730476    0.698131701   36.516982116   46.611189688   29.112928973
    1.396263402    0.698131701   45.917552054   59.587617350   27.270527200
    1.570796327    0.698131701   56.752449707   62.826764354   23.883126631
    1.745329252    0.698131701   67.280282001   56.240876986   19.671623642
    1.919862177    0.698131701   75.910674223   41.458079997   15.318986537
    2.094395102    0.698131701   81.428735298   21.017697309   11.311323389
    2.268928028    0.698131701   83.092322130   -2.217527839    7.902732144
    2.443460953    0.698131701   80.666058113  -25.350874753    5.162734467
    2.617993878    0.698131701   74.425461396  -45.500389475    3.050719747
    2.792526803    0.698131701   65.143210499  -59.759987905    1.483972824
    2.967059728    0.698131701   54.058447194  -65.870026788    0.379998512

   -3.141592654    1.047197551   41.416395956  -62.640879068   -5.219179965
   -2.967059728    1.047197551   31.419769399  -50.950416596   -4.367113588
   -2.792526803    1.047197551   23.862698045  -35.440994933   -3.187986344
   -2.617993878    1.047197551   18.995831520  -20.909270031   -1.944118977
   -2.443460953    1.047197551   16.264074131  -11.490248202   -0.851899738
   -2.268928028    1.047197551   14.578497220   -8.955345279   -0.042910748
   -2.094395102    1.047197551   12.803135850  -12.070519690    0.450377281
   -1.919862177    1.047197551   10.252726859  -17.067276048    0.666065791
   -1.745329252    1.047197551    7.017208146  -19.151411049    0.655062986
   -1.570796327    1.047197551    3.962613760  -14.569632439    0.440308905
   -1.396263402    1.047197551    2.379331505   -2.448156127    0.013843163
   -1.221730476    1.047197551    3.405114528   14.595103843   -0.611184454
   -1.047197551    1.047197551    7.480579627   31.576207968   -1.337935998
   -0.872664626    1.047197551   14.138027101   43.439518322   -1.954175151
   -0.698131701    1.047197551   22.187891754   47.253430010   -2.153044975
   -0.523598776    1.047197551   30.174628494   42.942021403   -1.599502677
   -0.349065850    1.047197551   36.828604246   32.421404398   -0.007088870
   -0.174532925    1.047197551   41.303869215   18.420309004    2.780656256
    0.000000000    1.047197551   43.239191753    3.808676974    6.735517912
    0.174532925    1.047197551   42.777538253   -8.552015957   11.608279824
    0.349065850    1.047197551   40.572426641  -15.724658028   16.909111412
    0.523598776    1.047197551   37.753915179  -15.285975037   21.943152606
    0.698131701    1.047197551   35.748256577   -6.514309989   25.921829900
    0.872664626    1.047197551   35.894729900    8.893436315   28.150226299
    1.047197551    1.047197551   39.031486988   27.009641418   28.251729081
    1.221730476    1.047197551   45.215038234   43.052677617   26.301218867
    1.396263402    1.047197551   53.711629313   53.014104148   22.768400478
    1.570796327    1.047197551   63.240327625   54.668105795   18.323009851
    1.745329252    1.047197551   72.302954278   47.789996061   13.593659255
    1.919862177    1.047197551   79.499315676   33.575597177    9.033292604
    2.094395102    1.047197551   83.724101598   14.118510387    4.900945296
    2.268928028    1.047197551   84.279555357   -8.007990136    1.337242493
    2.443460953    1.047197551   80.940737384  -30.011754256   -1.560466777
    2.617993878    1.047197551   73.987310353  -48.990791245   -3.703426240
    2.792526803    1.047197551   64.202451750  -62.003296299   -5.019536229
    2.967059728    1.047197551   52.836613502  -66.820072647   -5.499017476

   -3.141592654    1.396263402   36.562889222  -61.359349693  -10.816545243
   -2.967059728    1.396263402   26.941411351  -48.015638720   -9.236402862
   -2.792526803    1.396263402   19.996224724  -31.480673138   -7.287399804
   -2.617993878    1.396263402   15.857903434  -16.633038857   -5.328832735
   -2.443460953    1.396263402   13.853120056   -7.521127371   -3.597655870
   -2.268928028    1.396263402   12.803288294   -5.682210565   -2.164167849
   -2.094395102    1.396263402   11.525859615   -9.648315556   -0.969134015
   -1.919862177    1.396263402    9.320494808  -15.547306432    0.062535834
   -1.745329252    1.396263402    6.265446962  -18.633798341    0.905846046
   -1.570796327    1.396263402    3.200989699  -15.237522237    1.411711124
   -1.396263402    1.396263402    1.389507078   -4.399354986    1.402230076
   -1.221730476    1.396263402    1.977939030   11.604593567    0.843497849
   -1.047197551    1.396263402    5.491842535   28.284825516   -0.032531235
   -0.872664626    1.396263402   11.628983169   40.969306036   -0.752004415
   -0.698131701    1.396263402   19.408175532   46.807527954   -0.756915440
   -0.523598776    1.396263402   27.563919556   45.439214752    0.392730357
   -0.349065850    1.396263402   34.942831579   38.236465084    2.884280882
   -0.174532925    1.396263402   40.706400545   27.261425685    6.619305871
    0.000000000    1.396263402   44.384200991   14.728346189   11.247408748
    0.174532925    1.396263402   45.904477432    2.951106515   16.218998538
    0.349065850    1.396263402   45.627424532   -5.449109102   20.834998622
    0.523598776    1.396263402   44.364001604   -8.003243954   24.339681581
    0.698131701    1.396263402   43.270550157   -3.481058548   26.077157573
    0.872664626    1.396263402   43.544577644    7.358988663   25.686500621
    1.047197551    1.396263402   46.062194184   21.649644891   23.252013531
    1.221730476    1.396263402   51.080986098   35.334002530   19.288692285
    1.396263402    1.396263402   58.141521579   44.508929172   14.535592839
    1.570796327    1.396263402   66.201486143   46.458317548    9.680888003
    1.745329252    1.396263402   73.889976705   40.261061818    5.153228890
    1.919862177    1.396263402   79.824846902   26.603220182    1.099711160
    2.094395102    1.396263402   82.863332354    7.473465163   -2.505455072
    2.268928028    1.396263402   82.284059008  -14.333753819   -5.691701682
    2.443460953    1.396263402   77.889747032  -35.698379172   -8.388553038
    2.617993878    1.396263402   70.037523914  -53.491738353  -10.414942419
    2.792526803    1.396263402   59.609253823  -64.782590266  -11.551726972
    2.967059728    1.396263402   47.932610078  -67.553804940  -11.670688816

   -3.141592654    1.745329252   30.352854297  -58.848582207  -17.039648349
   -2.967059728    1.745329252   21.319233430  -43.919881334  -15.683527937
   -2.792526803    1.745329252   15.163661198  -26.681536810  -13.777446351
   -2.617993878    1.745329252   11.863176292  -11.945881957  -11.616313645
   -2.443460953    1.745329252   10.627448922   -3.446485412   -9.400617935
   -2.268928028    1.745329252   10.225502990   -2.325824350   -7.190894421
   -2.094395102    1.745329252    9.479414084   -6.895029977   -4.936887064
   -1.919862177    1.745329252    7.707302034  -13.354241164   -2.593381176
   -1.745329252    1.745329252    4.972614701  -17.220835960   -0.248864377
   -1.570796327    1.745329252    2.058789677  -14.995692007    1.837894341
   -1.396263402    1.745329252    0.171625061   -5.510369043    3.350636628
   -1.221730476    1.745329252    0.473561669    9.547431370    4.126707822
   -1.047197551    1.745329252    3.621258601   26.356251433    4.321556692
   -0.872664626    1.745329252    9.535149323   40.567215538    4.392019849
   -0.698131701    1.745329252   17.465595979   49.091010267    4.902889010
   -0.523598776    1.745329252   26.293926190   50.869670736    6.276140372
   -0.349065850    1.745329252   34.874920427   46.451435739    8.624145857
   -0.174532925    1.745329252   42.241686088   37.192584087   11.733173739
    0.000000000    1.745329252   47.694071082   24.854361585   15.134465612
    0.174532925    1.745329252   50.875020320   11.562921139   18.206255466
    0.349065850    1.745329252   51.850658621    0.052714504   20.275411114
    0.523598776    1.745329252   51.188538914   -6.734813035   20.755057674
    0.698131701    1.745329252   49.918574855   -6.726715701   19.319690636
    0.872664626    1.745329252   49.280090159    0.357333198   16.064858522
    1.047197551    1.745329252   50.360218386   12.481792077   11.539235020
    1.221730476    1.745329252   53.724650071   25.823917720    6.572638817
    1.396263402    1.745329252   59.201431737   36.030545431    1.953278925
    1.570796327    1.745329252   65.915441684   39.517651078   -1.858687421
    1.745329252    1.745329252   72.509219414   34.560294160   -4.837983381
    1.919862177    1.745329252   77.507715951   21.456598034   -7.267308875
    2.094395102    1.745329252   79.651958402    2.320338601   -9.501556176
    2.268928028    1.745329252   78.160688290  -19.592461433  -11.743099183
    2.443460953    1.745329252   72.866921032  -40.631090670  -13.949682597
    2.617993878    1.745329252   64.236369444  -57.321043744  -15.869407207
    2.792526803    1.745329252   53.291740268  -66.746157432  -17.164591600
    2.967059728    1.745329252   41.468891756  -67.225535869  -17.579824416

   -3.141592654    2.094395102   23.365281560  -57.447185700  -18.519607533
   -2.967059728    2.094395102   14.705230466  -41.124475935  -17.241363167
   -2.792526803    2.094395102    9.120111419  -23.041731336  -15.336601661
   -2.617993878    2.094395102    6.491784489   -7.952836595  -13.055707501
   -2.443460953    2.094395102    5.962627179    0.632695805  -10.569178651
   -2.268928028    2.094395102    6.279711160    1.848953913   -7.911677245
   -2.094395102    2.094395102    6.281415778   -2.483086830   -5.003517805
   -1.919862177    2.094395102    5.304301964   -8.680514184   -1.770826783
   -1.745329252    2.094395102    3.390842448  -12.564936606    1.705492770
   -1.570796327    2.094395102    1.251112480  -10.884265295    5.127627804
   -1.396263402    2.094395102    0.000000000   -2.392808485    8.083394590
   -1.221730476    2.094395102    0.756210310   11.673352183   10.266818264
   -1.047197551    2.094395102    4.228130293   28.074112760   11.664886586
   -0.872664626    2.094395102   10.472667754   42.792674319   12.565356063
   -0.698131701    2.094395102   18.895566859   52.605589563   13.375248138
   -0.523598776    2.094395102   28.472170799   55.908475274   14.381240307
   -0.349065850    2.094395102   38.040156278   52.596309766   15.595681545
   -0.174532925    2.094395102   46.508391991   43.471988176   16.764860044
    0.000000000    2.094395102   52.976853536   29.989447746   17.461860644
    0.174532925    2.094395102   56.857515785   14.229184629   17.205983137
    0.349065850    2.094395102   58.001644078   -0.824892086   15.585482775
    0.523598776    2.094395102   56.835582488  -11.637413183   12.402260807
    0.698131701    2.094395102   54.381451142  -15.229620593    7.815787909
    0.872664626    2.094395102   52.039503004  -10.356990742    2.407292441
    1.047197551    2.094395102   51.199304657    1.533015673   -2.941223117
    1.221730476    2.094395102   52.771018006   16.483194543   -7.354196937
    1.396263402    2.094395102   56.839933298   29.318650871  -10.310288881
    1.570796327    2.094395102   62.613190536   35.352501949  -11.829428669
    1.745329252    2.094395102   68.637933032   32.013904785  -12.397116297
    1.919862177    2.094395102   73.244984100   19.334591597  -12.687108172
    2.094395102    2.094395102   74.986465190   -0.261393493  -13.253832897
    2.268928028    2.094395102   72.979959886  -22.891437360  -14.334346158
    2.443460953    2.094395102   67.070873636  -44.271759761  -15.822764539
    2.617993878    2.094395102   57.828352577  -60.537767454  -17.367871297
    2.792526803    2.094395102   46.416147401  -68.763405508  -18.532912556
    2.967059728    2.094395102   34.384079478  -67.553595829  -18.969931875

   -3.141592654    2.443460953   17.162097825  -56.692341444  -12.457267385
   -2.967059728    2.443460953    8.755057353  -39.018266593  -11.176975349
   -2.792526803    2.443460953    3.638121216  -19.842593911   -9.479048309
   -2.617993878    2.443460953    1.643500752   -3.933314529   -7.519149046
   -2.443460953    2.443460953    1.875378389    5.318131832   -5.366372255
   -2.268928028    2.443460953    3.069556099    7.224191463   -2.962773372
   -2.094395102    2.443460953    4.078170152    3.689540541   -0.148285180
   -1.919862177    2.443460953    4.248434928   -1.738330050    3.226196455
   -1.745329252    2.443460953    3.591012473   -5.211320056    7.144424525
   -1.570796327    2.443460953    2.723848429   -3.789670849   11.330397752
   -1.396263402    2.443460953    2.636518299    3.739291302   15.305101609
   -1.221730476    2.443460953    4.349166314   16.472166678   18.574268856
   -1.047197551    2.443460953    8.549226299   31.673506521   20.834622516
   -0.872664626    2.443460953   15.350583246   45.657071209   22.055631313
   -0.698131701    2.443460953   24.240998166   55.142683367   22.392990698
   -0.523598776    2.443460953   34.236193238   58.123874182   22.020512114
   -0.349065850    2.443460953   44.133120568   54.037154527   20.994569806
   -0.174532925    2.443460953   52.730395653   43.366593017   19.238463213
    0.000000000    2.443460953   58.984694107   27.507306677   16.595836187
    0.174532925    2.443460953   62.177283754    8.748868805   12.916712053
    0.349065850    2.443460953   62.087497711   -9.455770415    8.159447497
    0.523598776    2.443460953   59.173931562  -22.864492589    2.503709425
    0.698131701    2.443460953   54.626380784  -27.693572965   -3.567692382
    0.872664626    2.443460953   50.139146792  -22.124595700   -9.288854989
    1.047197551    2.443460953   47.448262372   -7.624514691  -13.808805842
    1.221730476    2.443460953   47.742673515   11.111287868  -16.508925989
    1.396263402    2.443460953   51.212327072   27.726548407  -17.262677182
    1.570796327    2.443460953   56.962892101   36.444859431  -16.487023867
    1.745329252    2.443460953   63.293097692   34.149032875  -14.940209600
    1.919862177    2.443460953   68.250020880   21.007254974  -13.406279688
    2.094395102    2.443460953   70.171708587    0.057185020  -12.420739588
    2.268928028    2.443460953   68.086648541  -24.067194106  -12.154415037
    2.443460953    2.443460953   61.873138740  -46.464835811  -12.453837293
    2.617993878    2.443460953   52.215986288  -62.943963226  -12.969874050
    2.792526803    2.443460953   40.424492364  -70.581799707  -13.310529653
    2.967059728    2.443460953   28.171355087  -68.205967257  -13.182415829

   -3.141592654    2.792526803   14.531140016  -55.449196194    1.096139393
   -2.967059728    2.792526803    6.383403504  -37.311534651    2.660505149
   -2.792526803    2.792526803    1.600436144  -17.736685582    4.111266413
   -2.617993878    2.792526803    0.009746360   -1.398015955    5.438799016
   -2.443460953    2.792526803    0.733779497    8.459973669    6.765369557
   -2.268928028    2.792526803    2.552066350   11.288572957    8.325172942
   -2.094395102    2.792526803    4.377172174    9.028398481   10.394539969
   -1.919862177    2.792526803    5.606117574    5.054773055   13.176331187
   -1.745329252    2.792526803    6.249302128    2.818436237   16.669061430
   -1.570796327    2.792526803    6.844629304    4.784252458   20.584486137
   -1.396263402    2.792526803    8.229074475   11.849329419   24.392158096
   -1.221730476    2.792526803   11.243215141   23.129094145   27.479330698
   -1.047197551    2.792526803   16.426576473   36.208657044   29.356143048
   -0.872664626    2.792526803   23.811921242   47.797512346   29.781320957
   -0.698131701    2.792526803   32.864080989   54.863943367   28.756309168
   -0.523598776    2.792526803   42.600056949   55.425363389   26.426462519
   -0.349065850    2.792526803   51.811339699   48.864094541   22.970301460
   -0.174532925    2.792526803   59.284930626   35.662318215   18.558694306
    0.000000000    2.792526803   63.978456886   17.360483076   13.357988215
    0.174532925    2.792526803   65.213028693   -3.447529733    7.554569236
    0.349065850    2.792526803   62.871156244  -22.888331382    1.407184166
    0.523598776    2.792526803   57.593961799  -36.264241380   -4.696758610
    0.698131701    2.792526803   50.825985394  -39.443633513  -10.215065221
    0.872664626    2.792526803   44.549661607  -30.624064771  -14.513452696
    1.047197551    2.792526803   40.741361410  -11.818149630  -17.056667873
    1.221730476    2.792526803   40.692313889   11.299156606  -17.641156700
    1.396263402    2.792526803   44.511511536   31.317701418  -16.509203958
    1.570796327    2.792526803   51.067763261   41.802995692  -14.268236124
    1.745329252    2.792526803   58.361564862   39.590682658  -11.635997472
    1.919862177    2.792526803   64.183200801   25.342793269   -9.187574882
    2.094395102    2.792526803   66.724611309    2.809863920   -7.204173180
    2.268928028    2.792526803   64.988858319  -22.750122288   -5.683260196
    2.443460953    2.792526803   58.916556319  -46.063026602   -4.444005704
    2.617993878    2.792526803   49.294731221  -62.844028034   -3.259770076
    2.792526803    2.792526803   37.531577849  -70.300070973   -1.957065657
    2.967059728    2.792526803   25.365955795  -67.475106576   -0.484066554
