#! FIELDS phi psi file.free der_phi der_psi
#! SET min_phi -pi
#! SET max_phi pi
#! SET nbins_phi  36
#! SET periodic_phi true
#! SET min_psi -pi
#! SET max_psi pi
#! SET nbins_psi  18
#! SET periodic_psi true
   -3.141592654   -3.141592654   17.625489094  -52.452076497   18.064999162
   -2.967059728   -3.141592654    9.918920930  -35.299554068   20.088857172
   -2.792526803   -3.141592654    5.396979503  -16.739705230   21.237068033
   -2.617993878   -3.141592654    3.917950532   -1.025512680   21.648653070
   -2.443460953   -3.141592654    4.704878253    8.938645603   21.684916991
   -2.268928028   -3.141592654    6.678178818   12.712304189   21.834575850
   -2.094395102   -3.141592654    8.886633000   12.073124512   22.567966021
   -1.919862177   -3.141592654   10.813460736   10.011521487   24.185680050
   -1.745329252   -3.141592654   12.476340158    9.457859560   26.702340186
   -1.570796327   -3.141592654   14.328767387   12.393011070   29.792822468
   -1.396263402   -3.141592654   17.051825069   19.387228463   32.849014909
   -1.221730476   -3.141592654   21.294301727   29.492668050   35.135073268
   -1.047197551   -3.141592654   27.415379843   40.457977415   35.998181903
   -0.872664626   -3.141592654   35.307169497   49.263034702   35.032756538
   -0.698131701   -3.141592654   44.339006571   53.111933741   32.146635738
   -0.523598776   -3.141592654   53.468218658   50.192571019   27.522759281
   -0.349065850   -3.141592654   61.457347667   40.104664712   21.527486320
   -0.174532925   -3.141592654   67.113987583   23.688004674   14.644981484
    0.000000000   -3.141592654   69.492349858    2.980833184    7.426728685
    0.174532925   -3.141592654   68.101495053  -18.892536671    0.436382598
    0.349065850   -3.141592654   63.094662821  -37.676215697   -5.786082915
    0.523598776   -3.141592654   55.424911967  -48.606678866  -10.767556285
    0.698131701   -3.141592654   46.826331722  -47.880694950  -14.146709471
    0.872664626   -3.141592654   39.477137636  -34.425486442  -15.729226400
    1.047197551   -3.141592654   35.399802941  -11.211773766  -15.567274770
    1.221730476   -3.141592654   35.766171763   15.225071042  -13.995575306
    1.396263402   -3.141592654   40.447289499   37.002193995  -11.544263634
    1.570796327   -3.141592654   48.038292530   47.771632718   -8.760008090
    1.745329252   -3.141592654   56.322359775   44.868176757   -6.005349273
    1.919862177   -3.141592654   62.977282033   29.618374378   -3.380478006
    2.094395102   -3.141592654   66.190756581    6.303081510   -0.770356050
    2.268928028   -3.141592654   65.030266714  -19.575635679    2.012581764
    2.443460953   -3.141592654   59.517646123  -42.778292890    5.094866785
    2.617993878   -3.141592654   50.496336103  -59.250166088    8.461859337
    2.792526803   -3.141592654   39.383116158  -66.506892039   11.948239053
    2.967059728   -3.141592654   27.873756376  -63.846413879   15.261638579

   -3.141592654   -2.792526803   25.397521385  -48.277378412   26.016884180
   -2.967059728   -2.792526803   18.238620906  -33.213780093   27.751438696
   -2.792526803   -2.792526803   13.908296160  -16.560393750   28.391941829
   -2.617993878   -2.792526803   12.338009717   -2.113962082   28.238880114
   -2.443460953   -2.792526803   12.893181545    7.541490530   27.787143036
   -2.268928028   -2.792526803   14.671375744   12.034995283   27.587800017
   -2.094395102   -2.792526803   16.888362142   12.957625277   28.078918875
   -1.919862177   -2.792526803   19.140739845   12.887573917   29.445943338
   -1.745329252   -2.792526803   21.471667690   14.157940312   31.550472567
   -1.570796327   -2.792526803   24.247007352   18.081712743   33.928436836
   -1.396263402   -2.792526803   27.949607900   24.661595518   35.885747438
   -1.221730476   -2.792526803   32.954351495   32.692979397   36.665724644
   -1.047197551   -2.792526803   39.341248199   40.110893944   35.664936819
   -0.872664626   -2.792526803   46.793061247   44.497454437   32.599251200
   -0.698131701   -2.792526803   54.595821118   43.863935657   27.570747270
   -0.523598776   -2.792526803   61.765970040   37.174384445   21.012609187
   -0.349065850   -2.792526803   67.245998549   24.633235996   13.557995432
   -0.174532925   -2.792526803   70.107975204    7.439829541    5.914581664
    0.000000000   -2.792526803   69.710256591  -12.296022211   -1.229254033
    0.174532925   -2.792526803   65.853313331  -31.639416522   -7.288578177
    0.349065850   -2.792526803   58.927304805  -46.770823439  -11.824504883
    0.523598776   -2.792526803   50.032325718  -53.506386168  -14.589566022
    0.698131701   -2.792526803   40.942858806  -48.657987736  -15.555158401
    0.872664626   -2.792526803   33.772457041  -31.735018109  -14.912416586
    1.047197551   -2.792526803   30.387962535   -6.157004028  -13.057443442
    1.221730476   -2.792526803   31.748622419   21.371183043  -10.511227386
    1.396263402   -2.792526803   37.515386111   43.160745074   -7.763576355
    1.570796327   -2.792526803   46.136928431   53.391634389   -5.113809775
    1.745329252   -2.792526803   55.354372027   50.000093799   -2.579317209
    1.919862177   -2.792526803   62.895408660   34.738476168    0.046816341
    2.094395102   -2.792526803   67.042964137   11.959707888    3.045328765
    2.268928028   -2.792526803   66.942505485  -13.073707343    6.598744335
    2.443460953   -2.792526803   62.636379655  -35.515558181   10.686883133
    2.617993878   -2.792526803   54.918636629  -51.682961785   15.075054369
    2.792526803   -2.792526803   45.102861680  -59.349403990   19.379240464
    2.967059728   -2.792526803   34.751938724  -57.869527127   23.155618363

   -3.141592654   -2.443460953   34.220419430  -44.167540678   23.593132808
   -2.967059728   -2.443460953   27.599488653  -31.144103199   24.966322835
   -2.792526803   -2.443460953   23.475050112  -16.176033259   25.471443449
   -2.617993878   -2.443460953   21.876471808   -2.677271255   25.371742417
   -2.443460953   -2.443460953   22.318996945    6.970216795   25.032289288
   -2.268928028   -2.443460953   24.060522180   12.304918811   24.827983348
   -2.094395102   -2.443460953   26.436917923   14.553211329   25.029165520
   -1.919862177   -2.443460953   29.083500931   15.753722148   25.701517095
   -1.745329252   -2.443460953   31.981256397   17.635369821   26.661883643
   -1.570796327   -2.443460953   35.334499252   21.009632563   27.489083037
   -1.396263402   -2.443460953   39.396724647   25.623587871   27.620912707
   -1.221730476   -2.443460953   44.299341061   30.391855083   26.502228582
   -1.047197551   -2.443460953   49.936398663   33.762330764   23.766784098
   -0.872664626   -2.443460953   55.920729560   34.110862849   19.359968952
   -0.698131701   -2.443460953   61.611669926   30.257564080   13.568398535
   -0.523598776   -2.443460953   66.225492694   21.766476363    6.940627846
   -0.349065850   -2.443460953   68.980456033    9.105152681    0.147020824
   -0.174532925   -2.443460953   69.240706547   -6.583532554   -6.151930437
    0.000000000   -2.443460953   66.623108299  -23.529187065  -11.396705315
    0.174532925   -2.443460953   61.110472947  -39.282923346  -15.207774739
    0.349065850   -2.443460953   53.184384225  -50.579129783  -17.409925057
    0.523598776   -2.443460953   43.942918818  -53.739943287  -18.042551972
    0.698131701   -2.443460953   35.078774956  -45.963908089  -17.330198454
    0.872664626   -2.443460953   28.567666424  -27.024072155  -15.621026694
    1.047197551   -2.443460953   26.106464887   -0.441732958  -13.323987203
    1.221730476   -2.443460953   28.484581419   27.198369582  -10.821886872
    1.396263402   -2.443460953   35.235045842   48.558176751   -8.367595368
    1.570796327   -2.443460953   44.754305082   58.317698472   -6.016094280
    1.745329252   -2.443460953   54.816990996   54.847635857   -3.623931923
    1.919862177   -2.443460953   63.240380727   40.091188991   -0.950612040
    2.094395102   -2.443460953   68.402652615   18.278042426    2.207967814
    2.268928028   -2.443460953   69.500394861   -5.693361817    5.901773748
    2.443460953   -2.443460953   66.555608086  -27.395665210    9.985313915
    2.617993878   -2.443460953   60.274580201  -43.473197077   14.152396027
    2.792526803   -2.443460953   51.842174968  -51.853450722   18.026479117
    2.967059728   -2.443460953   42.683881113  -51.826503907   21.255437034

   -3.141592654   -2.094395102   40.632191256  -40.977162091   13.854866018
   -2.967059728   -2.094395102   34.448898670  -29.299155452   14.684329405
   -2.792526803   -2.094395102   30.546592596  -15.420730960   15.114157460
   -2.617993878   -2.094395102   29.013542037   -2.607186039   15.278535618
   -2.443460953   -2.094395102   29.443905715    6.838042506   15.298221176
   -2.268928028   -2.094395102   31.175433595   12.375999717   15.269546931
   -2.094395102   -2.094395102   33.595650796   14.981744518   15.236694958
   -1.919862177   -2.094395102   36.335054262   16.322378534   15.149496601
   -1.745329252   -2.094395102   39.301858301   17.731155795   14.840620877
   -1.570796327   -2.094395102   42.567188269   19.757228476   14.032524194
   -1.396263402   -2.094395102   46.226329345   22.129013598   12.411553248
   -1.221730476   -2.094395102   50.275143443   24.054237392    9.734143591
   -1.047197551   -2.094395102   54.548548426   24.528395042    5.951061309
   -0.872664626   -2.094395102   58.708063249   22.592555890    1.269016172
   -0.698131701   -2.094395102   62.269927832   17.611408591   -3.874214060
   -0.523598776   -2.094395102   64.680994766    9.423281747   -8.919002091
   -0.349065850   -2.094395102   65.408429064   -1.571572520  -13.327118463
   -0.174532925   -2.094395102   64.028133601  -14.563518652  -16.701345412
    0.000000000   -2.094395102   60.293708669  -28.306309665  -18.843441722
    0.174532925   -2.094395102   54.226504554  -40.904530792  -19.778882129
    0.349065850   -2.094395102   46.256918200  -49.561491298  -19.709657499
    0.523598776   -2.094395102   37.366931123  -50.864578320  -18.940141331
    0.698131701   -2.094395102   29.106391733  -42.041578679  -17.775665812
    0.872664626   -2.094395102   23.319168203  -22.738949974  -16.433048874
    1.047197551   -2.094395102   21.601832881    3.746091015  -15.010817751
    1.221730476   -2.094395102   24.686760278   31.104477030  -13.504763060
    1.396263402   -2.094395102   32.099923742   52.280778892  -11.835422848
    1.570796327   -2.094395102   42.276384859   62.190256699   -9.892464758
    1.745329252   -2.094395102   53.059375852   59.286959180   -7.573502709
    1.919862177   -2.094395102   62.332187138   45.408487808   -4.835193552
    2.094395102   -2.094395102   68.506141317   24.525181692   -1.725527070
    2.268928028   -2.094395102   70.759942786    1.230597669    1.604191799
    2.443460953   -2.094395102   69.049558471  -20.277813854    4.922802572
    2.617993878   -2.094395102   63.986609821  -36.733306127    7.973195253
    2.792526803   -2.094395102   56.659473923  -46.011925179   10.539829035
    2.967059728   -2.094395102   48.416512331  -47.241857665   12.504038006

   -3.141592654   -1.745329252   42.587990445  -39.789578150    4.842331957
   -2.967059728   -1.745329252   36.586137814  -28.377826382    5.266314615
   -2.792526803   -1.745329252   32.833485884  -14.622034980    5.640449179
   -2.617993878   -1.745329252   31.428025864   -1.963180720    5.935500012
   -2.443460953   -1.745329252   31.947691973    7.187833231    6.028796147
   -2.268928028   -1.745329252   33.700619601   12.238554611    5.761200920
   -2.094395102   -1.745329252   36.036861389   14.110705520    4.984928684
   -1.919862177   -1.745329252   38.537042310   14.391206165    3.587834928
   -1.745329252   -1.745329252   41.044960564   14.333560914    1.510454321
   -1.570796327   -1.745329252   43.560699069   14.519720540   -1.239026280
   -1.396263402   -1.745329252   46.131126676   14.898316229   -4.558720163
   -1.221730476   -1.745329252   48.759910043   15.106707053   -8.250396044
   -1.047197551   -1.745329252   51.375378845   14.651549269  -12.030748119
   -0.872664626   -1.745329252   53.815862673   12.990412170  -15.568903607
   -0.698131701   -1.745329252   55.822138146    9.600094882  -18.531073173
   -0.523598776   -1.745329252   57.054608704    4.074522093  -20.629388163
   -0.349065850   -1.745329252   57.123706425   -3.726396458  -21.673520175
   -0.174532925   -1.745329252   55.641933498  -13.635699555  -21.626766061
    0.000000000   -1.745329252   52.290473393  -25.003224121  -20.644962369
    0.174532925   -1.745329252   46.928833101  -36.317915170  -19.082639200
    0.349065850   -1.745329252   39.784079389  -44.880079820  -17.408455476
    0.523598776   -1.745329252   31.647404696  -47.034796047  -16.058592968
    0.698131701   -1.745329252   23.944698391  -39.501474464  -15.273034952
    0.872664626   -1.745329252   18.493992301  -21.355546464  -15.002472159
    1.047197551   -1.745329252   16.956701118    4.537190400  -14.948916387
    1.221730476   -1.745329252   20.182189370   32.035250198  -14.711784493
    1.396263402   -1.745329252   27.818159404   53.976928801  -13.944477660
    1.570796327   -1.745329252   38.386064791   64.998486612  -12.473033186
    1.745329252   -1.745329252   49.760680646   63.222957410  -10.322364712
    1.919862177   -1.745329252   59.801674387   50.200181133   -7.684951150
    2.094395102   -1.745329252   66.855170549   29.716890850   -4.846841030
    2.268928028   -1.745329252   70.012677865    6.300742507   -2.111801748
    2.443460953   -1.745329252   69.141970024  -15.799830485    0.265187170
    2.617993878   -1.745329252   64.784453984  -33.164271403    2.126589907
    2.792526803   -1.745329252   57.992982184  -43.439350776    3.438280712
    2.967059728   -1.745329252   50.123012562  -45.517376134    4.290559609

   -3.141592654   -1.396263402   41.649447182  -39.781115532    0.777363690
   -2.967059728   -1.396263402   35.672127557  -28.098372994    0.663734136
   -2.792526803   -1.396263402   31.989376217  -14.149756305    0.618195374
   -2.617993878   -1.396263402   30.656542171   -1.691185391    0.563590916
   -2.443460953   -1.396263402   31.166471826    6.707815596    0.297823583
   -2.268928028   -1.396263402   32.730093004   10.471841407   -0.444242130
   -2.094395102   -1.396263402   34.616081294   10.672329841   -1.924542511
   -1.919862177   -1.396263402   36.357412678    9.131558131   -4.325113180
   -1.745329252   -1.396263402   37.796635981    7.396864950   -7.668925317
   -1.570796327   -1.396263402   38.988378891    6.397401648  -11.757488179
   -1.396263402   -1.396263402   40.095362757    6.411086930  -16.169587295
   -1.221730476   -1.396263402   41.285877892    7.291989419  -20.349871380
   -1.047197551   -1.396263402   42.672498822    8.541393538  -23.749062678
   -0.872664626   -1.396263402   44.256920124    9.394674321  -25.949446922
   -0.698131701   -1.396263402   45.888558065    8.937025973  -26.727494131
   -0.523598776   -1.396263402   47.263429512    6.332392878  -26.056658117
   -0.349065850   -1.396263402   47.952453406    1.018848459  -24.095745021
   -0.174532925   -1.396263402   47.459097480   -7.214493824  -21.185270164
    0.000000000   -1.396263402   45.294439428  -18.034288967  -17.833481256
    0.174532925   -1.396263402   41.103294495  -30.089853584  -14.651104764
    0.349065850   -1.396263402   34.893614446  -40.556973654  -12.204859945
    0.523598776   -1.396263402   27.291891696  -45.283384196  -10.840586858
    0.698131701   -1.396263402   19.673374585  -40.206367321  -10.556071510
    0.872664626   -1.396263402   13.946680732  -23.618212527  -11.003017428
    1.047197551   -1.396263402   11.977188775    2.071843921  -11.631113729
    1.221730476   -1.396263402   14.854618829   30.689820453  -11.904280120
    1.396263402   -1.396263402   22.419903836   54.582372832  -11.472036658
    1.570796327   -1.396263402   33.279161547   67.685129033  -10.247166099
    1.745329252   -1.396263402   45.272222008   67.489824270   -8.375646060
    1.919862177   -1.396263402   56.134816738   55.181737459   -6.149442416
    2.094395102   -1.396263402   64.053723940   34.504419099   -3.905399532
    2.268928028   -1.396263402   67.977042911   10.193676563   -1.941800137
    2.443460953   -1.396263402   67.678651231  -13.161916728   -0.461502122
    2.617993878   -1.396263402   63.669483809  -31.780881371    0.457461018
    2.792526803   -1.396263402   57.030939019  -42.999159689    0.860570494
    2.967059728   -1.396263402   49.191502138  -45.537078270    0.902185414

   -3.141592654   -1.047197551   38.877681483  -41.766330019    2.315252978
   -2.967059728   -1.047197551   32.606684829  -29.447600314    1.165343574
   -2.792526803   -1.047197551   28.750652665  -14.813211123   -0.031913990
   -2.617993878   -1.047197551   27.340521151   -2.000808786   -1.248200991
   -2.443460953   -1.047197551   27.783343557    6.127673777   -2.581370718
   -2.268928028   -1.047197551   29.167006811    8.865493709   -4.240169667
   -2.094395102   -1.047197551   30.632637585    7.373363777   -6.493649557
   -1.919862177   -1.047197551   31.622568854    3.802958433   -9.555254949
   -1.745329252   -1.047197551   31.965926962    0.254861970  -13.434236286
   -1.570796327   -1.047197551   31.811501708   -1.692698062  -17.818787427
   -1.396263402   -1.047197551   31.521087362   -1.258812582  -22.095433577
   -1.221730476   -1.047197551   31.520391799    1.544007633  -25.519064365
   -1.047197551   -1.047197551   32.161479714    5.892664725  -27.462357791
   -0.872664626   -1.047197551   33.599286323   10.389251170  -27.599713911
   -0.698131701   -1.047197551   35.715972996   13.415745145  -25.958172758
   -0.523598776   -1.047197551   38.126981698   13.561504853  -22.853241307
   -0.349065850   -1.047197551   40.236215661    9.847961053  -18.788545476
   -0.174532925   -1.047197551   41.322210328    1.805493792  -14.370335006
    0.000000000   -1.047197551   40.640563759  -10.301631195  -10.228362132
    0.174532925   -1.047197551   37.591806675  -24.906925680   -6.899225153
    0.349065850   -1.047197551   32.008508373  -38.612943356   -4.696303573
    0.523598776   -1.047197551   24.468744684  -46.422475369   -3.622376116
    0.698131701   -1.047197551   16.451779333  -43.419512706   -3.391674999
    0.872664626   -1.047197551   10.094243058  -27.376577088   -3.564517944
    1.047197551   -1.047197551    7.535103943   -0.720669229   -3.722376179
    1.221730476   -1.047197551   10.088908164   29.869387054   -3.591061007
    1.396263402   -1.047197551   17.707896494   55.986939124   -3.062253007
    1.570796327   -1.047197551   28.979126619   70.873073189   -2.151823129
    1.745329252   -1.047197551   41.623281922   71.592740812   -0.948282167
    1.919862177   -1.047197551   53.210440203   59.220590296    0.418008321
    2.094395102   -1.047197551   61.767354854   37.661746608    1.783128633
    2.268928028   -1.047197551   66.125726179   11.969903596    2.964145437
    2.443460953   -1.047197551   66.003956636  -12.900894881    3.788332928
    2.617993878   -1.047197551   61.919857432  -32.846909314    4.132525531
    2.792526803   -1.047197551   55.010713615  -44.945706493    3.950299996
    2.967059728   -1.047197551   46.797092096  -47.790756482    3.300210035

   -3.141592654   -0.698131701   38.347861732  -45.736203495    2.418350085
   -2.967059728   -0.698131701   31.376093998  -33.443499928    0.250488276
   -2.792526803   -0.698131701   26.843472356  -18.539746408   -1.986000332
   -2.617993878   -0.698131701   24.810325706   -5.436776005   -4.166013987
   -2.443460953   -0.698131701   24.659506211    2.690038753   -6.299877058
   -2.268928028   -0.698131701   25.404410149    4.885231688   -8.544827889
   -2.094395102   -0.698131701   26.085585180    2.289247665  -11.148116236
   -1.919862177   -0.698131701   26.070644033   -2.620115491  -14.295198857
   -1.745329252   -0.698131701   25.201196509   -7.084472671  -17.926807090
   -1.570796327   -0.698131701   23.764777353   -8.802038668  -21.618568977
   -1.396263402   -0.698131701   22.365897680   -6.582065012  -24.651496132
   -1.221730476   -0.698131701   21.697282962   -0.600531553  -26.257818344
   -1.047197551   -0.698131701   22.299270912    7.632189583  -25.937368662
   -0.872664626   -0.698131701   24.372562829   15.828687400  -23.647655877
   -0.698131701   -0.698131701   27.698623998   21.630048879  -19.794481668
   -0.523598776   -0.698131701   31.690021693   23.210702118  -15.063598801
   -0.349065850   -0.698131701   35.501950119   19.468223385  -10.208092565
   -0.174532925   -0.698131701   38.164618942   10.041598020   -5.881235821
    0.000000000   -0.698131701   38.722484231   -4.464154438   -2.523456432
    0.174532925   -0.698131701   36.445675301  -21.914109615   -0.266673272
    0.349065850   -0.698131701   31.151959517  -38.183831693    1.079951788
    0.523598776   -0.698131701   23.528939662  -47.621916413    1.938764301
    0.698131701   -0.698131701   15.252051750  -45.007774635    2.758681359
    0.872664626   -0.698131701    8.665776183  -28.282964120    3.795035520
    1.047197551   -0.698131701    6.053968033   -0.388193588    5.012849015
    1.221730476   -0.698131701    8.777928403   31.437639188    6.176399111
    1.396263402   -0.698131701   16.753775877   58.424041836    7.044114720
    1.570796327   -0.698131701   28.492337990   73.708659790    7.526100732
    1.745329252   -0.698131701   41.635762422   74.415032151    7.701962979
    1.919862177   -0.698131701   53.689638917   61.697572445    7.726863260
    2.094395102   -0.698131701   62.627284798   39.501301465    7.707665427
    2.268928028   -0.698131701   67.230949203   12.902070623    7.635730532
    2.443460953   -0.698131701   67.175099136  -13.100579577    7.399795727
    2.617993878   -0.698131701   62.947906810  -34.297039466    6.844639412
    2.792526803   -0.698131701   55.681126813  -47.565894558    5.835722606
    2.967059728   -0.698131701   46.927352509  -51.301910734    4.335579242

   -3.141592654   -0.349065850   38.913631090  -51.107689844    2.837123102
   -2.967059728   -0.349065850   30.969426663  -39.122493565   -0.048764258
   -2.792526803   -0.349065850   25.454037845  -24.049854175   -2.980809558
   -2.617993878   -0.349065850   22.494401138  -10.527174231   -5.771503339
   -2.443460953   -0.349065850   21.487170675   -2.073818754   -8.368699083
   -2.268928028   -0.349065850   21.401510078    0.055143963  -10.878406605
   -2.094395102   -0.349065850   21.200987848   -3.034758083  -13.490688506
   -1.919862177   -0.349065850   20.203666807   -8.515724972  -16.306696939
   -1.745329252   -0.349065850   18.293406716  -12.949688959  -19.156835166
   -1.570796327   -0.349065850   15.924151005  -13.374910041  -21.527695426
   -1.396263402   -0.349065850   13.948734675   -8.377473604  -22.709393681
   -1.221730476   -0.349065850   13.290829868    1.422224260  -22.098034202
   -1.047197551   -0.349065850   14.593071585   13.556384751  -19.513860038
   -0.872664626   -0.349065850   17.978090399   24.703481645  -15.318267073
   -0.698131701   -0.349065850   22.995597498   31.829549451  -10.287631562
   -0.523598776   -0.349065850   28.753646483   32.967921643   -5.327807507
   -0.349065850   -0.349065850   34.119583963   27.314783663   -1.179432985
   -0.174532925   -0.349065850   37.916738491   15.101578725    1.762504488
    0.000000000   -0.349065850   39.102176743   -2.279488160    3.512917554
    0.174532925   -0.349065850   37.003427490  -21.874404080    4.479867462
    0.349065850   -0.349065850   31.626174257  -38.930312538    5.311439525
    0.523598776   -0.349065850   23.915757030  -47.665772933    6.639302504
    0.698131701   -0.349065850   15.771137191  -43.375471405    8.780778018
    0.872664626   -0.349065850    9.626956136  -24.942903079   11.556006818
    1.047197551   -0.349065850    7.691416768    3.824912749   14.364365128
    1.221730476   -0.349065850   11.141785568   35.357186133   16.499044888
    1.396263402   -0.349065850   19.708870603   61.181901189   17.497017959
    1.570796327   -0.349065850   31.805321836   75.063603916   17.323920806
    1.745329252   -0.349065850   45.081883310   74.664803436   16.302431718
    1.919862177   -0.349065850   57.117919647   61.324342306   14.887164456
    2.094395102   -0.349065850   65.961547879   38.829497015   13.437458390
    2.268928028   -0.349065850   70.425199255   11.950363125   12.098614524
    2.443460953   -0.349065850   70.161380798  -14.581853307   10.812344476
    2.617993878   -0.349065850   65.604075643  -36.663670064    9.397864906
    2.792526803   -0.349065850   57.829029310  -51.048377758    7.650576821
    2.967059728   -0.349065850   48.368667460  -55.880540957    5.455212326

   -3.141592654    0.000000000   40.086544800  -56.564770136    2.187245604
   -2.967059728    0.000000000   31.158683662  -44.857211307   -0.589327876
   -2.792526803    0.000000000   24.647673540  -29.654362622   -3.283207186
   -2.617993878    0.000000000   20.741162934  -15.748921374   -5.746002041
   -2.443460953    0.000000000   18.855217742   -6.945749258   -7.958831535
   -2.268928028    0.000000000   17.931295344   -4.724681295  -10.036353106
   -2.094395102    0.000000000   16.887187539   -7.928033004  -12.129967892
   -1.919862177    0.000000000   15.036298364  -13.315440101  -14.255127241
   -1.745329252    0.000000000   12.353164432  -16.808201473  -16.147884487
   -1.570796327    0.000000000    9.486981021  -14.973404786  -17.260407181
   -1.396263402    0.000000000    7.522461524   -6.487805372  -16.969809755
   -1.221730476    0.000000000    7.538892824    7.238758581  -14.895689859
   -1.047197551    0.000000000   10.153760839   22.558281964  -11.169187350
   -0.872664626    0.000000000   15.264504832   35.126258815   -6.454442738
   -0.698131701    0.000000000   22.069835050   41.537860651   -1.713153287
   -0.523598776    0.000000000   29.328363593   40.223443989    2.160978757
   -0.349065850    0.000000000   35.678437462   31.285832030    4.660880326
   -0.174532925    0.000000000   39.893173091   16.033424672    5.791492249
    0.000000000    0.000000000   41.058577150   -3.177393474    6.026328515
    0.174532925    0.000000000   38.771470518  -22.817511355    6.152089752
    0.349065850    0.000000000   33.359311103  -38.135491114    6.996558042
    0.523598776    0.000000000   26.027317656  -44.048966400    9.117926152
    0.698131701    0.000000000   18.760477092  -37.088233274   12.537210915
    0.872664626    0.000000000   13.853841290  -17.372457178   16.661742628
    1.047197551    0.000000000   13.206300686   10.674455812   20.504845404
    1.221730476    0.000000000   17.659241342   39.784321090   23.117371676
    1.396263402    0.000000000   26.727262574   62.478130509   23.978895741
    1.570796327    0.000000000   38.797299213   73.604402845   23.152239674
    1.745329252    0.000000000   51.651716299   71.486110385   21.139726787
    1.919862177    0.000000000   63.064065488   57.522442993   18.586359138
    2.094395102    0.000000000   71.245840072   35.126711975   16.008004064
    2.268928028    0.000000000   75.091489358    8.571098639   13.655399573
    2.443460953    0.000000000   74.254473469  -17.821983662   11.528845125
    2.617993878    0.000000000   69.116666977  -40.154815378    9.472554257
    2.792526803    0.000000000   60.684423982  -55.134466892    7.288690034
    2.967059728    0.000000000   50.444421546  -60.709820362    4.855839847

   -3.141592654    0.349065850   41.211823419  -61.384947751    1.181674502
   -2.967059728    0.349065850   31.432082095  -49.731114369   -0.560470485
   -2.792526803    0.349065850   24.089435704  -34.246429166   -2.090923342
   -2.617993878    0.349065850   19.423907712  -19.827619744   -3.406468869
   -2.443460953    0.349065850   16.872000977  -10.513489822   -4.580170450
   -2.268928028    0.349065850   15.356510729   -7.968247807   -5.741729782
   -2.094395102    0.349065850   13.762893299  -10.977489744   -6.992982387
   -1.919862177    0.349065850   11.409039266  -15.946454539   -8.288651793
   -1.745329252    0.349065850    8.351939427  -18.301189039   -9.363065542
   -1.570796327    0.349065850    5.396118635  -14.343071088   -9.774079077
   -1.396263402    0.349065850    3.783545768   -3.013981749   -9.098397500
   -1.221730476    0.349065850    4.654662713   13.456621550   -7.172688550
   -1.047197551    0.349065850    8.520906655   30.422884370   -4.254193247
   -0.872664626    0.349065850   15.021266811   42.867922385   -0.962351860
   -0.698131701    0.349065850   23.038316103   47.424261845    1.972943002
   -0.523598776    0.349065850   31.081621889   43.241185382    4.025581405
   -0.349065850    0.349065850   37.703071944   31.470607956    5.093284586
   -0.174532925    0.349065850   41.773486395   14.429776195    5.508327440
    0.000000000    0.349065850   42.625968157   -4.838959381    5.900316204
    0.174532925    0.349065850   40.182639613  -22.651032418    6.979694146
    0.349065850    0.349065850   35.069830331  -34.715495155    9.278375926
    0.523598776    0.349065850   28.655531389  -37.016382342   12.925687011
    0.698131701    0.349065850   22.867352419  -27.471050452   17.525078025
    0.872664626    0.349065850   19.714482257   -7.316909187   22.213630347
    1.047197551    0.349065850   20.680007012   18.730612175   25.954213910
    1.221730476    0.349065850   26.227645029   44.084203598   27.935955463
    1.396263402    0.349065850   35.674368742   62.561959066   27.857584526
    1.570796327    0.349065850   47.440239008   70.244984341   25.974933662
    1.745329252    0.349065850   59.510872783   66.124770460   22.902002757
    1.919862177    0.349065850   69.918586124   51.581272032   19.328127620
    2.094395102    0.349065850   77.085908516   29.548407929   15.792695917
    2.268928028    0.349065850   80.019236255    3.706688877   12.590267247
    2.443460953    0.349065850   78.389038112  -22.094151452    9.796835022
    2.617993878    0.349065850   72.532000672  -44.199252755    7.351109505
    2.792526803    0.349065850   63.386644633  -59.311293402    5.142414341
    2.967059728    0.349065850   52.387486658  -65.219041323    3.090842838

   -3.141592654    0.698131701   42.594831490  -63.915993599   -0.373549896
   -2.967059728    0.698131701   32.373941601  -52.235708215   -0.787863563
   -2.792526803    0.698131701   24.599645892  -36.665861313   -0.897248407
   -2.617993878    0.698131701   19.522912859  -22.108652796   -0.847592306
   -2.443460953    0.698131701   16.583900162  -12.669355803   -0.797133798
   -2.268928028    0.698131701   14.699301398  -10.043280076   -0.885800210
   -2.094395102    0.698131701   12.752044089  -12.931134506   -1.187919255
   -1.919862177    0.698131701   10.084057335  -17.525157303   -1.666479351
   -1.745329252    0.698131701    6.817554803  -19.024656319   -2.165945836
   -1.570796327    0.698131701    3.848174273  -13.702159156   -2.458382698
   -1.396263402    0.698131701    2.485379771   -0.796771975   -2.352471065
   -1.221730476    0.698131701    3.860027383   16.899747477   -1.796666496
   -1.047197551    0.698131701    8.372632376   34.207612134   -0.919663841
   -0.872664626    0.698131701   15.484146127   45.917567547    0.038339525
   -0.698131701    0.698131701   23.910754088   48.988809994    0.872749652
   -0.523598776    0.698131701   32.089084794   43.287549597    1.554923799
   -0.349065850    0.698131701   38.635957669   30.746509677    2.293210921
   -0.174532925    0.698131701   42.605171288   14.228639000    3.460700891
    0.000000000    0.698131701   43.571963569   -3.107013567    5.458948405
    0.174532925    0.698131701   41.680032182  -17.944354467    8.561794167
    0.349065850    0.698131701   37.674710775  -26.778894222   12.767379762
    0.523598776    0.698131701   32.878939723  -26.630716961   17.715514000
    0.698131701    0.698131701   28.994790880  -16.399801662   22.705302308
    0.872664626    0.698131701   27.671060652    2.190056996   26.843759815
    1.047197551    0.698131701   30.010343322   24.708203439   29.328668106
    1.221730476    0.698131701   36.211117631   45.531596455   29.733193030
    1.396263402    0.698131701   45.523495702   59.714054190   28.125037005
    1.570796327    0.698131701   56.500105940   64.300997560   24.988182627
    1.745329252    0.698131701   67.379614661   58.687513277   20.988654449
    1.919862177    0.698131701   76.467013719   44.093269296   16.749371291
    2.094395102    0.698131701   82.396421531   22.956655245   12.715187268
    2.268928028    0.698131701   84.289051521   -1.608199128    9.135154098
    2.443460953    0.698131701   81.839294916  -26.210777267    6.112277930
    2.617993878    0.698131701   75.344985049  -47.450877588    3.668744724
    2.792526803    0.698131701   65.679062364  -62.074927995    1.792834728
    2.967059728    0.698131701   54.215519046  -67.785266232    0.458425368

   -3.141592654    1.047197551   41.312236832  -63.744069365   -4.951521024
   -2.967059728    1.047197551   31.213411130  -51.066933921   -4.066424583
   -2.792526803    1.047197551   23.695529857  -34.975645642   -2.866513157
   -2.617993878    1.047197551   18.921982474  -20.396890897   -1.623159348
   -2.443460953    1.047197551   16.252729629  -11.336605110   -0.543665326
   -2.268928028    1.047197551   14.551421727   -9.288698435    0.258190548
   -2.094395102    1.047197551   12.684604072  -12.743850332    0.761523914
   -1.919862177    1.047197551   10.010008576  -17.755827641    1.001073675
   -1.745329252    1.047197551    6.680602999  -19.485323889    1.010828451
   -1.570796327    1.047197551    3.620592913  -14.269455136    0.793053798
   -1.396263402    1.047197551    2.151880003   -1.453640506    0.328212248
   -1.221730476    1.047197551    3.400415128   16.094432379   -0.366895962
   -1.047197551    1.047197551    7.756716988   33.218807239   -1.177904525
   -0.872664626    1.047197551   14.686466859   44.858853375   -1.871097580
   -0.698131701    1.047197551   22.947364510   48.231636031   -2.122641633
   -0.523598776    1.047197551   31.064370901   43.468221254   -1.588986023
   -0.349065850    1.047197551   37.780863167   32.635632369    0.017845509
   -0.174532925    1.047197551   42.279872440   18.496248216    2.853265556
    0.000000000    1.047197551   44.224619947    3.840894339    6.887474135
    0.174532925    1.047197551   43.763154043   -8.605642791   11.869454874
    0.349065850    1.047197551   41.531030271  -16.019671283   17.305230433
    0.523598776    1.047197551   38.626778959  -16.008744187   22.493789481
    0.698131701    1.047197551   36.451333635   -7.742473193   26.640545078
    0.872664626    1.047197551   36.349271289    7.321207836   29.045541500
    1.047197551    1.047197551   39.212381983   25.536814733   29.325405424
    1.221730476    1.047197551   45.191728089   42.283215421   27.540954932
    1.396263402    1.047197551   53.653557177   53.435091490   24.136619075
    1.570796327    1.047197551   63.369883269   56.361941769   19.750191721
    1.745329252    1.047197551   72.810700842   50.309455090   14.984537505
    1.919862177    1.047197551   80.460243558   36.089262675   10.287406366
    2.094395102    1.047197551   85.058067811   15.745337714    5.939944518
    2.268928028    1.047197551   85.775289400   -7.844932042    2.126733993
    2.443460953    1.047197551   82.329870613  -31.361319198   -1.004793326
    2.617993878    1.047197551   75.040317796  -51.381614193   -3.324959901
    2.792526803    1.047197551   64.804313568  -64.642986267   -4.741799489
    2.967059728    1.047197551   53.015056268  -68.922475160   -5.249957821

   -3.141592654    1.396263402   36.453678630  -62.196316376  -10.234941174
   -2.967059728    1.396263402   26.770158994  -47.945772109   -8.574630032
   -2.792526803    1.396263402   19.887796388  -30.928072912   -6.621635067
   -2.617993878    1.396263402   15.851462810  -16.099007510   -4.709307712
   -2.443460953    1.396263402   13.911409690   -7.353305522   -3.030805732
   -2.268928028    1.396263402   12.851027674   -5.966101233   -1.618284880
   -2.094395102    1.396263402   11.494191976  -10.237985102   -0.400396761
   -1.919862177    1.396263402    9.179024542  -16.165718651    0.678499181
   -1.745329252    1.396263402    6.035856393  -18.984469420    1.552276726
   -1.570796327    1.396263402    2.950979342  -15.099411837    2.029592160
   -1.396263402    1.396263402    1.212014096   -3.721886870    1.912807816
   -1.221730476    1.396263402    1.957778098   12.684969572    1.183246323
   -1.047197551    1.396263402    5.677394544   29.504343973    0.119070726
   -0.872664626    1.396263402   12.020527871   42.068346886   -0.749633504
   -0.698131701    1.396263402   19.969876006   47.647015898   -0.822787269
   -0.523598776    1.396263402   28.250057707   46.037689061    0.353047520
   -0.349065850    1.396263402   35.721551836   38.716776367    2.950437556
   -0.174532925    1.396263402   41.568936033   27.749788667    6.841159228
    0.000000000    1.396263402   45.336674345   15.260824486   11.644592663
    0.174532925    1.396263402   46.947857338    3.428159391   16.791424656
    0.349065850    1.396263402   46.735440814   -5.231411972   21.575240713
    0.523598776    1.396263402   45.471445288   -8.266666568   25.242028533
    0.698131701    1.396263402   44.282103881   -4.323720016   27.140381667
    0.872664626    1.396263402   44.367561859    6.086507034   26.908112806
    1.047197551    1.396263402   46.655339076   20.374893111   24.615412160
    1.221730476    1.396263402   51.493432000   34.628217202   20.747702246
    1.396263402    1.396263402   58.515338314   44.813659818   16.005404561
    1.570796327    1.396263402   66.724314721   47.822902509   11.046025132
    1.745329252    1.396263402   74.715404029   42.250738568    6.295554145
    1.919862177    1.396263402   80.998628828   28.462834326    1.937632510
    2.094395102    1.396263402   84.294164575    8.448499549   -1.984537775
    2.268928028    1.396263402   83.772982266  -14.686830042   -5.422299797
    2.443460953    1.396263402   79.201075085  -37.334809014   -8.247907216
    2.617993878    1.396263402   70.984840607  -55.917475312  -10.264490840
    2.792526803    1.396263402   60.118092461  -67.255210268  -11.282727081
    2.967059728    1.396263402   48.057812246  -69.385956680  -11.235506247

   -3.141592654    1.745329252   30.376934985  -59.310994387  -16.606108539
   -2.967059728    1.745329252   21.328267073  -43.686634471  -15.113078503
   -2.792526803    1.745329252   15.247455860  -26.141642720  -13.184149880
   -2.617993878    1.745329252   12.038036010  -11.505592218  -11.065021611
   -2.443460953    1.745329252   10.851090198   -3.352926812   -8.892105202
   -2.268928028    1.745329252   10.431770937   -2.610674718   -6.679678925
   -2.094395102    1.745329252    9.611954623   -7.427878920   -4.370343394
   -1.919862177    1.745329252    7.739834516  -13.933345195   -1.952044633
   -1.745329252    1.745329252    4.915209039  -17.647420569    0.431165110
   -1.570796327    1.745329252    1.952456546  -15.114428665    2.469707282
   -1.396263402    1.745329252    0.077281513   -5.261093711    3.829871778
   -1.221730476    1.745329252    0.453271791   10.124184422    4.378772184
   -1.047197551    1.745329252    3.722720032   27.144133523    4.340999555
   -0.872664626    1.745329252    9.783878651   41.443825337    4.252721261
   -0.698131701    1.745329252   17.869724583   49.987977971    4.733311482
   -0.523598776    1.745329252   26.856236301   51.786906053    6.213108638
   -0.349065850    1.745329252   35.602160968   47.423721160    8.766835482
   -0.174532925    1.745329252   43.145450011   38.232428212   12.118138487
    0.000000000    1.745329252   48.781971989   25.902155874   15.737864787
    0.174532925    1.745329252   52.136367604   12.465965292   18.969065534
    0.349065850    1.745329252   53.242407315    0.600595268   21.136684590
    0.523598776    1.745329252   52.630509032   -6.739909509   21.677778423
    0.698131701    1.745329252   51.305588243   -7.354631741   20.298430229
    0.872664626    1.745329252   50.512759873   -0.740613127   17.110540681
    1.047197551    1.745329252   51.387506943   11.301600286   12.649180499
    1.221730476    1.745329252   54.575400785   25.055781388    7.701100300
    1.396263402    1.745329252   59.983145116   36.038287992    3.000517577
    1.570796327    1.745329252   66.771382875   40.324712673   -1.027673118
    1.745329252    1.745329252   73.551720623   35.797110822   -4.348686129
    1.919862177    1.745329252   78.760848776   22.522073429   -7.183301425
    2.094395102    1.745329252   81.034063373    2.653871040   -9.788725636
    2.268928028    1.745329252   79.514355335  -20.275249510  -12.268599249
    2.443460953    1.745329252   74.018020850  -42.222913919  -14.518974184
    2.617993878    1.745329252   65.060662689  -59.383284503  -16.288134083
    2.792526803    1.745329252   53.758532112  -68.683654052  -17.300670823
    2.967059728    1.745329252   41.647236896  -68.531026725  -17.399977022

   -3.141592654    2.094395102   23.481703937  -57.457236791  -18.259460759
   -2.967059728    2.094395102   14.861678944  -40.707825367  -16.850228946
   -2.792526803    2.094395102    9.364365369  -22.515312163  -14.929937050
   -2.617993878    2.094395102    6.817006099   -7.591491762  -12.696043065
   -2.443460953    2.094395102    6.326156332    0.699921476  -10.256782089
   -2.268928028    2.094395102    6.629992878    1.637871580   -7.605860329
   -2.094395102    2.094395102    6.577314758   -2.882188728   -4.660214840
   -1.919862177    2.094395102    5.521652370   -9.167787777   -1.377498855
   -1.745329252    2.094395102    3.522323811  -13.053858991    2.114294594
   -1.570796327    2.094395102    1.304387409  -11.279658083    5.479768101
   -1.396263402    2.094395102    0.000000000   -2.600643559    8.302169792
   -1.221730476    2.094395102    0.743541634   11.741632030   10.312972946
   -1.047197551    2.094395102    4.256643535   28.477651504   11.567155885
   -0.872664626    2.094395102   10.603362923   43.555378031   12.421362178
   -0.698131701    2.094395102   19.190192727   53.713201672   13.318742332
   -0.523598776    2.094395102   28.986552680   57.301579724   14.530858869
   -0.349065850    2.094395102   38.815625948   54.166975783   16.007967658
   -0.174532925    2.094395102   47.563335000   45.067197750   17.413765125
    0.000000000    2.094395102   54.299543427   31.425518576   18.252277672
    0.174532925    2.094395102   58.403020993   15.310543902   18.016026458
    0.349065850    2.094395102   59.692859492   -0.266665074   16.317964489
    0.523598776    2.094395102   58.570593676  -11.708491250   13.021578421
    0.698131701    2.094395102   56.049720069  -15.915988739    8.352886940
    0.872664626    2.094395102   53.546211659  -11.482367958    2.928094485
    1.047197551    2.094395102   52.495006510    0.299603791   -2.386920430
    1.221730476    2.094395102   53.870966597   15.528011462   -6.777388735
    1.396263402    2.094395102   57.819233642   28.910438149   -9.795753699
    1.570796327    2.094395102   63.572223207   35.499076051  -11.508533723
    1.745329252    2.094395102   69.652941945   32.439861613  -12.392397652
    1.919862177    2.094395102   74.328811349   19.621138352  -13.054028562
    2.094395102    2.094395102   76.081265591   -0.468485850  -13.946134804
    2.268928028    2.094395102   73.984448771  -23.724551754  -15.208650431
    2.443460953    2.094395102   67.884234675  -45.586532083  -16.680863591
    2.617993878    2.094395102   58.394603920  -61.989694858  -18.021647177
    2.792526803    2.094395102   46.747059620  -69.948233682  -18.865333660
    2.967059728    2.094395102   34.554485659  -68.179040693  -18.966753333

   -3.141592654    2.443460953   17.352583381  -56.374169874  -12.361411287
   -2.967059728    2.443460953    9.019793088  -38.530184769  -10.978741245
   -2.792526803    2.443460953    3.986114818  -19.419225417   -9.273474432
   -2.617993878    2.443460953    2.048463306   -3.722635608   -7.356866862
   -2.443460953    2.443460953    2.296341693    5.292898153   -5.250503728
   -2.268928028    2.443460953    3.469728317    7.019378500   -2.867808657
   -2.094395102    2.443460953    4.431831649    3.362922751   -0.046274692
   -1.919862177    2.443460953    4.536552831   -2.164542167    3.344443938
   -1.745329252    2.443460953    3.796991179   -5.729969539    7.263611056
   -1.570796327    2.443460953    2.835568342   -4.339361528   11.420518678
   -1.396263402    2.443460953    2.659497275    3.292733391   15.343528192
   -1.221730476    2.443460953    4.317897642   16.325121586   18.569842311
   -1.047197551    2.443460953    8.533129014   32.015748741   20.839915767
   -0.872664626    2.443460953   15.446386766   46.600648174   22.157238660
   -0.698131701    2.443460953   24.553966901   56.669113605   22.678959346
   -0.523598776    2.443460953   34.855598996   60.065241248   22.538616391
   -0.349065850    2.443460953   45.108058097   56.110647745   21.720471044
   -0.174532925    2.443460953   54.055718205   45.247382216   20.071516678
    0.000000000    2.443460953   60.601026651   28.918209830   17.387388400
    0.174532925    2.443460953   63.986012129    9.522117779   13.523128034
    0.349065850    2.443460953   63.972964524   -9.349784588    8.497572998
    0.523598776    2.443460953   61.025078848  -23.347488770    2.582477427
    0.698131701    2.443460953   56.353263612  -28.611897884   -3.656558125
    0.872664626    2.443460953   51.682582354  -23.275895252   -9.420316961
    1.047197551    2.443460953   48.787726697   -8.776800035  -13.889413354
    1.221730476    2.443460953   48.897893109   10.177351439  -16.525005372
    1.396263402    2.443460953   52.234324848   27.135360127  -17.286166015
    1.570796327    2.443460953   57.910701284   36.159990708  -16.637768476
    1.745329252    2.443460953   64.204950578   33.976889020  -15.325361814
    1.919862177    2.443460953   69.123986811   20.703537630  -14.066480764
    2.094395102    2.443460953   70.968685025   -0.536769177  -13.305880887
    2.268928028    2.443460953   68.754254642  -24.945141019  -13.136315001
    2.443460953    2.443460953   62.374400018  -47.456987701  -13.367822526
    2.617993878    2.443460953   52.552217342  -63.804286476  -13.669794325
    2.792526803    2.443460953   40.639152142  -71.089696763  -13.715794637
    2.967059728    2.443460953   28.336620892  -68.264503036  -13.298413528

   -3.141592654    2.792526803   14.675824403  -54.954820313    1.411660856
   -2.967059728    2.792526803    6.620064507  -36.790677940    3.004208014
   -2.792526803    2.792526803    1.917018273  -17.372877477    4.404303885
   -2.617993878    2.792526803    0.369853543   -1.271525957    5.639160294
   -2.443460953    2.792526803    1.097014200    8.376554223    6.866852481
   -2.268928028    2.792526803    2.888165261   11.069400168    8.344677953
   -2.094395102    2.792526803    4.667459065    8.719885807   10.360090129
   -1.919862177    2.792526803    5.835327226    4.657410642   13.119312220
   -1.745329252    2.792526803    6.401201957    2.325418862   16.622695396
   -1.570796327    2.792526803    6.906935040    4.266283206   20.584876417
   -1.396263402    2.792526803    8.211240051   11.478217920   24.479118660
   -1.221730476    2.792526803   11.191911676   23.153822829   27.696212156
   -1.047197551    2.792526803   16.431872084   36.857882412   29.743828352
   -0.872664626    2.792526803   23.994180452   49.172291491   30.365826647
   -0.698131701    2.792526803   33.344402411   56.866646673   29.530774497
   -0.523598776    2.792526803   43.464178849   57.750640697   27.335613420
   -0.349065850    2.792526803   53.078687722   51.077032737   23.907120526
   -0.174532925    2.792526803   60.897412784   37.333309998   19.381364144
    0.000000000    2.792526803   65.813838100   18.210524175   13.927092107
    0.174532925    2.792526803   67.120216324   -3.466182966    7.780708281
    0.349065850    2.792526803   64.711524715  -23.597025659    1.289609754
    0.523598776    2.792526803   59.271933757  -37.367769950   -5.061494139
    0.698131701    2.792526803   52.299056639  -40.653869699  -10.664883718
    0.872664626    2.792526803   45.817879999  -31.741505485  -14.883888857
    1.047197551    2.792526803   41.831035055  -12.742743967  -17.247566728
    1.221730476    2.792526803   41.640744125   10.599280099  -17.654873825
    1.396263402    2.792526803   45.356501972   30.816144784  -16.440460659
    1.570796327    2.792526803   51.837041330   41.412772598  -14.252425515
    1.745329252    2.792526803   59.062922242   39.175170300  -11.783603108
    1.919862177    2.792526803   64.800736323   24.779865982   -9.535618307
    2.094395102    2.792526803   67.227914123    2.067431514   -7.703718052
    2.268928028    2.792526803   65.352850122  -23.585246311   -6.222353090
    2.443460953    2.792526803   59.139440211  -46.814258703   -4.891331584
    2.617993878    2.792526803   49.407756390  -63.329949962   -3.512211838
    2.792526803    2.792526803   37.592455384  -70.407604977   -1.973578822
    2.967059728    2.792526803   25.441648002  -67.213713375   -0.294081336
