#! FIELDS phi psi file.free der_phi der_psi
#! SET min_phi -pi
#! SET max_phi pi
#! SET nbins_phi  36
#! SET periodic_phi true
#! SET min_psi -pi
#! SET max_psi pi
#! SET nbins_psi  18
#! SET periodic_psi true
   -3.141592654   -3.141592654   17.485588415  -53.209433187   16.880429140
   -2.967059728   -3.141592654    9.662916597  -35.811437002   19.085565018
   -2.792526803   -3.141592654    5.090918562  -16.761606725   20.515907118
   -2.617993878   -3.141592654    3.653581342   -0.532464435   21.237201331
   -2.443460953   -3.141592654    4.556990192    9.740187121   21.544587083
   -2.268928028   -3.141592654    6.673098099   13.500177251   21.882650799
   -2.094395102   -3.141592654    8.996878146   12.584050226   22.695835965
   -1.919862177   -3.141592654   10.979692444   10.146156152   24.268501502
   -1.745329252   -3.141592654   12.635611576    9.269701845   26.604019318
   -1.570796327   -3.141592654   14.431969762   11.954750524   29.376522770
   -1.396263402   -3.141592654   17.055721059   18.683149307   31.999421685
   -1.221730476   -3.141592654   21.141320929   28.375424210   33.785519581
   -1.047197551   -3.141592654   27.016077419   38.732679581   34.158777951
   -0.872664626   -3.141592654   34.545271559   46.844218421   32.807701137
   -0.698131701   -3.141592654   43.103858559   50.167193477   29.735247257
   -0.523598776   -3.141592654   51.704636768   47.190564691   25.196911863
   -0.349065850   -3.141592654   59.211920526   37.710616346   19.583672007
   -0.174532925   -3.141592654   64.550850053   22.543606567   13.335971598
    0.000000000   -3.141592654   66.866473677    3.440727140    6.890922012
    0.174532925   -3.141592654   65.692199968  -16.913898126    0.649580118
    0.349065850   -3.141592654   61.128643104  -34.673409274   -5.014943656
    0.523598776   -3.141592654   54.022582376  -45.255847230   -9.747690860
    0.698131701   -3.141592654   45.994159329  -44.765376856  -13.217039909
    0.872664626   -3.141592654   39.142296485  -31.864101038  -15.162219548
    1.047197551   -3.141592654   35.456132771   -9.282244541  -15.498919052
    1.221730476   -3.141592654   36.103837307   16.529366322  -14.405605094
    1.396263402   -3.141592654   40.956635422   37.669648831  -12.290668953
    1.570796327   -3.141592654   48.607455018   47.803833558   -9.649030874
    1.745329252   -3.141592654   56.849043348   44.389873670   -6.868282865
    1.919862177   -3.141592654   63.395141954   28.908842914   -4.128875044
    2.094395102   -3.141592654   66.488227625    5.681100477   -1.414041404
    2.268928028   -3.141592654   65.240923023  -19.931940302    1.385794484
    2.443460953   -3.141592654   59.685704393  -42.934072415    4.368279684
    2.617993878   -3.141592654   50.637649849  -59.432281090    7.549400003
    2.792526803   -3.141592654   39.472902078  -66.928149023   10.842257098
    2.967059728   -3.141592654   27.864777578  -64.534659729   14.044601634

   -3.141592654   -2.792526803   25.017459486  -48.618598010   24.947500049
   -2.967059728   -2.792526803   17.828754167  -33.168011677   26.986906328
   -2.792526803   -2.792526803   13.550961505  -15.983580398   27.968134850
   -2.617993878   -2.792526803   12.123041929   -1.080463623   28.121602252
   -2.443460953   -2.792526803   12.878310405    8.751576480   27.889963544
   -2.268928028   -2.792526803   14.855192284   13.045846334   27.795587922
   -2.094395102   -2.792526803   17.206582962   13.454986518   28.261317120
   -1.919862177   -2.792526803   19.487755048   12.715583633   29.462446532
   -1.745329252   -2.792526803   21.729629883   13.331922534   31.257200851
   -1.570796327   -2.792526803   24.309511386   16.693626924   33.197499820
   -1.396263402   -2.792526803   27.726909401   22.800478907   34.640034539
   -1.221730476   -2.792526803   32.368377581   30.404526075   34.912976573
   -1.047197551   -2.792526803   38.321005365   37.445011212   33.519544192
   -0.872664626   -2.792526803   45.284004862   41.609375461   30.276438387
   -0.698131701   -2.792526803   52.586017541   41.093841182   25.354238713
   -0.523598776   -2.792526803   59.318994790   35.040031087   19.200862611
   -0.349065850   -2.792526803   64.522377668   23.691276796   12.399557579
   -0.174532925   -2.792526803   67.352893437    8.068516888    5.545045214
    0.000000000   -2.792526803   67.203425206  -10.109781522   -0.831495213
    0.174532925   -2.792526803   63.832338235  -28.358062722   -6.308671250
    0.349065850   -2.792526803   57.518989085  -43.160996754  -10.571693003
    0.523598776   -2.792526803   49.225237868  -50.328071210  -13.417082408
    0.698131701   -2.792526803   40.615320409  -46.372894321  -14.765146725
    0.872664626   -2.792526803   33.759124669  -30.389054386  -14.682143653
    1.047197551   -2.792526803   30.544009895   -5.501845683  -13.410603506
    1.221730476   -2.792526803   31.979354603   21.617414954  -11.341270238
    1.396263402   -2.792526803   37.764424793   43.141339802   -8.893696361
    1.570796327   -2.792526803   46.360478412   53.123801431   -6.365943137
    1.745329252   -2.792526803   55.510663668   49.514499586   -3.827528398
    1.919862177   -2.792526803   62.956601096   34.167441845   -1.146890250
    2.094395102   -2.792526803   67.010087363   11.481409417    1.889026355
    2.268928028   -2.792526803   66.841424450  -13.366871997    5.424817816
    2.443460953   -2.792526803   62.495459784  -35.695804293    9.443147889
    2.617993878   -2.792526803   54.743489009  -51.908351491   13.750367267
    2.792526803   -2.792526803   44.874628257  -59.726531931   18.025638308
    2.967059728   -2.792526803   34.447049481  -58.338334811   21.880561469

   -3.141592654   -2.443460953   33.607497779  -43.882406518   23.135857788
   -2.967059728   -2.443460953   27.071884461  -30.425167691   24.846565938
   -2.792526803   -2.443460953   23.113205146  -14.993966797   25.663353397
   -2.617993878   -2.443460953   21.749755699   -1.197860891   25.797582525
   -2.443460953   -2.443460953   22.452215550    8.414780039   25.587793256
   -2.268928028   -2.443460953   24.412953590   13.312227197   25.403328981
   -2.094395102   -2.443460953   26.901019509   14.789511292   25.515022386
   -1.919862177   -2.443460953   29.507110568   15.047918285   25.987265090
   -1.745329252   -2.443460953   32.199745664   16.019485525   26.640605067
   -1.570796327   -2.443460953   35.202964911   18.660989622   27.079107884
   -1.396263402   -2.443460953   38.809156933   22.797367795   26.802359289
   -1.221730476   -2.443460953   43.195902085   27.358527053   25.346468894
   -1.047197551   -2.443460953   48.304366621   30.793418261   22.443106115
   -0.872664626   -2.443460953   53.797303029   31.512810207   18.107239763
   -0.698131701   -2.443460953   59.092818262   28.397353582   12.641895681
   -0.523598776   -2.443460953   63.474623903   21.041647989    6.549939758
   -0.349065850   -2.443460953   66.224734947    9.816753166    0.401982250
   -0.174532925   -2.443460953   66.738870378   -4.399097163   -5.275439150
    0.000000000   -2.443460953   64.606896084  -20.229896450  -10.061543503
    0.174532925   -2.443460953   59.716324344  -35.581907544  -13.681903798
    0.349065850   -2.443460953   52.408752947  -47.317131430  -16.000952701
    0.523598776   -2.443460953   43.648619967  -51.551403998  -17.015699710
    0.698131701   -2.443460953   35.054674031  -45.035141429  -16.839691789
    0.872664626   -2.443460953   28.612715151  -27.078796461  -15.683593112
    1.047197551   -2.443460953   26.092746500   -0.966686887  -13.840451839
    1.221730476   -2.443460953   28.370237618   26.626280526  -11.633698139
    1.396263402   -2.443460953   35.029448637   48.093258568   -9.320066048
    1.570796327   -2.443460953   44.472583143   57.896586026   -7.002646119
    1.745329252   -2.443460953   54.458355976   54.384478256   -4.600499823
    1.919862177   -2.443460953   62.797949631   39.612748721   -1.923276492
    2.094395102   -2.443460953   67.882920849   17.893013397    1.210192979
    2.268928028   -2.443460953   68.926774448   -5.912605944    4.856554833
    2.443460953   -2.443460953   65.955028470  -27.492359188    8.901056597
    2.617993878   -2.443460953   59.659814186  -43.538814771   13.080681534
    2.792526803   -2.443460953   51.214134294  -51.924439234   17.058365269
    2.967059728   -2.443460953   42.048178177  -51.811177871   20.498426220

   -3.141592654   -2.094395102   40.070702661  -40.084257894   14.134900086
   -2.967059728   -2.094395102   34.074467606  -28.040974604   15.220701373
   -2.792526803   -2.094395102   30.419148851  -13.858395335   15.835542577
   -2.617993878   -2.094395102   29.170563411   -0.944504264   16.092881642
   -2.443460953   -2.094395102   29.876038351    8.277632884   16.121888039
   -2.268928028   -2.094395102   31.811313079   13.214735307   16.042044206
   -2.094395102   -2.094395102   34.300762930   14.900655308   15.915427011
   -1.919862177   -2.094395102   36.931697693   15.156311996   15.696982761
   -1.745329252   -2.094395102   39.602314003   15.539840762   15.221477520
   -1.570796327   -2.094395102   42.412956710   16.804664895   14.229114766
   -1.396263402   -2.094395102   45.518846501   18.820221298   12.453294140
   -1.221730476   -2.094395102   48.991069161   20.835654807    9.717404300
   -1.047197551   -2.094395102   52.739600349   21.802512625    6.032476092
   -0.872664626   -2.094395102   56.490364292   20.693150549    1.625522577
   -0.698131701   -2.094395102   59.812070893   16.805497270   -3.101809582
   -0.523598776   -2.094395102   62.191527286    9.899755715   -7.676466646
   -0.349065850   -2.094395102   63.117103635    0.218720699  -11.673694562
   -0.174532925   -2.094395102   62.148658107  -11.688360290  -14.806280700
    0.000000000   -2.094395102   58.971993757  -24.891158500  -16.953123246
    0.174532925   -2.094395102   53.492144865  -37.710325921  -18.157095171
    0.349065850   -2.094395102   46.005901716  -47.308037374  -18.567963632
    0.523598776   -2.094395102   37.395410753  -49.929988720  -18.377380506
    0.698131701   -2.094395102   29.187018403  -42.309632638  -17.751699148
    0.872664626   -2.094395102   23.283434708  -23.692905738  -16.791945804
    1.047197551   -2.094395102   21.385205059    2.724527208  -15.543507367
    1.221730476   -2.094395102   24.315967884   30.397652178  -14.024568785
    1.396263402   -2.094395102   31.636331156   51.906047073  -12.234052235
    1.570796327   -2.094395102   41.760262579   61.925236119  -10.155960544
    1.745329252   -2.094395102   52.490320654   58.929006733   -7.760226748
    1.919862177   -2.094395102   61.689456079   44.940994705   -5.031118692
    2.094395102   -2.094395102   67.781199879   24.083978278   -1.998144821
    2.268928028   -2.094395102   69.970603908    0.963686543    1.237287192
    2.443460953   -2.094395102   68.232254188  -20.323124922    4.503893698
    2.617993878   -2.094395102   63.178206736  -36.577488250    7.592220499
    2.792526803   -2.094395102   55.893334143  -45.670426318   10.305367880
    2.967059728   -2.094395102   47.728682261  -46.667100718   12.506468995

   -3.141592654   -1.745329252   42.274961636  -38.518767091    5.443688175
   -2.967059728   -1.745329252   36.517424457  -26.853599546    5.991334217
   -2.792526803   -1.745329252   33.044840629  -12.948355540    6.397830307
   -2.617993878   -1.745329252   31.930541314   -0.328565449    6.646151978
   -2.443460953   -1.745329252   32.711783845    8.510537940    6.654540101
   -2.268928028   -1.745329252   34.644070979   12.921326278    6.311445709
   -2.094395102   -1.745329252   37.021148942   13.861985298    5.500499799
   -1.919862177   -1.745329252   39.383386748   13.056922111    4.116465271
   -1.745329252   -1.745329252   41.567237984   11.998131334    2.092392034
   -1.570796327   -1.745329252   43.609878157   11.515337142   -0.568272256
   -1.396263402   -1.745329252   45.633748876   11.736289966   -3.752572631
   -1.221730476   -1.745329252   47.736190264   12.329355562   -7.241641440
   -1.047197551   -1.745329252   49.931431145   12.677906951  -10.741978469
   -0.872664626   -1.745329252   52.114880512   12.050182803  -13.945683712
   -0.698131701   -1.745329252   54.051582873    9.748396075  -16.580800848
   -0.523598776   -1.745329252   55.399670114    5.241998927  -18.446083479
   -0.349065850   -1.745329252   55.747618202   -1.732173151  -19.435840000
   -0.174532925   -1.745329252   54.661200068  -11.162991746  -19.567907926
    0.000000000   -1.745329252   51.745119432  -22.570117994  -19.001844620
    0.174532925   -1.745329252   46.760503566  -34.511113671  -18.033438738
    0.349065850   -1.745329252   39.841867966  -44.132969172  -17.019217819
    0.523598776   -1.745329252   31.734972518  -47.403414725  -16.256898302
    0.698131701   -1.745329252   23.894482285  -40.609752098  -15.863789126
    0.872664626   -1.745329252   18.230828430  -22.571692496  -15.725873660
    1.047197551   -1.745329252   16.514201223    3.771935585  -15.559328219
    1.221730476   -1.745329252   19.661754133   31.905082392  -15.046895695
    1.396263402   -1.745329252   27.315035853   54.247256304  -13.959267055
    1.570796327   -1.745329252   37.932591357   65.232250541  -12.229465766
    1.745329252   -1.745329252   49.319408849   63.105014660   -9.947150452
    1.919862177   -1.745329252   59.305590878   49.720228413   -7.313803228
    2.094395102   -1.745329252   66.259303009   29.109868365   -4.574546539
    2.268928028   -1.745329252   69.320255350    5.856245836   -1.962548214
    2.443460953   -1.745329252   68.399187368  -15.906709532    0.340684628
    2.617993878   -1.745329252   64.055654405  -32.884794350    2.226119564
    2.792526803   -1.745329252   57.344151992  -42.798871758    3.664175681
    2.967059728   -1.745329252   49.614588904  -44.548169044    4.705486657

   -3.141592654   -1.396263402   41.544049248  -38.379529927    1.072650353
   -2.967059728   -1.396263402   35.825553833  -26.546630058    0.974508836
   -2.792526803   -1.396263402   32.417113768  -12.565837050    0.840423008
   -2.617993878   -1.396263402   31.352550142   -0.217951042    0.634065153
   -2.443460953   -1.396263402   32.095179558    7.875356817    0.220411506
   -2.268928028   -1.396263402   33.817077225   11.079246459   -0.601152673
   -2.094395102   -1.396263402   35.741353143   10.474430330   -2.053617979
   -1.919862177   -1.396263402   37.366149269    7.993817601   -4.314004524
   -1.745329252   -1.396263402   38.528872235    5.411477606   -7.424645169
   -1.570796327   -1.396263402   39.322987508    3.910263035  -11.215904937
   -1.396263402   -1.396263402   39.989186615    3.943596738  -15.291187369
   -1.221730476   -1.396263402   40.788434257    5.359329513  -19.114621107
   -1.047197551   -1.396263402   41.908646311    7.463162303  -22.161168377
   -0.872664626   -1.396263402   43.384553419    9.227867267  -24.054980974
   -0.698131701   -1.396263402   45.055993636    9.531783311  -24.633423620
   -0.523598776   -1.396263402   46.582843669    7.448179054  -23.937042981
   -0.349065850   -1.396263402   47.491671751    2.385335348  -22.173507828
   -0.174532925   -1.396263402   47.236503537   -5.897240062  -19.689441744
    0.000000000   -1.396263402   45.271489645  -17.108569616  -16.942349832
    0.174532925   -1.396263402   41.182751041  -29.871724193  -14.438125987
    0.349065850   -1.396263402   34.937298806  -41.171403579  -12.609484598
    0.523598776   -1.396263402   27.167584441  -46.519919457  -11.677268259
    0.698131701   -1.396263402   19.314666497  -41.542523133  -11.562046001
    0.872664626   -1.396263402   13.390858270  -24.442496718  -11.910237846
    1.047197551   -1.396263402   11.352525482    2.141920527  -12.237663876
    1.221730476   -1.396263402   14.317105666   31.569047090  -12.120835067
    1.396263402   -1.396263402   22.070678418   55.763084703  -11.330375101
    1.570796327   -1.396263402   33.114269928   68.528608794   -9.871508258
    1.745329252   -1.396263402   45.192530778   67.595693723   -7.932069134
    1.919862177   -1.396263402   56.007400707   54.575315403   -5.789416738
    2.094395102   -1.396263402   63.782730606   33.549877356   -3.718766904
    2.268928028   -1.396263402   67.542064596    9.353528435   -1.932908222
    2.443460953   -1.396263402   67.131743847  -13.558403149   -0.555825330
    2.617993878   -1.396263402   63.102015512  -31.603819128    0.375563721
    2.792526803   -1.396263402   56.541675256  -42.287537539    0.891969164
    2.967059728   -1.396263402   48.864154819  -44.411528265    1.085610657

   -3.141592654   -1.047197551   38.969001732  -40.400829766    2.024794735
   -2.967059728   -1.047197551   32.933499374  -28.126234115    0.874450288
   -2.792526803   -1.047197551   29.297490532  -13.604911139   -0.444999473
   -2.617993878   -1.047197551   28.085763845   -0.929483182   -1.846847787
   -2.443460953   -1.047197551   28.698962420    7.005234379   -3.346209804
   -2.268928028   -1.047197551   30.208352551    9.404939367   -5.078892734
   -2.094395102   -1.047197551   31.724205697    7.383824311   -7.273519971
   -1.919862177   -1.047197551   32.658230286    3.146924426  -10.142062390
   -1.745329252   -1.047197551   32.829535946   -1.026384492  -13.721396571
   -1.570796327   -1.047197551   32.414129762   -3.333652458  -17.743494203
   -1.396263402   -1.047197551   31.835899600   -2.837294026  -21.640499306
   -1.221730476   -1.047197551   31.594424874    0.427472753  -24.708231049
   -1.047197551   -1.047197551   32.095758958    5.428426561  -26.357412933
   -0.872664626   -1.047197551   33.505027769   10.504839588  -26.303335357
   -0.698131701   -1.047197551   35.674017462   13.857497461  -24.616568904
   -0.523598776   -1.047197551   38.168553726   14.045027993  -21.649275803
   -0.349065850   -1.047197551   40.348092474   10.149651333  -17.915660348
   -0.174532925   -1.047197551   41.459043410    1.776615508  -13.988084878
    0.000000000   -1.047197551   40.734532610  -10.764834878  -10.413405662
    0.174532925   -1.047197551   37.561963564  -25.847677625   -7.611989788
    0.349065850   -1.047197551   31.778211820  -39.923756383   -5.780947777
    0.523598776   -1.047197551   23.999189606  -47.770155803   -4.844484187
    0.698131701   -1.047197551   15.778913079  -44.303648877   -4.500487570
    0.872664626   -1.047197551    9.341688365  -27.341454895   -4.358217064
    1.047197551   -1.047197551    6.882082335    0.377539556   -4.097028673
    1.221730476   -1.047197551    9.698659670   31.694776995   -3.560494763
    1.396263402   -1.047197551   17.648934646   57.836239140   -2.746905913
    1.570796327   -1.047197551   29.188813102   72.007983121   -1.740385579
    1.745329252   -1.047197551   41.936080315   71.623561393   -0.643490085
    1.919862177   -1.047197551   53.437491221   58.277917136    0.457335650
    2.094395102   -1.047197551   61.781002456   36.272657898    1.488702743
    2.268928028   -1.047197551   65.903427964   10.764146759    2.377441367
    2.443460953   -1.047197551   65.620943030  -13.479959350    3.041885125
    2.617993878   -1.047197551   61.502544090  -32.652550028    3.395058895
    2.792526803   -1.047197551   54.686681104  -44.099885865    3.354163623
    2.967059728   -1.047197551   46.658537916  -46.553998196    2.886946009

   -3.141592654   -0.698131701   38.443893168  -44.261118520    2.072483451
   -2.967059728   -0.698131701   31.699875445  -32.314898525   -0.099418392
   -2.792526803   -0.698131701   27.333276596  -17.730327880   -2.485906566
   -2.617993878   -0.698131701   25.423898501   -4.788503313   -4.881257408
   -2.443460953   -0.698131701   25.381245777    3.304992316   -7.198369343
   -2.268928028   -0.698131701   26.229552699    5.445259944   -9.518934855
   -2.094395102   -0.698131701   26.992364898    2.636872910  -12.055663531
   -1.919862177   -0.698131701   27.004917895   -2.671824519  -15.002464497
   -1.745329252   -0.698131701   26.084385986   -7.606285300  -18.339393045
   -1.570796327   -0.698131701   24.523035881   -9.668151280  -21.699732463
   -1.396263402   -0.698131701   22.962951728   -7.504635884  -24.425271732
   -1.221730476   -0.698131701   22.149606371   -1.285396240  -25.799081992
   -1.047197551   -0.698131701   22.662413876    7.308533476  -25.355902714
   -0.872664626   -0.698131701   24.703734253   15.761692435  -23.071926971
   -0.698131701   -0.698131701   28.021718295   21.564082381  -19.358434069
   -0.523598776   -0.698131701   31.982076814   22.898440250  -14.893450792
   -0.349065850   -0.698131701   35.706796154   18.781935652  -10.401965519
   -0.174532925   -0.698131701   38.216865111    8.998372246   -6.480360012
    0.000000000   -0.698131701   38.568085837   -5.753782945   -3.485712839
    0.174532925   -0.698131701   36.054920015  -23.289283540   -1.459748137
    0.349065850   -0.698131701   30.528704500  -39.417178253   -0.144576717
    0.523598776   -0.698131701   22.724670516  -48.392461365    0.898112097
    0.698131701   -0.698131701   14.379155713  -44.957215937    2.073598336
    0.872664626   -0.698131701    7.891339631  -27.182259778    3.547562364
    1.047197551   -0.698131701    5.558258917    1.658689189    5.175412197
    1.221730476   -0.698131701    8.684564457   33.884893298    6.620065640
    1.396263402   -0.698131701   17.061699537   60.441821815    7.569699699
    1.570796327   -0.698131701   29.056539431   74.540811921    7.911683988
    1.745329252   -0.698131701   42.215416929   73.769979936    7.758234645
    1.919862177   -0.698131701   54.046623474   59.900203929    7.349081032
    2.094395102   -0.698131701   62.623794565   37.321886147    6.909017416
    2.268928028   -0.698131701   66.875752264   11.188903238    6.547223479
    2.443460953   -0.698131701   66.604854173  -13.788422847    6.228903422
    2.617993878   -0.698131701   62.357534620  -33.852806767    5.802203800
    2.792526803   -0.698131701   55.246500986  -46.292979640    5.055573661
    2.967059728   -0.698131701   46.750498696  -49.702968629    3.826844629

   -3.141592654   -0.349065850   38.963858048  -49.413848416    2.754445882
   -2.967059728   -0.349065850   31.253527864  -38.131546866   -0.128252145
   -2.792526803   -0.349065850   25.857465687  -23.605476898   -3.228890974
   -2.617993878   -0.349065850   22.952884931  -10.265050067   -6.256800652
   -2.443460953   -0.349065850   21.998746139   -1.678627292   -9.050475869
   -2.268928028   -0.349065850   22.001002775    0.666264339  -11.641120069
   -2.094395102   -0.349065850   21.915593061   -2.363036348  -14.193504108
   -1.919862177   -0.349065850   21.020776817   -8.051063683  -16.829586547
   -1.745329252   -0.349065850   19.156782886  -12.897721900  -19.432903643
   -1.570796327   -0.349065850   16.757010317  -13.757500772  -21.560890630
   -1.396263402   -0.349065850   14.687700325   -9.027941519  -22.573799855
   -1.221730476   -0.349065850   13.908788976    0.732578048  -21.915880556
   -1.047197551   -0.349065850   15.096404417   12.951904598  -19.420761925
   -0.872664626   -0.349065850   18.379878209   24.132193553  -15.427313834
   -0.698131701   -0.349065850   23.287706926   31.117921278  -10.667373215
   -0.523598776   -0.349065850   28.896897638   31.967580560   -5.997065014
   -0.349065850   -0.349065850   34.060331681   26.016119986   -2.111159003
   -0.174532925   -0.349065850   37.614397064   13.656979782    0.638545162
    0.000000000   -0.349065850   38.551210596   -3.631481513    2.308751291
    0.174532925   -0.349065850   36.240798889  -22.899853605    3.341187365
    0.349065850   -0.349065850   30.726745579  -39.430805193    4.396486520
    0.523598776   -0.349065850   22.987116460  -47.459405653    6.083291929
    0.698131701   -0.349065850   14.950606032  -42.312986867    8.656491056
    0.872664626   -0.349065850    9.068640328  -23.010809993   11.845321620
    1.047197551   -0.349065850    7.528285827    6.352284872   14.950328440
    1.221730476   -0.349065850   11.426560192   37.836443309   17.182801625
    1.396263402   -0.349065850   20.359715970   62.768836717   18.038039661
    1.570796327   -0.349065850   32.601593596   75.076271476   17.496557169
    1.745329252   -0.349065850   45.727868491   72.974103909   15.957014628
    1.919862177   -0.349065850   57.355449055   58.485218626   13.997882434
    2.094395102   -0.349065850   65.675468081   35.860638505   12.119030159
    2.268928028   -0.349065850   69.686361715    9.890105779   10.581014440
    2.443460953   -0.349065850   69.190957233  -15.116614331    9.373987796
    2.617993878   -0.349065850   64.676983281  -35.677861816    8.275997129
    2.792526803   -0.349065850   57.168802552  -49.090818098    6.959709589
    2.967059728   -0.349065850   48.077456543  -53.733883732    5.153168876

   -3.141592654    0.000000000   40.202021291  -54.589189522    2.454430081
   -2.967059728    0.000000000   31.518192937  -44.011897328   -0.326184783
   -2.792526803    0.000000000   25.075766363  -29.607072076   -3.200272103
   -2.617993878    0.000000000   21.149847187  -15.905550330   -5.907730380
   -2.443460953    0.000000000   19.256196901   -6.806204312   -8.320648907
   -2.268928028    0.000000000   18.396908493   -4.119826941  -10.485899197
   -2.094395102    0.000000000   17.488142950   -7.029189358  -12.538861004
   -1.919862177    0.000000000   15.793586932  -12.482316110  -14.524349660
   -1.745329252    0.000000000   13.223426754  -16.386822766  -16.238141214
   -1.570796327    0.000000000   10.380149006  -15.137969289  -17.205903915
   -1.396263402    0.000000000    8.337444480   -7.189507809  -16.871427252
   -1.221730476    0.000000000    8.196861993    6.190603945  -14.889422349
   -1.047197551    0.000000000   10.611616175   21.352281815  -11.380302175
   -0.872664626    0.000000000   15.504622489   33.853242221   -6.952939711
   -0.698131701    0.000000000   22.081517370   40.193456553   -2.492807229
   -0.523598776    0.000000000   29.097580548   38.800918510    1.174443912
   -0.349065850    0.000000000   35.196564243   29.861532435    3.581729093
   -0.174532925    0.000000000   39.174445423   14.786890124    4.745119937
    0.000000000    0.000000000   40.152860743   -4.028923832    5.129795823
    0.174532925    0.000000000   37.763702470  -23.101598560    5.504168776
    0.349065850    0.000000000   32.358027034  -37.754973775    6.670967484
    0.523598776    0.000000000   25.152937856  -42.958433857    9.150842629
    0.698131701    0.000000000   18.137463452  -35.293671905   12.909570964
    0.872664626    0.000000000   13.596552594  -15.009053928   17.284700610
    1.047197551    0.000000000   13.384514983   13.217702124   21.218572954
    1.221730476    0.000000000   18.247678996   41.814078079   23.711115341
    1.396263402    0.000000000   27.564971806   63.190414140   24.233915638
    1.570796327    0.000000000   39.600459281   72.461138006   22.898082359
    1.745329252    0.000000000   52.094719119   68.590583099   20.308949994
    1.919862177    0.000000000   62.903993333   53.703132864   17.246684312
    2.094395102    0.000000000   70.428960143   31.644384531   14.357200031
    2.268928028    0.000000000   73.783561909    6.593811780   11.975809445
    2.443460953    0.000000000   72.779918778  -17.716893096   10.110323691
    2.617993878    0.000000000   67.831283637  -38.185529067    8.525977423
    2.792526803    0.000000000   59.844644572  -52.167966077    6.879610643
    2.967059728    0.000000000   50.129093221  -57.832988056    4.889699844

   -3.141592654    0.349065850   41.477226824  -59.129189836    1.599127857
   -2.967059728    0.349065850   31.950853089  -49.034197677   -0.193808772
   -2.792526803    0.349065850   24.627064083  -34.581134710   -1.927781703
   -2.617993878    0.349065850   19.871738525  -20.373813964   -3.494520038
   -2.443460953    0.349065850   17.256264370  -10.607349571   -4.875291782
   -2.268928028    0.349065850   15.783480050   -7.381443429   -6.149065470
   -2.094395102    0.349065850   14.338608519   -9.921167904   -7.409593409
   -1.919862177    0.349065850   12.176656688  -14.885917331   -8.636392533
   -1.745329252    0.349065850    9.268557038  -17.718895811   -9.609489949
   -1.570796327    0.349065850    6.348303854  -14.542248840   -9.941608268
   -1.396263402    0.349065850    4.628334243   -4.019570865   -9.259012044
   -1.221730476    0.349065850    5.266684885   11.858121731   -7.421006171
   -1.047197551    0.349065850    8.824036579   28.550876934   -4.667538290
   -0.872664626    0.349065850   14.994313425   41.008036509   -1.562441055
   -0.698131701    0.349065850   22.701282879   45.755894372    1.232619933
   -0.523598776    0.349065850   30.476798915   41.858483497    3.241355827
   -0.349065850    0.349065850   36.885919896   30.440183931    4.372975740
   -0.174532925    0.349065850   40.812083857   13.829824947    4.936581654
    0.000000000    0.349065850   41.602291198   -4.932152669    5.522908221
    0.174532925    0.349065850   39.189363163  -22.195413503    6.807739409
    0.349065850    0.349065850   34.203085811  -33.712080776    9.301445393
    0.523598776    0.349065850   28.008840493  -35.490601430   13.117431082
    0.698131701    0.349065850   22.527136489  -25.489811418   17.835191034
    0.872664626    0.349065850   19.746544469   -5.074725148   22.554009231
    1.047197551    0.349065850   21.095910490   20.797206828   26.193320733
    1.221730476    0.349065850   26.939017546   45.280649849   27.914269079
    1.396263402    0.349065850   36.463626191   62.163320874   27.427239891
    1.570796327    0.349065850   47.988937976   67.887519979   25.050197708
    1.745329252    0.349065850   59.495814911   62.153941923   21.502498055
    1.919862177    0.349065850   69.143333141   47.075214572   17.592868954
    2.094395102    0.349065850   75.581880846   25.948566423   13.956432033
    2.268928028    0.349065850   78.057802997    2.227208276   10.927159971
    2.443460953    0.349065850   76.393965503  -20.995631283    8.546866343
    2.617993878    0.349065850   70.924433051  -41.003349837    6.651159280
    2.792526803    0.349065850   62.435468748  -55.209421673    4.985643343
    2.967059728    0.349065850   52.130065016  -61.572557183    3.333787784

   -3.141592654    0.698131701   43.040503197  -61.510656192   -0.387644150
   -2.967059728    0.698131701   33.068432290  -51.717408832   -0.922484314
   -2.792526803    0.698131701   25.264639886  -37.346430441   -1.219240302
   -2.617993878    0.698131701   20.035024740  -23.009716603   -1.355349145
   -2.443460953    0.698131701   16.977538642  -13.029847363   -1.444812008
   -2.268928028    0.698131701   15.099021356   -9.612398717   -1.614448722
   -2.094395102    0.698131701   13.280923630  -11.952285535   -1.945524139
   -1.919862177    0.698131701   10.794254930  -16.520146146   -2.414777831
   -1.745329252    0.698131701    7.664695483  -18.534811295   -2.880799702
   -1.570796327    0.698131701    4.708104002  -14.074611142   -3.129227622
   -1.396263402    0.698131701    3.199690633   -2.061906453   -2.982052070
   -1.221730476    0.698131701    4.292044295   15.007512934   -2.393637391
   -1.047197551    0.698131701    8.449019547   32.115314682   -1.486397782
   -0.872664626    0.698131701   15.207273826   44.030523778   -0.481973154
   -0.698131701    0.698131701   23.341866323   47.559339746    0.432104129
   -0.523598776    0.698131701   31.316699911   42.389822324    1.227991373
   -0.349065850    0.698131701   37.749678923   30.335159904    2.092396119
   -0.174532925    0.698131701   41.682761734   14.222844698    3.364134226
    0.000000000    0.698131701   42.678394351   -2.768340876    5.416044349
    0.174532925    0.698131701   40.872658351  -17.286003537    8.512403650
    0.349065850    0.698131701   37.009381261  -25.794202467   12.662926412
    0.523598776    0.698131701   32.414364007  -25.298677806   17.526614902
    0.698131701    0.698131701   28.790576472  -14.749465816   22.411805719
    0.872664626    0.698131701   27.769943741    3.967786823   26.416171309
    1.047197551    0.698131701   30.398971106   26.157029079   28.716579344
    1.221730476    0.698131701   36.773759121   45.957836859   28.873358676
    1.396263402    0.698131701   46.020331755   58.454603499   26.970526601
    1.570796327    0.698131701   56.607784673   61.129463480   23.542838271
    1.745329252    0.698131701   66.798525449   54.129754268   19.329809447
    1.919862177    0.698131701   75.055458275   39.392167671   15.022614649
    2.094395102    0.698131701   80.263315009   19.641063970   11.101736531
    2.268928028    0.698131701   81.788661990   -2.353810755    7.803215727
    2.443460953    0.698131701   79.462425345  -24.078565720    5.170102663
    2.617993878    0.698131701   73.545594562  -43.154801375    3.133184871
    2.792526803    0.698131701   64.715645543  -57.053390600    1.585145801
    2.967059728    0.698131701   54.076740093  -63.578731985    0.431039341

   -3.141592654    1.047197551   41.796771793  -61.559025316   -5.347103316
   -2.967059728    1.047197551   31.900750710  -50.837791092   -4.674133567
   -2.792526803    1.047197551   24.303731151  -35.924616398   -3.633197521
   -2.617993878    1.047197551   19.335599634  -21.506198743   -2.483135012
   -2.443460953    1.047197551   16.516469028  -11.854824401   -1.453696379
   -2.268928028    1.047197551   14.796020109   -8.994382016   -0.695607574
   -2.094395102    1.047197551   13.035077510  -11.895639801   -0.253429361
   -1.919862177    1.047197551   10.520596067  -16.858852077   -0.086673429
   -1.745329252    1.047197551    7.314111846  -19.040607793   -0.128826932
   -1.570796327    1.047197551    4.267471624  -14.583876568   -0.335487802
   -1.396263402    1.047197551    2.674057157   -2.533250650   -0.698070221
   -1.221730476    1.047197551    3.684103790   14.517247086   -1.198852285
   -1.047197551    1.047197551    7.749928327   31.553245740   -1.751124362
   -0.872664626    1.047197551   14.407724126   43.466973594   -2.165624273
   -0.698131701    1.047197551   22.464061531   47.294710563   -2.167999189
   -0.523598776    1.047197551   30.456608457   42.966855648   -1.458729470
   -0.349065850    1.047197551   37.113053665   32.431423901    0.218414107
   -0.174532925    1.047197551   41.590776637   18.448957275    3.005763422
    0.000000000    1.047197551   43.535047435    3.890886052    6.883453934
    0.174532925    1.047197551   43.092341834   -8.416272468   11.631442337
    0.349065850    1.047197551   40.912297136  -15.578923441   16.799797402
    0.523598776    1.047197551   38.114840922  -15.196195912   21.729152448
    0.698131701    1.047197551   36.115542444   -6.534043968   25.650118234
    0.872664626    1.047197551   36.246414951    8.732059646   27.868399179
    1.047197551    1.047197551   39.339278106   26.658458757   27.996743850
    1.221730476    1.047197551   45.437098476   42.400290211   26.098728323
    1.396263402    1.047197551   53.782147430   51.909242410   22.639303037
    1.570796327    1.047197551   63.071652091   53.040420307   18.287850144
    1.745329252    1.047197551   71.813917444   45.802905529   13.671662606
    1.919862177    1.047197551   78.663236926   31.686646913    9.234415416
    2.094395102    1.047197551   82.611728158   12.947744040    5.216592533
    2.268928028    1.047197551   83.064207722   -7.954879152    1.734214550
    2.443460953    1.047197551   79.853084677  -28.620627370   -1.140106741
    2.617993878    1.047197551   73.234658936  -46.640798779   -3.333518520
    2.792526803    1.047197551   63.891536650  -59.421584677   -4.773653685
    2.967059728    1.047197551   52.939775474  -64.761944951   -5.430562365

   -3.141592654    1.396263402   36.989395396  -60.668587038  -11.102551010
   -2.967059728    1.396263402   27.407873904  -48.200153768   -9.698651860
   -2.792526803    1.396263402   20.380385188  -32.154329861   -7.830464742
   -2.617993878    1.396263402   16.114860034  -17.345508997   -5.880528822
   -2.443460953    1.396263402   14.005171210   -7.979966830   -4.128872797
   -2.268928028    1.396263402   12.902661419   -5.834898871   -2.687281310
   -2.094395102    1.396263402   11.617509118   -9.610215908   -1.518582546
   -1.919862177    1.396263402    9.424724997  -15.460907311   -0.542832508
   -1.745329252    1.396263402    6.383168504  -18.567792545    0.241816088
   -1.570796327    1.396263402    3.329868422  -15.161863222    0.722184191
   -1.396263402    1.396263402    1.537794720   -4.234599350    0.748539428
   -1.221730476    1.396263402    2.166913688   11.916272297    0.296169037
   -1.047197551    1.396263402    5.747007192   28.727608765   -0.417182533
   -0.872664626    1.396263402   11.965987585   41.447968211   -0.950737393
   -0.698131701    1.396263402   19.822118016   47.190094041   -0.789829100
   -0.523598776    1.396263402   28.027834143   45.618727648    0.464946556
   -0.349065850    1.396263402   35.416964925   38.178960072    2.975009697
   -0.174532925    1.396263402   41.152753063   27.019154614    6.640426497
    0.000000000    1.396263402   44.779419701   14.408592248   11.135503824
    0.174532925    1.396263402   46.244803121    2.661736883   15.954019387
    0.349065850    1.396263402   45.924854958   -5.640797495   20.445317065
    0.523598776    1.396263402   44.637403204   -8.084269968   23.891705788
    0.698131701    1.396263402   43.537398580   -3.479005699   25.654605181
    0.872664626    1.396263402   43.814916267    7.386841247   25.368636122
    1.047197551    1.396263402   46.332309622   21.599385781   23.099236234
    1.221730476    1.396263402   51.323207027   35.034765605   19.338040523
    1.396263402    1.396263402   58.294882985   43.762965014   14.803148454
    1.570796327    1.396263402   66.176496222   45.165538219   10.163779400
    1.745329252    1.396263402   73.599365305   38.563845980    5.829272062
    1.919862177    1.396263402   79.232419759   24.939319230    1.924250133
    2.094395102    1.396263402   82.026550852    6.439257958   -1.601545983
    2.268928028    1.396263402   81.358394637  -14.260891404   -4.799526893
    2.443460953    1.396263402   77.083193783  -34.428541631   -7.612283336
    2.617993878    1.396263402   69.531990927  -51.408164099   -9.853676750
    2.792526803    1.396263402   59.488327628  -62.580626371  -11.274875465
    2.967059728    1.396263402   48.154320435  -65.921559093  -11.695832039

   -3.141592654    1.745329252   30.721653687  -58.615113624  -17.342269320
   -2.967059728    1.745329252   21.668280786  -44.329137579  -16.127940277
   -2.792526803    1.745329252   15.409866811  -27.376538772  -14.242687365
   -2.617993878    1.745329252   11.990077454  -12.563823911  -12.023079747
   -2.443460953    1.745329252   10.668488245   -3.796995637   -9.728079438
   -2.268928028    1.745329252   10.228222146   -2.429869935   -7.468085804
   -2.094395102    1.745329252    9.475809650   -6.887413066   -5.216989873
   -1.919862177    1.745329252    7.706309747  -13.341641745   -2.923645341
   -1.745329252    1.745329252    4.973342485  -17.202600626   -0.648530282
   -1.570796327    1.745329252    2.069742852  -14.872650808    1.385654446
   -1.396263402    1.745329252    0.221543597   -5.166227457    2.889687609
   -1.221730476    1.745329252    0.606392343   10.156378940    3.708123198
   -1.047197551    1.745329252    3.878172779   27.150901409    3.981034448
   -0.872664626    1.745329252    9.933423929   41.358759489    4.134182605
   -0.698131701    1.745329252   17.985075309   49.654121662    4.697566032
   -0.523598776    1.745329252   26.878485187   51.035506105    6.068880416
   -0.349065850    1.745329252   35.449423619   46.179337576    8.355702316
   -0.174532925    1.745329252   42.736980365   36.589188292   11.361888153
    0.000000000    1.745329252   48.069525052   24.127354166   14.653428773
    0.174532925    1.745329252   51.128963109   10.935882036   17.648917847
    0.349065850    1.745329252   52.016192455   -0.310479001   19.708967150
    0.523598776    1.745329252   51.318777787   -6.770028907   20.264348298
    0.698131701    1.745329252   50.069498341   -6.463217603   18.988122826
    0.872664626    1.745329252   49.496027770    0.818833809   15.959023169
    1.047197551    1.745329252   50.661976708   12.972554696   11.701451079
    1.221730476    1.745329252   54.097375542   26.106218129    7.020249748
    1.396263402    1.745329252   59.585836392   35.845831020    2.680849329
    1.570796327    1.745329252   66.213687362   38.711893027   -0.879108090
    1.745329252    1.745329252   72.616637373   33.225548557   -3.658631875
    1.919862177    1.745329252   77.362314598   19.984460956   -5.966237958
    2.094395102    1.745329252   79.277948287    1.269151660   -8.180985777
    2.268928028    1.745329252   77.674853560  -19.767905906  -10.521603084
    2.443460953    1.745329252   72.436949340  -39.833348923  -12.947639633
    2.617993878    1.745329252   64.009039675  -55.879244126  -15.185907058
    2.792526803    1.745329252   53.329519197  -65.251061347  -16.849973268
    2.967059728    1.745329252   41.729918458  -66.232655255  -17.616223944

   -3.141592654    2.094395102   23.661253560  -57.589179745  -18.770383629
   -2.967059728    2.094395102   14.940438170  -41.630812688  -17.586393784
   -2.792526803    2.094395102    9.256007540  -23.614966677  -15.653373264
   -2.617993878    2.094395102    6.540602650   -8.344072501  -13.272141708
   -2.443460953    2.094395102    5.965536482    0.496668491  -10.675561986
   -2.268928028    2.094395102    6.274451426    1.868126015   -7.946860142
   -2.094395102    2.094395102    6.281224530   -2.466635240   -5.027053343
   -1.919862177    2.094395102    5.299991016   -8.745938341   -1.835044544
   -1.745329252    2.094395102    3.371061149  -12.654296297    1.572628443
   -1.570796327    2.094395102    1.224438316  -10.841005714    4.925776393
   -1.396263402    2.094395102    0.003422048   -2.068199628    7.829086883
   -1.221730476    2.094395102    0.844176690   12.315358690    9.976527048
   -1.047197551    2.094395102    4.447526951   28.909776437   11.340286261
   -0.872664626    2.094395102   10.836935124   43.572868410   12.188514899
   -0.698131701    2.094395102   19.370914800   53.059191590   12.915444005
   -0.523598776    2.094395102   28.984086139   55.860410772   13.810905163
   -0.349065850    2.094395102   38.498327769   52.048197153   14.907155514
   -0.174532925    2.094395102   46.839382761   42.609673073   15.981443570
    0.000000000    2.094395102   53.150778646   29.108174867   16.639368775
    0.174532925    2.094395102   56.897186201   13.618276177   16.424008936
    0.349065850    2.094395102   57.972755911   -0.976697740   14.932016360
    0.523598776    2.094395102   56.824327874  -11.284030991   11.956470988
    0.698131701    2.094395102   54.470859496  -14.448060376    7.634139626
    0.872664626    2.094395102   52.291488790   -9.304997288    2.516818343
    1.047197551    2.094395102   51.642686907    2.635733758   -2.541447114
    1.221730476    2.094395102   53.391048187   17.358788060   -6.685927575
    1.396263402    2.094395102   57.570930678   29.672434181   -9.407830667
    1.570796327    2.094395102   63.344294657   34.989102111  -10.734678956
    1.745329252    2.094395102   69.243457058   30.975743947  -11.160240582
    1.919862177    2.094395102   73.632971797   17.961411382  -11.371557074
    2.094395102    2.094395102   75.142833959   -1.451606229  -11.942853374
    2.268928028    2.094395102   72.978202319  -23.458426123  -13.131479025
    2.443460953    2.094395102   67.036314184  -44.089836625  -14.840484434
    2.617993878    2.094395102   57.875012375  -59.852599858  -16.701204766
    2.792526803    2.094395102   46.592957818  -68.033473192  -18.225396264
    2.967059728    2.094395102   34.660757736  -67.186255072  -18.991407774

   -3.141592654    2.443460953   17.351363033  -57.062399673  -12.699802328
   -2.967059728    2.443460953    8.867058579  -39.492546346  -11.453282646
   -2.792526803    2.443460953    3.673662320  -20.204291960   -9.689141375
   -2.617993878    2.443460953    1.635872966   -4.052817800   -7.608782286
   -2.443460953    2.443460953    1.866412928    5.407172010   -5.332851403
   -2.268928028    2.443460953    3.082824220    7.361827072   -2.841131510
   -2.094395102    2.443460953    4.106983957    3.711030031    0.010045443
   -1.919862177    2.443460953    4.266146286   -1.881328644    3.371416823
   -1.745329252    2.443460953    3.575674418   -5.416781023    7.236973749
   -1.570796327    2.443460953    2.680397375   -3.869920108   11.341302309
   -1.396263402    2.443460953    2.601532557    3.937524582   15.210201339
   -1.221730476    2.443460953    4.375041340   16.963582922   18.348178436
   -1.047197551    2.443460953    8.675937099   32.304020262   20.449678848
   -0.872664626    2.443460953   15.580312520   46.162057463   21.488548842
   -0.698131701    2.443460953   24.528628503   55.268214020   21.637724781
   -0.523598776    2.443460953   34.502117936   57.747803034   21.101769675
   -0.349065850    2.443460953   44.293510957   53.236856736   19.973485080
   -0.174532925    2.443460953   52.731894097   42.404464834   18.205975288
    0.000000000    2.443460953   58.829028907   26.730253492   15.655637829
    0.174532925    2.443460953   61.924441963    8.456516791   12.163126511
    0.349065850    2.443460953   61.838223541   -9.109029502    7.658442211
    0.523598776    2.443460953   59.040306261  -21.899717950    2.282861443
    0.698131701    2.443460953   54.704220634  -26.266773397   -3.518125881
    0.872664626    2.443460953   50.490019134  -20.461600818   -9.006059741
    1.047197551    2.443460953   48.090768872   -5.988970966  -13.342607480
    1.221730476    2.443460953   48.646489429   12.422822593  -15.907264102
    1.396263402    2.443460953   52.294457013   28.416049814  -16.561705976
    1.570796327    2.443460953   58.094947532   36.315234858  -15.708448828
    1.745329252    2.443460953   64.330790550   33.231340101  -14.098231168
    1.919862177    2.443460953   69.079534190   19.614629647  -12.521230783
    2.094395102    2.443460953   70.751517978   -1.327241387  -11.534747619
    2.268928028    2.443460953   68.457292334  -25.026975492  -11.338207097
    2.443460953    2.443460953   62.125881455  -46.858116707  -11.796388089
    2.617993878    2.443460953   52.438788316  -62.938481568  -12.550260664
    2.792526803    2.443460953   40.658985253  -70.505296657  -13.162733502
    2.967059728    2.443460953   28.404417082  -68.324819226  -13.275015684

   -3.141592654    2.792526803   14.633519270  -55.889590967    0.800317553
   -2.967059728    2.792526803    6.413526719  -37.664676313    2.400137357
   -2.792526803    2.792526803    1.587306615  -17.854103505    3.955214481
   -2.617993878    2.792526803    0.000000000   -1.243522913    5.417864633
   -2.443460953    2.792526803    0.767111815    8.774116529    6.870256560
   -2.268928028    2.792526803    2.639326400   11.560768190    8.518233788
   -2.094395102    2.792526803    4.494769757    9.086142593   10.625101108
   -1.919862177    2.792526803    5.710866172    4.857729965   13.391805991
   -1.745329252    2.792526803    6.304282487    2.476819728   16.818616776
   -1.570796327    2.792526803    6.840536662    4.484769183   20.618834086
   -1.396263402    2.792526803    8.187585291   11.739784112   24.263106889
   -1.221730476    2.792526803   11.201188282   23.225883408   27.143130244
   -1.047197551    2.792526803   16.410417884   36.380514045   28.782858753
   -0.872664626    2.792526803   23.816837518   47.833223122   28.968209785
   -0.698131701    2.792526803   32.849755278   54.589623211   27.740677482
   -0.523598776    2.792526803   42.506689890   54.806314808   25.290601450
   -0.349065850    2.792526803   51.588876133   48.044846366   21.832150032
   -0.174532925    2.792526803   58.921879798   34.928263650   17.547387024
    0.000000000    2.792526803   63.517648976   17.026585098   12.582420007
    0.174532925    2.792526803   64.745687057   -3.160073969    7.076105251
    0.349065850    2.792526803   62.513136789  -21.926884716    1.226996688
    0.523598776    2.792526803   57.454782420  -34.745773187   -4.631716960
    0.698131701    2.792526803   50.984487351  -37.590206956   -9.991431675
    0.872664626    2.792526803   45.042505930  -28.685313710  -14.225380846
    1.047197551    2.792526803   41.561720141  -10.041666669  -16.782426355
    1.221730476    2.792526803   41.789832946   12.659461413  -17.427741792
    1.396263402    2.792526803   45.791571602   32.014779784  -16.366875651
    1.570796327    2.792526803   52.398600407   41.679340399  -14.174371459
    1.745329252    2.792526803   59.600179488   38.690023657  -11.549793389
    1.919862177    2.792526803   65.216161406   23.954564464   -9.071918397
    2.094395102    2.792526803   67.503884833    1.365023795   -7.048704276
    2.268928028    2.792526803   65.538748101  -23.888409340   -5.516573013
    2.443460953    2.792526803   59.305436461  -46.769753747   -4.325086314
    2.617993878    2.792526803   49.590011920  -63.240569611   -3.250125270
    2.792526803    2.792526803   37.767717315  -70.613755762   -2.086248741
    2.967059728    2.792526803   25.541968273  -67.859309953   -0.730358348
