#! FIELDS phi psi file.free der_phi der_psi
#! SET min_phi -pi
#! SET max_phi pi
#! SET nbins_phi  36
#! SET periodic_phi true
#! SET min_psi -pi
#! SET max_psi pi
#! SET nbins_psi  18
#! SET periodic_psi true
   -3.141592654   -3.141592654   18.532112674  -53.800238301   14.815569914
   -2.967059728   -3.141592654   10.479819224  -37.724841337   17.179862839
   -2.792526803   -3.141592654    5.515476265  -19.185046168   18.910570444
   -2.617993878   -3.141592654    3.668744808   -2.678315575   19.975715368
   -2.443460953   -3.141592654    4.262007276    8.402565675   20.589586608
   -2.268928028   -3.141592654    6.228860729   13.134698003   21.147490610
   -2.094395102   -3.141592654    8.564157192   13.040979984   22.073348195
   -1.919862177   -3.141592654   10.673675428   11.073949791   23.639173324
   -1.745329252   -3.141592654   12.500410523   10.235601391   25.835709740
   -1.570796327   -3.141592654   14.435907892   12.534178881   28.329847283
   -1.396263402   -3.141592654   17.100800072   18.545340173   30.546845196
   -1.221730476   -3.141592654   21.085848879   27.364117442   31.843785307
   -1.047197551   -3.141592654   26.709512910   36.903573567   31.721199872
   -0.872664626   -3.141592654   33.863511387   44.434327847   29.967083896
   -0.698131701   -3.141592654   41.974172736   47.509952751   26.689074939
   -0.523598776   -3.141592654   50.113785566   44.624870219   22.229995530
   -0.349065850   -3.141592654   57.203120622   35.546527183   17.021571224
   -0.174532925   -3.141592654   62.221374991   21.090520496   11.467653581
    0.000000000   -3.141592654   64.367189348    3.006989303    5.880565494
    0.174532925   -3.141592654   63.223196592  -16.095826382    0.469866920
    0.349065850   -3.141592654   58.915846923  -32.557215485   -4.591292370
    0.523598776   -3.141592654   52.276681306  -42.077731194   -9.082510136
    0.698131701   -3.141592654   44.859328832  -41.035680473  -12.689166906
    0.872664626   -3.141592654   38.655559736  -28.282475953  -15.042815117
    1.047197551   -3.141592654   35.527557560   -6.572657040  -15.871981100
    1.221730476   -3.141592654   36.527463457   17.787374808  -15.163376611
    1.396263402   -3.141592654   41.451042578   37.219779424  -13.201925598
    1.570796327   -3.141592654   48.885786014   45.870361892  -10.467714604
    1.745329252   -3.141592654   56.710428723   41.718716597   -7.440548017
    1.919862177   -3.141592654   62.805595551   26.617906191   -4.455197282
    2.094395102   -3.141592654   65.613002596    4.853508803   -1.647069902
    2.268928028   -3.141592654   64.393409632  -18.760867815    1.005860617
    2.443460953   -3.141592654   59.199218230  -40.089887508    3.614504165
    2.617993878   -3.141592654   50.719063070  -55.976634248    6.301292589
    2.792526803   -3.141592654   40.115310417  -64.147829088    9.132010881
    2.967059728   -3.141592654   28.861690501  -63.338292584   12.039667487

   -3.141592654   -2.792526803   25.401851998  -48.876609998   22.467563663
   -2.967059728   -2.792526803   18.073484444  -34.415572955   24.744029369
   -2.792526803   -2.792526803   13.533924331  -17.613015555   26.105163368
   -2.617993878   -2.792526803   11.831575261   -2.502127687   26.663194578
   -2.443460953   -2.792526803   12.386686856    7.932778289   26.760799079
   -2.268928028   -2.792526803   14.281972555   12.932780173   26.857275383
   -2.094395102   -2.792526803   16.663991473   13.878436111   27.351180939
   -1.919862177   -2.792526803   19.040597975   13.317887879   28.417428393
   -1.745329252   -2.792526803   21.371187849   13.684694283   29.930076940
   -1.570796327   -2.792526803   23.960602081   16.409936976   31.477020204
   -1.396263402   -2.792526803   27.253677775   21.650975449   32.476446696
   -1.221730476   -2.792526803   31.617057549   28.401965796   32.344408415
   -1.047197551   -2.792526803   37.162818475   34.858893014   30.681691370
   -0.872664626   -2.792526803   43.654901004   38.893575491   27.391188818
   -0.698131701   -2.792526803   50.508109807   38.755268454   22.698308625
   -0.523598776   -2.792526803   56.896703542   33.496608437   17.061820624
   -0.349065850   -2.792526803   61.917958361   23.179846644   11.021578104
   -0.174532925   -2.792526803   64.753781432    8.640274883    5.064704730
    0.000000000   -2.792526803   64.791163893   -8.558945129   -0.442910526
    0.174532925   -2.792526803   61.759490622  -26.054730773   -5.271272593
    0.349065850   -2.792526803   55.891215415  -40.405900944   -9.264001578
    0.523598776   -2.792526803   48.092378049  -47.460566120  -12.278776599
    0.698131701   -2.792526803   39.967769982  -43.722229710  -14.166764627
    0.872664626   -2.792526803   33.532030350  -28.262090539  -14.812892731
    1.047197551   -2.792526803   30.621765169   -4.169794962  -14.231629870
    1.221730476   -2.792526803   32.202759548   21.928669300  -12.622163286
    1.396263402   -2.792526803   37.943507166   42.323964266  -10.313174065
    1.570796327   -2.792526803   46.305612601   51.319715330   -7.634021637
    1.745329252   -2.792526803   55.087307427   47.215379625   -4.788467212
    1.919862177   -2.792526803   62.145047597   32.170674311   -1.826827117
    2.094395102   -2.792526803   65.937643994   10.613423704    1.300817074
    2.268928028   -2.792526803   65.752357692  -12.658659693    4.655754887
    2.443460953   -2.792526803   61.656666491  -33.621062231    8.250573933
    2.617993878   -2.792526803   54.330068393  -49.264588957   12.021106457
    2.792526803   -2.792526803   44.898212003  -57.511095767   15.819755811
    2.967059728   -2.792526803   34.763036737  -57.270091354   19.403195499

   -3.141592654   -2.443460953   33.248199812  -43.902750924   21.329658758
   -2.967059728   -2.443460953   26.648485430  -31.076726134   23.195810414
   -2.792526803   -2.443460953   22.548300839  -15.878889829   24.288152172
   -2.617993878   -2.443460953   21.037597715   -1.938404713   24.718403614
   -2.443460953   -2.443460953   21.641243829    8.054847239   24.737253397
   -2.268928028   -2.443460953   23.574367471   13.351448034   24.654665466
   -2.094395102   -2.443460953   26.090739648   15.035724937   24.716375228
   -1.919862177   -2.443460953   28.733916976   15.166480011   24.992090521
   -1.745329252   -2.443460953   31.408980413   15.654032973   25.335475696
   -1.570796327   -2.443460953   34.285203472   17.556029874   25.414977677
   -1.396263402   -2.443460953   37.628621858   20.917878355   24.821098711
   -1.221730476   -2.443460953   41.634112257   24.939196473   23.194289028
   -1.047197551   -2.443460953   46.304988357   28.298344257   20.353348384
   -0.872664626   -2.443460953   51.395999503   29.505104523   16.356767358
   -0.698131701   -2.443460953   56.420356030   27.374061192   11.493551845
   -0.523598776   -2.443460953   60.731197065   21.282850806    6.199087968
   -0.349065850   -2.443460953   63.633486785   11.298639810    0.934331866
   -0.174532925   -2.443460953   64.493554456   -1.982083938   -3.915441450
    0.000000000   -2.443460953   62.829350589  -17.367393534   -8.084090311
    0.174532925   -2.443460953   58.437029541  -32.809364384  -11.433472370
    0.349065850   -2.443460953   51.572704006  -45.050434294  -13.899890358
    0.523598776   -2.443460953   43.147271001  -49.985764865  -15.447010972
    0.698131701   -2.443460953   34.766430625  -44.126852622  -16.043882023
    0.872664626   -2.443460953   28.437339657  -26.655738597  -15.686487259
    1.047197551   -2.443460953   25.959773273   -0.882745672  -14.456947669
    1.221730476   -2.443460953   28.223059692   26.370127825  -12.545050920
    1.396263402   -2.443460953   34.798741118   47.371915413  -10.189963133
    1.570796327   -2.443460953   44.067304613   56.624820215   -7.585142270
    1.745329252   -2.443460953   53.791098818   52.712104452   -4.809960897
    1.919862177   -2.443460953   61.834554365   37.994292090   -1.847057795
    2.094395102   -2.443460953   66.684836225   16.924735058    1.351423423
    2.268928028   -2.443460953   67.648479421   -5.817566048    4.791329685
    2.443460953   -2.443460953   64.786245182  -26.372059135    8.406563989
    2.617993878   -2.443460953   58.741753179  -41.885380388   12.062668470
    2.792526803   -2.443460953   50.580160808  -50.425955123   15.578230317
    2.967059728   -2.443460953   41.620625001  -50.993547847   18.739473384

   -3.141592654   -2.094395102   39.333017941  -40.241629968   13.355207423
   -2.967059728   -2.094395102   33.276841272  -28.525394211   14.391745089
   -2.792526803   -2.094395102   29.526917736  -14.397118535   15.074986470
   -2.617993878   -2.094395102   28.195922168   -1.313795031   15.465760538
   -2.443460953   -2.094395102   28.858852002    8.169951267   15.631465803
   -2.268928028   -2.094395102   30.792217705   13.284312328   15.634529526
   -2.094395102   -2.094395102   33.292241066   14.913642447   15.498703052
   -1.919862177   -2.094395102   35.898043180   14.806552491   15.170432993
   -1.745329252   -2.094395102   38.456184870   14.579921925   14.512249079
   -1.570796327   -2.094395102   41.038076023   15.161726871   13.332380391
   -1.396263402   -2.094395102   43.808786874   16.687351825   11.458855477
   -1.221730476   -2.094395102   46.895853894   18.653406291    8.812048342
   -1.047197551   -2.094395102   50.300050938   20.146087415    5.462297736
   -0.872664626   -2.094395102   53.846458638   20.091574407    1.632142515
   -0.698131701   -2.094395102   57.179732275   17.575327220   -2.349444665
   -0.523598776   -2.094395102   59.814682894   12.035738544   -6.129374396
   -0.349065850   -2.094395102   61.207954606    3.365263901   -9.420067190
   -0.174532925   -2.094395102   60.832371387   -8.155175706  -12.062742268
    0.000000000   -2.094395102   58.252098672  -21.701600410  -14.034529507
    0.174532925   -2.094395102   53.250436840  -35.496047833  -15.425320395
    0.349065850   -2.094395102   46.038653196  -46.382281142  -16.358496667
    0.523598776   -2.094395102   37.481603319  -50.180777489  -16.914682072
    0.698131701   -2.094395102   29.159559968  -43.252294166  -17.081730579
    0.872664626   -2.094395102   23.075843627  -24.711942824  -16.765597649
    1.047197551   -2.094395102   21.027374071    2.074253021  -15.865433136
    1.221730476   -2.094395102   23.884390631   30.183760311  -14.351425609
    1.396263402   -2.094395102   31.186034669   51.844182677  -12.280668569
    1.570796327   -2.094395102   41.282128203   61.616252090   -9.767737307
    1.745329252   -2.094395102   51.918463264   58.165200248   -6.938660355
    1.919862177   -2.094395102   60.952366711   43.873889948   -3.912626809
    2.094395102   -2.094395102   66.860747305   23.140468572   -0.804284302
    2.268928028   -2.094395102   68.927046164    0.560262000    2.265257790
    2.443460953   -2.094395102   67.176414540  -20.060259209    5.172073338
    2.617993878   -2.094395102   62.210510287  -35.883942139    7.802599030
    2.792526803   -2.094395102   55.051999336  -44.983440899   10.069887794
    2.967059728   -2.094395102   46.977988410  -46.347807237   11.925545407

   -3.141592654   -1.745329252   41.509714194  -39.186845321    5.432347759
   -2.967059728   -1.745329252   35.624002729  -27.606702596    5.761686155
   -2.792526803   -1.745329252   32.030687831  -13.523209113    6.060379552
   -2.617993878   -1.745329252   30.843572269   -0.566355251    6.307278976
   -2.443460953   -1.745329252   31.612192461    8.594684385    6.390703986
   -2.268928028   -1.745329252   33.572777089   13.127983704    6.151608409
   -2.094395102   -1.745329252   35.973383317   13.880320841    5.427252035
   -1.919862177   -1.745329252   38.299042753   12.578887352    4.088123351
   -1.745329252   -1.745329252   40.342699364   10.873652725    2.078414639
   -1.570796327   -1.745329252   42.137479101    9.851044789   -0.547884633
   -1.396263402   -1.745329252   43.850185238    9.933168110   -3.606138970
   -1.221730476   -1.745329252   45.666849231   10.970273851   -6.813033879
   -1.047197551   -1.745329252   47.705753193   12.338014140   -9.856100203
   -0.872664626   -1.745329252   49.946330355   13.086036593  -12.471230988
   -0.698131701   -1.745329252   52.186954893   12.174003283  -14.485124867
   -0.523598776   -1.745329252   54.056225151    8.712455157  -15.818734392
   -0.349065850   -1.745329252   55.055618014    2.147562810  -16.476748995
   -0.174532925   -1.745329252   54.625139468   -7.654278689  -16.550431052
    0.000000000   -1.745329252   52.233481874  -20.169689760  -16.223198001
    0.174532925   -1.745329252   47.531872083  -33.709226637  -15.759681746
    0.349065850   -1.745329252   40.605676722  -44.972470979  -15.428192226
    0.523598776   -1.745329252   32.239054491  -49.414465521  -15.390428324
    0.698131701   -1.745329252   24.005193385  -42.942205533  -15.606765079
    0.872664626   -1.745329252   17.972285616  -24.336831838  -15.831128730
    1.047197551   -1.745329252   16.039609574    3.111755993  -15.716856018
    1.221730476   -1.745329252   19.169366832   32.309750591  -14.973385701
    1.396263402   -1.745329252   26.948755671   55.179657467  -13.471259768
    1.570796327   -1.745329252   37.722386433   65.988669223  -11.272344030
    1.745329252   -1.745329252   49.187676094   63.212987748   -8.583877974
    1.919862177   -1.745329252   59.130183579   49.155114696   -5.686251379
    2.094395102   -1.745329252   65.949741444   28.226456717   -2.861192846
    2.268928028   -1.745329252   68.860715412    5.098674632   -0.341303333
    2.443460953   -1.745329252   67.836619971  -16.305860751    1.722201849
    2.617993878   -1.745329252   63.449595262  -33.011757901    3.270132734
    2.792526803   -1.745329252   56.718643493  -42.939722807    4.329483403
    2.967059728   -1.745329252   48.943931240  -44.940733790    5.004035422

   -3.141592654   -1.396263402   41.053172790  -39.690930119    1.290214860
   -2.967059728   -1.396263402   35.105842832  -27.795151398    0.971342190
   -2.792526803   -1.396263402   31.507783340  -13.427737618    0.669321839
   -2.617993878   -1.396263402   30.339059335   -0.532261108    0.379970756
   -2.443460953   -1.396263402   31.070014591    8.033883922   -0.022026405
   -2.268928028   -1.396263402   32.839774251   11.420947348   -0.755484312
   -2.094395102   -1.396263402   34.811013344   10.620583807   -2.077721744
   -1.919862177   -1.396263402   36.419912598    7.631811573   -4.195374841
   -1.745329252   -1.396263402   37.466706267    4.468958925   -7.157104651
   -1.570796327   -1.396263402   38.059805823    2.623008517  -10.768960302
   -1.396263402   -1.396263402   38.506502346    2.829082020  -14.593161496
   -1.221730476   -1.396263402   39.169810428    5.022498504  -18.061594676
   -1.047197551   -1.396263402   40.333934881    8.365455207  -20.658313871
   -0.872664626   -1.396263402   42.086667885   11.493290725  -22.070158368
   -0.698131701   -1.396263402   44.255292361   12.897450625  -22.236856960
   -0.523598776   -1.396263402   46.424718797   11.339221397  -21.306116912
   -0.349065850   -1.396263402   48.003764010    6.051402774  -19.559455919
   -0.174532925   -1.396263402   48.312431243   -3.215888490  -17.360696050
    0.000000000   -1.396263402   46.683598952  -16.005008833  -15.124380475
    0.174532925   -1.396263402   42.627497068  -30.595256306  -13.265942737
    0.349065850   -1.396263402   36.109773506  -43.467258442  -12.099085621
    0.523598776   -1.396263402   27.854323703  -49.618493531  -11.722014816
    0.698131701   -1.396263402   19.467626254  -44.370551299  -11.954418351
    0.872664626   -1.396263402   13.146450648  -26.037516903  -12.391176406
    1.047197551   -1.396263402   10.973120240    2.208927886  -12.562385731
    1.221730476   -1.396263402   14.077908702   33.010087284  -12.119817142
    1.396263402   -1.396263402   22.144061202   57.753670310  -10.941916889
    1.570796327   -1.396263402   33.512867000   70.137947613   -9.133138520
    1.745329252   -1.396263402   45.791556560   68.240942422   -6.944206389
    1.919862177   -1.396263402   56.627839166   54.225061116   -4.669556545
    2.094395102   -1.396263402   64.281583619   32.606535340   -2.570051955
    2.268928028   -1.396263402   67.860663256    8.318616249   -0.832684142
    2.443460953   -1.396263402   67.283398979  -14.405730825    0.440810541
    2.617993878   -1.396263402   63.119848473  -32.312413837    1.226331943
    2.792526803   -1.396263402   56.430000694  -43.100733074    1.559346252
    2.967059728   -1.396263402   48.586496651  -45.504709084    1.536914574

   -3.141592654   -1.047197551   38.791078219  -42.214090544    2.067085777
   -2.967059728   -1.047197551   32.435272660  -29.900120999    0.900947635
   -2.792526803   -1.047197551   28.524663390  -14.895525559   -0.483995823
   -2.617993878   -1.047197551   27.149619104   -1.480305655   -1.956421243
   -2.443460953   -1.047197551   27.729395846    7.151439360   -3.488990349
   -2.268928028   -1.047197551   29.302307839    9.929668140   -5.197190672
   -2.094395102   -1.047197551   30.909984835    7.851289271   -7.313322051
   -1.919862177   -1.047197551   31.892642409    3.199049677  -10.063691924
   -1.745329252   -1.047197551   32.027406639   -1.470744173  -13.493902791
   -1.570796327   -1.047197551   31.506610712   -4.019745775  -17.330424880
   -1.396263402   -1.047197551   30.823662113   -3.238482663  -20.992436832
   -1.221730476   -1.047197551   30.577393926    0.866752101  -23.773309401
   -1.047197551   -1.047197551   31.254795093    7.042119176  -25.112566822
   -0.872664626   -1.047197551   33.046426393   13.236285667  -24.791718695
   -0.698131701   -1.047197551   35.759618644   17.271606653  -22.967083207
   -0.523598776   -1.047197551   38.861102917   17.472899616  -20.062709380
   -0.349065850   -1.047197551   41.586643879   12.870478004  -16.615855946
   -0.174532925   -1.047197551   43.064569140    3.180716998  -13.158165146
    0.000000000   -1.047197551   42.440842122  -11.039088368  -10.142447039
    0.174532925   -1.047197551   39.070284764  -27.794093556   -7.873121258
    0.349065850   -1.047197551   32.830915247  -43.066424669   -6.443614887
    0.523598776   -1.047197551   24.462285259  -51.196699413   -5.715365747
    0.698131701   -1.047197551   15.699411423  -46.909702101   -5.375627223
    0.872664626   -1.047197551    8.945863742  -28.254414260   -5.075904463
    1.047197551   -1.047197551    6.496898326    1.394018079   -4.576842940
    1.221730476   -1.047197551    9.625198970   34.113018221   -3.817172976
    1.396263402   -1.047197551   18.045069033   60.623054573   -2.871889626
    1.570796327   -1.047197551   30.024068238   74.118764852   -1.856199118
    1.745329252   -1.047197551   43.033136344   72.481434210   -0.851521519
    1.919862177   -1.047197551   54.574260972   57.944780231    0.115203143
    2.094395102   -1.047197551   62.790650367   35.266252696    1.038513237
    2.268928028   -1.047197551   66.720879502    9.662013464    1.894349112
    2.443460953   -1.047197551   66.260425124  -14.391577564    2.616023437
    2.617993878   -1.047197551   61.993808426  -33.474375652    3.097114632
    2.792526803   -1.047197551   55.019419120  -45.143361208    3.209951131
    2.967059728   -1.047197551   46.771969223  -48.029287196    2.869355171

   -3.141592654   -0.698131701   38.424332733  -45.723417330    2.375503281
   -2.967059728   -0.698131701   31.397879729  -33.998707420    0.395669655
   -2.792526803   -0.698131701   26.754519941  -19.117185820   -1.972125730
   -2.617993878   -0.698131701   24.658138511   -5.491203467   -4.467137164
   -2.443460953   -0.698131701   24.559773910    3.364171714   -6.924803537
   -2.268928028   -0.698131701   25.467528871    6.014927327   -9.360377572
   -2.094395102   -0.698131701   26.342378336    3.286730060  -11.948899748
   -1.919862177   -0.698131701   26.445015173   -2.334741218  -14.873895806
   -1.745329252   -0.698131701   25.543263170   -7.709343141  -18.123014925
   -1.570796327   -0.698131701   23.938172656   -9.995800941  -21.346785508
   -1.396263402   -0.698131701   22.334827914   -7.567033575  -23.910437205
   -1.221730476   -0.698131701   21.570355458   -0.579678073  -25.130666365
   -1.047197551   -0.698131701   22.293557190    9.033436850  -24.587354675
   -0.872664626   -0.698131701   24.715810967   18.349592134  -22.309528055
   -0.698131701   -0.698131701   28.524721616   24.502954396  -18.750214810
   -0.523598776   -0.698131701   32.979272804   25.517769699  -14.597268048
   -0.349065850   -0.698131701   37.086885513   20.468599735  -10.536228234
   -0.174532925   -0.698131701   39.777936154    9.344624327   -7.078233210
    0.000000000   -0.698131701   40.060409079   -6.874805384   -4.472487702
    0.174532925   -0.698131701   37.234219708  -25.682639951   -2.667453583
    0.349065850   -0.698131701   31.215824489  -42.530493562   -1.358553707
    0.523598776   -0.698131701   22.865620060  -51.370199703   -0.125507318
    0.698131701   -0.698131701   14.080560332  -46.866123730    1.360823957
    0.872664626   -0.698131701    7.403058302  -27.381065214    3.153419965
    1.047197551   -0.698131701    5.190049427    3.181910172    4.992193521
    1.221730476   -0.698131701    8.686558381   36.450873886    6.456074681
    1.396263402   -0.698131701   17.524249534   62.984258011    7.207869218
    1.570796327   -0.698131701   29.887285399   76.109029735    7.177979397
    1.745329252   -0.698131701   43.200517155   73.975158000    6.578709184
    1.919862177   -0.698131701   54.963785785   59.019727138    5.776536799
    2.094395102   -0.698131701   63.340744230   36.047191089    5.110312187
    2.268928028   -0.698131701   67.384945786   10.180359144    4.758355998
    2.443460953   -0.698131701   66.983245735  -14.266156526    4.691849677
    2.617993878   -0.698131701   62.685345890  -34.015468169    4.704452943
    2.792526803   -0.698131701   55.538222613  -46.623749196    4.485595935
    2.967059728   -0.698131701   46.939001222  -50.586961355    3.756993509

   -3.141592654   -0.349065850   39.107850631  -49.974269151    3.261072047
   -2.967059728   -0.349065850   31.231649910  -39.383283069    0.769022205
   -2.792526803   -0.349065850   25.595747584  -24.982998277   -2.204944458
   -2.617993878   -0.349065850   22.480155104  -11.220017197   -5.314875188
   -2.443460953   -0.349065850   21.417751207   -1.938811580   -8.303007282
   -2.268928028   -0.349065850   21.429866935    1.004918191  -11.102962986
   -2.094395102   -0.349065850   21.430195766   -1.779856084  -13.810346136
   -1.919862177   -0.349065850   20.628370457   -7.621400894  -16.516598130
   -1.745329252   -0.349065850   18.808854592  -12.814570536  -19.112365043
   -1.570796327   -0.349065850   16.399323625  -13.899721122  -21.191778584
   -1.396263402   -0.349065850   14.311733340   -9.006446363  -22.166546464
   -1.221730476   -0.349065850   13.580861163    1.333423456  -21.535069625
   -1.047197551   -0.349065850   14.939312654   14.321744508  -19.171003743
   -0.872664626   -0.349065850   18.518300761   26.099371080  -15.430004637
   -0.698131701   -0.349065850   23.788433540   33.217455603  -11.027487616
   -0.523598776   -0.349065850   29.734576058   33.651055538   -6.770835590
   -0.349065850   -0.349065850   35.122405558   26.856566846   -3.279080971
   -0.174532925   -0.349065850   38.732708216   13.453386253   -0.817790463
    0.000000000   -0.349065850   39.542906786   -4.846257259    0.744984721
    0.174532925   -0.349065850   36.947556222  -24.879943038    1.890929841
    0.349065850   -0.349065850   31.052026139  -41.716193069    3.268242837
    0.523598776   -0.349065850   22.931597014  -49.414090979    5.413594075
    0.698131701   -0.349065850   14.630101637  -43.293787355    8.461721821
    0.872664626   -0.349065850    8.691417873  -22.654579638   11.999050906
    1.047197551   -0.349065850    7.320969163    7.871288340   15.200309103
    1.221730476   -0.349065850   11.535676741   39.797343713   17.207807437
    1.396263402   -0.349065850   20.778655803   64.220475026   17.533078538
    1.570796327   -0.349065850   33.172946508   75.310424682   16.259945798
    1.745329252   -0.349065850   46.221741047   71.908063040   13.953455595
    1.919862177   -0.349065850   57.586805591   56.688565912   11.374840120
    2.094395102   -0.349065850   65.593804741   34.233618966    9.173059830
    2.268928028   -0.349065850   69.391685219    9.173949390    7.686931804
    2.443460953   -0.349065850   68.869592356  -14.715384456    6.897702512
    2.617993878   -0.349065850   64.497062328  -34.557933395    6.496108201
    2.792526803   -0.349065850   57.192844892  -48.001378093    6.013439353
    2.967059728   -0.349065850   48.237228911  -53.344354154    5.016295193

   -3.141592654    0.000000000   40.567228809  -53.919021556    3.065518866
   -2.967059728    0.000000000   31.881508236  -44.620735261    0.704525036
   -2.792526803    0.000000000   25.261405564  -30.898658835   -2.029586016
   -2.617993878    0.000000000   21.102080291  -17.169357275   -4.821445733
   -2.443460953    0.000000000   19.027823832   -7.549943506   -7.445358443
   -2.268928028    0.000000000   18.093986697   -4.239031045   -9.844743149
   -2.094395102    0.000000000   17.203286363   -6.753012656  -12.077632755
   -1.919862177    0.000000000   15.564085127  -12.182157941  -14.153246219
   -1.745329252    0.000000000   13.027137469  -16.322815931  -15.878399500
   -1.570796327    0.000000000   10.171506382  -15.314980063  -16.830295367
   -1.396263402    0.000000000    8.092818693   -7.358627141  -16.522420235
   -1.221730476    0.000000000    7.945666042    6.347013251  -14.672378862
   -1.047197551    0.000000000   10.429511999   22.006528418  -11.426315417
   -0.872664626    0.000000000   15.474678840   34.915824971   -7.370765302
   -0.698131701    0.000000000   22.250959594   41.362879740   -3.324632566
   -0.523598776    0.000000000   29.454079292   39.731371618   -0.027600163
   -0.349065850    0.000000000   35.675369785   30.311988557    2.132726087
   -0.174532925    0.000000000   39.682329863   14.674966463    3.225558560
    0.000000000    0.000000000   40.594099301   -4.654092658    3.735753971
    0.174532925    0.000000000   38.060274455  -24.088288359    4.417984463
    0.349065850    0.000000000   32.468161127  -38.838539094    6.028599772
    0.523598776    0.000000000   25.091042696  -43.770023376    9.006201168
    0.698131701    0.000000000   17.983645673  -35.480876147   13.202082250
    0.872664626    0.000000000   13.475311029  -14.456494756   17.823936937
    1.047197551    0.000000000   13.404605835   14.203308574   21.705618033
    1.221730476    0.000000000   18.428625838   42.546508507   23.801478030
    1.396263402    0.000000000   27.794863732   62.927968087   23.628254326
    1.570796327    0.000000000   39.665647300   70.838564123   21.428121307
    1.745329252    0.000000000   51.774486028   65.914859411   17.991810687
    1.919862177    0.000000000   62.087427558   50.883077882   14.287177342
    2.094395102    0.000000000   69.188393987   29.790005568   11.101988851
    2.268928028    0.000000000   72.363966517    6.485585658    8.835502311
    2.443460953    0.000000000   71.504618497  -15.998115023    7.469974865
    2.617993878    0.000000000   66.971387511  -35.293606406    6.667472462
    2.792526803    0.000000000   59.513940297  -49.180400679    5.931461828
    2.967059728    0.000000000   50.252003137  -55.749646742    4.812445604

   -3.141592654    0.349065850   42.052894823  -57.354943144    1.981976325
   -2.967059728    0.349065850   32.670573176  -49.076927438    0.505399600
   -2.792526803    0.349065850   25.223333585  -35.801537406   -1.145257124
   -2.617993878    0.349065850   20.214112455  -21.914686789   -2.808995320
   -2.443460953    0.349065850   17.353160043  -11.786293984   -4.383059030
   -2.268928028    0.349065850   15.729063317   -7.923321733   -5.858675144
   -2.094395102    0.349065850   14.238093200   -9.949340474   -7.264766809
   -1.919862177    0.349065850   12.090913916  -14.752581400   -8.553073879
   -1.745329252    0.349065850    9.194627297  -17.752728351   -9.518238875
   -1.570796327    0.349065850    6.242283033  -14.869692645   -9.824239910
   -1.396263402    0.349065850    4.446397838   -4.513064754   -9.160565754
   -1.221730476    0.349065850    5.001779728   11.464197675   -7.434789628
   -1.047197551    0.349065850    8.515534336   28.482862187   -4.891552992
   -0.872664626    0.349065850   14.707492282   41.329835811   -2.052194199
   -0.698131701    0.349065850   22.496944441   46.357667464    0.492994490
   -0.523598776    0.349065850   30.387413647   42.549854650    2.333186628
   -0.349065850    0.349065850   36.911195313   31.044776927    3.411735388
   -0.174532925    0.349065850   40.925790271   14.232249299    4.037728801
    0.000000000    0.349065850   41.763359994   -4.785307165    4.783123900
    0.174532925    0.349065850   39.353353531  -22.286548911    6.302762175
    0.349065850    0.349065850   34.336952667  -33.926194681    9.083706649
    0.523598776    0.349065850   28.107993664  -35.627091453   13.196805833
    0.698131701    0.349065850   22.621874087  -25.379147686   18.146261477
    0.872664626    0.349065850   19.880657852   -4.763700579   22.932969707
    1.047197551    0.349065850   21.275710763   20.925607911   26.392001441
    1.221730476    0.349065850   27.080004786   44.606163154   27.658055981
    1.396263402    0.349065850   36.375106104   60.162518032   26.497137897
    1.570796327    0.349065850   47.426816194   64.521835827   23.352728143
    1.745329252    0.349065850   58.269200842   58.077657398   19.104432828
    1.919862177    0.349065850   67.227156115   43.478189967   14.708975388
    2.094395102    0.349065850   73.172645197   24.092641712   10.902308862
    2.268928028    0.349065850   75.537618549    2.886614740    8.052657572
    2.443460953    0.349065850   74.209054043  -17.892425188    6.164354839
    2.617993878    0.349065850   69.432051907  -36.368959496    4.974632650
    2.792526803    0.349065850   61.785292546  -50.429009764    4.094190758
    2.967059728    0.349065850   52.229292881  -57.935381157    3.166233445

   -3.141592654    0.698131701   43.625480803  -58.894300850   -0.361390914
   -2.967059728    0.698131701   33.913517589  -51.276648637   -0.777791366
   -2.792526803    0.698131701   26.039722315  -38.430578399   -1.098996283
   -2.617993878    0.698131701   20.555276801  -24.681867188   -1.352495178
   -2.443460953    0.698131701   17.214682976  -14.487966382   -1.594636161
   -2.268928028    0.698131701   15.132266564  -10.461280059   -1.899831577
   -2.094395102    0.698131701   13.219015773  -12.226763664   -2.314441009
   -1.919862177    0.698131701   10.712361546  -16.540524496   -2.800966952
   -1.745329252    0.698131701    7.574111112  -18.661890162   -3.225815464
   -1.570796327    0.698131701    4.569445010  -14.504078467   -3.403593571
   -1.396263402    0.698131701    2.961840353   -2.726754586   -3.192886573
   -1.221730476    0.698131701    3.934859947   14.375525017   -2.576693503
   -1.047197551    0.698131701    8.006266944   31.823039316   -1.679896306
   -0.872664626    0.698131701   14.757159920   44.264472659   -0.700751789
   -0.698131701    0.698131701   22.978000858   48.301010785    0.203315554
   -0.523598776    0.698131701   31.112952470   43.450385784    1.015272672
   -0.349065850    0.698131701   37.738649120   31.444841907    1.902722534
   -0.174532925    0.698131701   41.850415765   15.133225689    3.173136887
    0.000000000    0.698131701   42.974345868   -2.213621263    5.184798524
    0.174532925    0.698131701   41.230852817  -17.106691037    8.222082843
    0.349065850    0.698131701   37.372822706  -25.872372212   12.335073436
    0.523598776    0.698131701   32.754364292  -25.447901158   17.205862422
    0.698131701    0.698131701   29.106594541  -14.864658076   22.117972735
    0.872664626    0.698131701   28.060417090    3.746389560   26.099027569
    1.047197551    0.698131701   30.611021271   25.393343921   28.248576639
    1.221730476    0.698131701   36.762629616   44.080361825   28.090365081
    1.396263402    0.698131701   45.553780140   55.100490460   25.739395000
    1.570796327    0.698131701   55.434857675   56.490033090   21.819103084
    1.745329252    0.698131701   64.762311325   49.083506386   17.184234548
    1.919862177    0.698131701   72.199308791   35.291915673   12.627651483
    2.094395102    0.698131701   76.872998143   17.822536516    8.691450053
    2.268928028    0.698131701   78.340274698   -1.136402801    5.619907885
    2.443460953    0.698131701   76.485181139  -20.000307104    3.409776637
    2.617993878    0.698131701   71.455586592  -37.295777182    1.903104060
    2.792526803    0.698131701   63.688800364  -50.999513697    0.886756717
    2.967059728    0.698131701   54.011586318  -58.811323281    0.171280884

   -3.141592654    1.047197551   42.506225014  -58.933857086   -5.391734012
   -2.967059728    1.047197551   32.852837035  -50.592914146   -4.838453727
   -2.792526803    1.047197551   25.140309128  -37.318929330   -3.951614174
   -2.617993878    1.047197551   19.859751646  -23.517136175   -2.951219029
   -2.443460953    1.047197551   16.700790133  -13.615372700   -2.046368044
   -2.268928028    1.047197551   14.729837102  -10.071007081   -1.377503545
   -2.094395102    1.047197551   12.842435723  -12.299482365   -0.982859785
   -1.919862177    1.047197551   10.295265266  -16.894687721   -0.812145708
   -1.745329252    1.047197551    7.087734698  -19.066233246   -0.788825220
   -1.570796327    1.047197551    4.020114638  -14.806119623   -0.868770606
   -1.396263402    1.047197551    2.371203947   -2.907638196   -1.057115513
   -1.221730476    1.047197551    3.318553440   14.241961625   -1.361237487
   -1.047197551    1.047197551    7.366541725   31.680357644   -1.718757580
   -0.872664626    1.047197551   14.095262522   44.174915770   -1.959166509
   -0.698131701    1.047197551   22.322245778   48.516565379   -1.828762688
   -0.523598776    1.047197551   30.551746335   44.404738106   -1.059694980
   -0.349065850    1.047197551   37.447558278   33.677355166    0.565054046
   -0.174532925    1.047197551   42.099482890   19.165027343    3.166037969
    0.000000000    1.047197551   44.110377600    3.949548122    6.744180627
    0.174532925    1.047197551   43.627397379   -8.883647012   11.149460471
    0.349065850    1.047197551   41.341078294  -16.257912080   16.023096508
    0.523598776    1.047197551   38.429893986  -15.767151402   20.771527047
    0.698131701    1.047197551   36.350135889   -6.884374272   24.631846560
    0.872664626    1.047197551   36.423878067    8.362428268   26.858983411
    1.047197551    1.047197551   39.410817235   25.710134480   26.993247067
    1.221730476    1.047197551   45.244563137   40.235021282   25.048224239
    1.396263402    1.047197551   53.076008931   48.185181508   21.486343610
    1.570796327    1.047197551   61.593658665   48.040158451   17.016566016
    1.745329252    1.047197551   69.418518545   40.518008969   12.326686235
    1.919862177    1.047197551   75.424142851   27.567515794    7.912853159
    2.094395102    1.047197551   78.858508864   11.381754894    4.041409442
    2.268928028    1.047197551   79.319935368   -6.232033975    0.815879168
    2.443460953    1.047197551   76.683792066  -23.881170827   -1.742481791
    2.617993878    1.047197551   71.070780508  -40.116337342   -3.636744762
    2.792526803    1.047197551   62.895896988  -52.851574881   -4.865746489
    2.967059728    1.047197551   52.975232455  -59.725060110   -5.438199398

   -3.141592654    1.396263402   37.929165079  -58.750549163  -11.036720363
   -2.967059728    1.396263402   28.465566287  -48.649904913   -9.913152562
   -2.792526803    1.396263402   21.212622623  -34.098445181   -8.281190436
   -2.617993878    1.396263402   16.555191973  -19.718576522   -6.497310809
   -2.443460953    1.396263402   14.057287156   -9.940069273   -4.848352581
   -2.268928028    1.396263402   12.680004237   -6.997457094   -3.465623235
   -2.094395102    1.396263402   11.261431483  -10.008703841   -2.325689004
   -1.919862177    1.396263402    9.046156273  -15.378430000   -1.342047334
   -1.745329252    1.396263402    6.037212484  -18.317622894   -0.490651707
   -1.570796327    1.396263402    3.026951398  -14.922441678    0.133988991
   -1.396263402    1.396263402    1.275113781   -3.980097086    0.379870008
   -1.221730476    1.396263402    1.961303433   12.369179486    0.190709226
   -1.047197551    1.396263402    5.652041250   29.579513897   -0.265605503
   -0.872664626    1.396263402   12.059177518   42.751589423   -0.600665699
   -0.698131701    1.396263402   20.168638565   48.740130834   -0.347030898
   -0.523598776    1.396263402   28.635560828   46.986957846    0.856217763
   -0.349065850    1.396263402   36.211099616   38.884475026    3.146432196
   -0.174532925    1.396263402   41.987955193   26.769201737    6.433161123
    0.000000000    1.396263402   45.488131101   13.261948259   10.448452880
    0.174532925    1.396263402   46.702231460    1.031266381   14.790064613
    0.349065850    1.396263402   46.097089093   -7.169330634   18.924091201
    0.523598776    1.396263402   44.587422006   -9.037619222   22.216059788
    0.698131701    1.396263402   43.381348548   -3.755970424   24.043232830
    0.872664626    1.396263402   43.644324407    7.401487954   23.990146539
    1.047197551    1.396263402   46.136025327   21.156406815   22.038364163
    1.221730476    1.396263402   50.950282203   33.348397999   18.601806308
    1.396263402    1.396263402   57.484676760   40.432455105   14.352096653
    1.570796327    1.396263402   64.657075336   40.501937880    9.944493086
    1.745329252    1.396263402   71.221448794   33.633183325    5.798804043
    1.919862177    1.396263402   76.079476765   21.262460246    2.058939286
    2.094395102    1.396263402   78.445892586    5.415919943   -1.308789730
    2.268928028    1.396263402   77.885296138  -11.971869010   -4.355990258
    2.443460953    1.396263402   74.275321806  -29.251229900   -7.050992294
    2.617993878    1.396263402   67.782905078  -44.733162131   -9.252290738
    2.792526803    1.396263402   58.901953133  -56.228114265  -10.748433587
    2.967059728    1.396263402   48.531491374  -61.423323126  -11.361468003

   -3.141592654    1.745329252   31.869961295  -57.617396969  -16.983954601
   -2.967059728    1.745329252   22.782657956  -45.573360787  -16.147226622
   -2.792526803    1.745329252   16.180141917  -29.873743110  -14.531415531
   -2.617993878    1.745329252   12.295068419  -15.228953038  -12.466171146
   -2.443460953    1.745329252   10.553541284   -5.839295439  -10.241741349
   -2.268928028    1.745329252    9.836964653   -3.538361643   -8.007891398
   -2.094395102    1.745329252    8.968955602   -7.138939488   -5.761351624
   -1.919862177    1.745329252    7.210755594  -13.014218908   -3.445043050
   -1.745329252    1.745329252    4.563947693  -16.577585827   -1.094266057
   -1.570796327    1.745329252    1.781223086  -14.114969252    1.087666026
   -1.396263402    1.745329252    0.073363232   -4.294152061    2.801093670
   -1.221730476    1.745329252    0.624700646   11.224365476    3.842228106
   -1.047197551    1.745329252    4.104761873   28.483842166    4.280924022
   -0.872664626    1.745329252   10.411046691   42.882025457    4.477712204
   -0.698131701    1.745329252   18.724178200   51.064754790    4.921751637
   -0.523598776    1.745329252   27.818965092   51.853207253    6.003664466
   -0.349065850    1.745329252   36.445066699   45.942732291    7.857314095
   -0.174532925    1.745329252   43.583068976   35.125446629   10.348300191
    0.000000000    1.745329252   48.569164607   21.717966003   13.134908535
    0.174532925    1.745329252   51.172774447    8.270039007   15.744070841
    0.349065850    1.745329252   51.632177221   -2.406323659   17.629492896
    0.523598776    1.745329252   50.664195426   -7.704423300   18.268261720
    0.698131701    1.745329252   49.361778256   -6.171200937   17.316216269
    0.872664626    1.745329252   48.909998085    1.793395490   14.782848278
    1.047197551    1.745329252   50.236818608   13.674274833   11.101204713
    1.221730476    1.745329252   53.697625228   25.564575357    6.993890775
    1.396263402    1.745329252   58.938855262   33.531361590    3.170325223
    1.570796327    1.745329252   65.018259110   34.869627716    0.038630323
    1.745329252    1.745329252   70.687430594   28.905538405   -2.407984199
    1.919862177    1.745329252   74.747674479   16.729841161   -4.474254375
    2.094395102    1.745329252   76.295283856    0.510462907   -6.532536473
    2.268928028    1.745329252   74.832722415  -17.371056275   -8.804781048
    2.443460953    1.745329252   70.262047517  -34.753617292  -11.269508362
    2.617993878    1.745329252   62.853080506  -49.573943091  -13.678430977
    2.792526803    1.745329252   53.246100657  -59.558192195  -15.650219447
    2.967059728    1.745329252   42.474613497  -62.605274970  -16.824331137

   -3.141592654    2.094395102   25.027787835  -57.509829568  -18.324709500
   -2.967059728    2.094395102   16.132218012  -43.553810926  -17.495542035
   -2.792526803    2.094395102   10.010626254  -26.499057167  -15.801033701
   -2.617993878    2.094395102    6.785038386  -11.150108679  -13.547871004
   -2.443460953    2.094395102    5.780057274   -1.534356351  -10.998243531
   -2.268928028    2.094395102    5.821417922    0.839788268   -8.265261696
   -2.094395102    2.094395102    5.729813117   -2.600105295   -5.305885392
   -1.919862177    2.094395102    4.785059781   -8.240564731   -2.040640299
   -1.745329252    2.094395102    2.981309508  -11.753433175    1.476668907
   -1.570796327    2.094395102    1.012393635   -9.711311834    4.965742804
   -1.396263402    2.094395102    0.000000000   -0.803606729    7.995506428
   -1.221730476    2.094395102    1.067866981   13.658825706   10.201100010
   -1.047197551    2.094395102    4.906327783   30.251893548   11.493505287
   -0.872664626    2.094395102   11.517122217   44.736117396   12.105464095
   -0.698131701    2.094395102   20.215678764   53.724788770   12.438877364
   -0.523598776    2.094395102   29.871607421   55.625580102   12.836438434
   -0.349065850    2.094395102   39.241480508   50.610123080   13.413508676
   -0.174532925    2.094395102   47.225700188   40.009977542   14.042669057
    0.000000000    2.094395102   53.014876816   25.857024277   14.416914364
    0.174532925    2.094395102   56.198250900   10.589622403   14.141063168
    0.349065850    2.094395102   56.831665442   -2.869934238   12.831537021
    0.523598776    2.094395102   55.495576925  -11.488292297   10.254861200
    0.698131701    2.094395102   53.252823672  -13.037640385    6.483646532
    0.872664626    2.094395102   51.410705277   -7.008900302    1.992549099
    1.047197551    2.094395102   51.158471296    4.693216428   -2.431359507
    1.221730476    2.094395102   53.162561091   18.085218753   -5.977877163
    1.396263402    2.094395102   57.303130714   28.462192785   -8.164965890
    1.570796327    2.094395102   62.703002755   32.042287046   -9.041313082
    1.745329252    2.094395102   68.004383557   27.316151424   -9.121465976
    1.919862177    2.094395102   71.802439250   15.122203431   -9.111697260
    2.094395102    2.094395102   72.995219945   -2.045087572   -9.597685118
    2.268928028    2.094395102   70.977253517  -21.162310365  -10.840878878
    2.443460953    2.094395102   65.659909042  -39.403741694  -12.742935310
    2.617993878    2.094395102   57.422641385  -54.238497505  -14.925292037
    2.792526803    2.094395102   47.070562387  -63.265208506  -16.871175371
    2.967059728    2.094395102   35.794799529  -64.571716711  -18.104114248

   -3.141592654    2.443460953   18.865869519  -57.592336852  -12.652570909
   -2.967059728    2.443460953   10.118576572  -41.814837437  -11.662805783
   -2.792526803    2.443460953    4.436256792  -23.287133173  -10.023772955
   -2.617993878    2.443460953    1.867572796   -6.905740547   -7.960315907
   -2.443460953    2.443460953    1.669331686    3.429050348   -5.628925954
   -2.268928028    2.443460953    2.633386250    6.453293281   -3.040374392
   -2.094395102    2.443460953    3.584674482    3.749702924   -0.070417938
   -1.919862177    2.443460953    3.814320903   -1.159384046    3.414516575
   -1.745329252    2.443460953    3.288934333   -4.280237968    7.385335538
   -1.570796327    2.443460953    2.609568890   -2.551339635   11.541100011
   -1.396263402    2.443460953    2.760422593    5.234223706   15.360575201
   -1.221730476    2.443460953    4.743775176   18.056355807   18.303245201
   -1.047197551    2.443460953    9.204335030   33.023742981   20.040855525
   -0.872664626    2.443460953   16.188260518   46.332159682   20.566812946
   -0.698131701    2.443460953   25.103219226   54.688095663   20.122219069
   -0.523598776    2.443460953   34.895149919   56.229413133   19.018578750
   -0.349065850    2.443460953   44.333563850   50.734112877   17.466288315
   -0.174532925    2.443460953   52.265586804   39.187765643   15.513215334
    0.000000000    2.443460953   57.782825929   23.448207965   13.058880493
    0.174532925    2.443460953   60.362652413    5.992919637    9.921626220
    0.349065850    2.443460953   59.977348156   -9.955339273    5.950593797
    0.523598776    2.443460953   57.202649853  -20.770886783    1.177137330
    0.698131701    2.443460953   53.219576041  -23.444333061   -4.053765985
    0.872664626    2.443460953   49.583821021  -16.833059770   -9.059316736
    1.047197551    2.443460953   47.800268614   -2.759365955  -13.001570808
    1.221730476    2.443460953   48.800468707   14.139910952  -15.221310011
    1.396263402    2.443460953   52.566217619   28.013907027  -15.538178733
    1.570796327    2.443460953   58.117672745   33.981980571  -14.341570268
    1.745329252    2.443460953   63.843940033   29.962491677  -12.409643667
    1.919862177    2.443460953   68.047968029   16.915480416  -10.588214475
    2.094395102    2.443460953   69.404559977   -2.043810152   -9.492528445
    2.268928028    2.443460953   67.213177922  -23.108466459   -9.359888767
    2.443460953    2.443460953   61.420300550  -42.773072571  -10.058870825
    2.617993878    2.443460953   52.537090765  -58.087109463  -11.197209283
    2.792526803    2.443460953   41.546946932  -66.562575609  -12.273200132
    2.967059728    2.443460953   29.807882317  -66.479002249  -12.846020424

   -3.141592654    2.792526803   16.155060242  -56.626919473   -0.356402996
   -2.967059728    2.792526803    7.653067853  -40.008800400    1.194998890
   -2.792526803    2.792526803    2.344928855  -20.847710770    2.856795432
   -2.617993878    2.792526803    0.246540853   -3.967070991    4.520790758
   -2.443460953    2.792526803    0.608103593    6.930092321    6.210178495
   -2.268928028    2.792526803    2.251332208   10.789158492    8.088561425
   -2.094395102    2.792526803    4.057914762    9.262103778   10.394697604
   -1.919862177    2.792526803    5.366429829    5.685968306   13.304510540
   -1.745329252    2.792526803    6.135583134    3.615062232   16.785066300
   -1.570796327    2.792526803    6.871431134    5.597251533   20.510469808
   -1.396263402    2.792526803    8.386883486   12.526005259   23.918826327
   -1.221730476    2.792526803   11.490924050   23.459389024   26.394575288
   -1.047197551    2.792526803   16.681856860   35.936462624   27.492708976
   -0.872664626    2.792526803   23.948251242   46.684510854   27.073733043
   -0.698131701    2.792526803   32.721005412   52.774508682   25.289177404
   -0.523598776    2.792526803   42.008135696   52.410771767   22.454943613
   -0.349065850    2.792526803   50.632903739   45.252154549   18.892872872
   -0.174532925    2.792526803   57.469055287   32.113956499   14.835676229
    0.000000000    2.792526803   61.612021814   14.772291458   10.395995659
    0.174532925    2.792526803   62.542547708   -4.201333100    5.593675846
    0.349065850    2.792526803   60.270583530  -21.274053655    0.456846486
    0.523598776    2.792526803   55.481722640  -32.334935017   -4.842852121
    0.698131701    2.792526803   49.555744277  -33.870904109   -9.890833563
    0.872664626    2.792526803   44.313917227  -24.545094909  -14.053476552
    1.047197551    2.792526803   41.513739360   -6.550283732  -16.684269144
    1.221730476    2.792526803   42.223465087   14.567898267  -17.412917549
    1.396263402    2.792526803   46.380322991   31.861250095  -16.333673231
    1.570796327    2.792526803   52.789128902   39.671475609  -13.981561422
    1.745329252    2.792526803   59.539424635   35.741728434  -11.102189451
    1.919862177    2.792526803   64.656990268   21.441943823   -8.379930150
    2.094395102    2.792526803   66.642004621    0.592428207   -6.239516646
    2.268928028    2.792526803   64.745611051  -22.303536844   -4.796131975
    2.443460953    2.792526803   58.971703547  -43.241024644   -3.907167066
    2.617993878    2.792526803   49.952440634  -59.041844298   -3.282924232
    2.792526803    2.792526803   38.808487067  -67.268885020   -2.604709751
    2.967059728    2.792526803   27.007654882  -66.438297831   -1.650780617
