#! FIELDS phi psi file.free der_phi der_psi
#! SET min_phi -pi
#! SET max_phi pi
#! SET nbins_phi  36
#! SET periodic_phi true
#! SET min_psi -pi
#! SET max_psi pi
#! SET nbins_psi  18
#! SET periodic_psi true
   -3.141592654   -3.141592654   18.616242019  -53.711560496   14.224373343
   -2.967059728   -3.141592654   10.590778243  -37.502817800   16.615303054
   -2.792526803   -3.141592654    5.676188178  -18.838532610   18.382622703
   -2.617993878   -3.141592654    3.897159945   -2.258978492   19.483905746
   -2.443460953   -3.141592654    4.564316139    8.814909706   20.128784978
   -2.268928028   -3.141592654    6.595357710   13.444647657   20.713686196
   -2.094395102   -3.141592654    8.968348258   13.147321033   21.666787824
   -1.919862177   -3.141592654   11.072226827   10.896410747   23.262568908
   -1.745329252   -3.141592654   12.839339305    9.729994490   25.489055691
   -1.570796327   -3.141592654   14.659437522   11.729131393   28.005120836
   -1.396263402   -3.141592654   17.165323212   17.554387109   30.224667947
   -1.221730476   -3.141592654   20.972750306   26.349810817   31.494838412
   -1.047197551   -3.141592654   26.428417797   36.014381878   31.314813789
   -0.872664626   -3.141592654   33.443731192   43.737565390   29.484642601
   -0.698131701   -3.141592654   41.448140875   46.981225790   26.138634497
   -0.523598776   -3.141592654   49.505321742   44.201570934   21.654281609
   -0.349065850   -3.141592654   56.527443970   35.202147860   16.492739876
   -0.174532925   -3.141592654   61.494809702   20.866935837   11.067707207
    0.000000000   -3.141592654   63.617197538    2.973699714    5.673151310
    0.174532925   -3.141592654   62.486914143  -15.903108158    0.475463395
    0.349065850   -3.141592654   58.230833983  -32.171120354   -4.404992459
    0.523598776   -3.141592654   51.670317156  -41.574722199   -8.790154975
    0.698131701   -3.141592654   44.345593268  -40.483582005  -12.380298208
    0.872664626   -3.141592654   38.239345209  -27.722615962  -14.790817223
    1.047197551   -3.141592654   35.207557244   -6.034812744  -15.713139117
    1.221730476   -3.141592654   36.296579121   18.264622774  -15.094174249
    1.396263402   -3.141592654   41.295351948   37.601837853  -13.193772780
    1.570796327   -3.141592654   48.788057319   46.158492838  -10.491087788
    1.745329252   -3.141592654   56.657429966   41.952836547   -7.485747675
    1.919862177   -3.141592654   62.792130001   26.841761341   -4.539634165
    2.094395102   -3.141592654   65.638474580    5.071898125   -1.805707665
    2.268928028   -3.141592654   64.453882842  -18.587166538    0.740298384
    2.443460953   -3.141592654   59.282744329  -40.003703104    3.229358140
    2.617993878   -3.141592654   50.809196961  -55.980610069    5.810427336
    2.792526803   -3.141592654   40.200031225  -64.194711892    8.569097996
    2.967059728   -3.141592654   28.940144524  -63.351096610   11.445052491

   -3.141592654   -2.792526803   25.253000181  -48.731517648   21.716417387
   -2.967059728   -2.792526803   17.963418107  -34.117319620   24.023159987
   -2.792526803   -2.792526803   13.487099750  -17.191178036   25.410865431
   -2.617993878   -2.792526803   11.864792393   -2.017227568   25.985371141
   -2.443460953   -2.792526803   12.504452595    8.403313058   26.091210974
   -2.268928028   -2.792526803   14.474054858   13.303015074   26.195591280
   -2.094395102   -2.792526803   16.905120854   14.055645413   26.706148093
   -1.919862177   -2.792526803   19.289584174   13.222379336   27.803242223
   -1.745329252   -2.792526803   21.575216133   13.261895397   29.359811232
   -1.570796327   -2.792526803   24.062257040   15.666982884   30.957619557
   -1.396263402   -2.792526803   27.203488097   20.675323119   32.004823230
   -1.221730476   -2.792526803   31.386402436   27.337869825   31.906263636
   -1.047197551   -2.792526803   36.749868862   33.858468635   30.255635897
   -0.872664626   -2.792526803   43.080876034   38.060010326   26.958351327
   -0.698131701   -2.792526803   49.806234889   38.127972043   22.255739292
   -0.523598776   -2.792526803   56.103702927   33.082760400   16.632019712
   -0.349065850   -2.792526803   61.072395619   22.997445849   10.650725080
   -0.174532925   -2.792526803   63.898857089    8.723874467    4.807478462
    0.000000000   -2.792526803   63.974768846   -8.204619119   -0.547552257
    0.174532925   -2.792526803   61.024144995  -25.495800693   -5.221139912
    0.349065850   -2.792526803   55.261702268  -39.775132197   -9.101116472
    0.523598776   -2.792526803   47.569072845  -46.890852260  -12.078652587
    0.698131701   -2.792526803   39.533281770  -43.273684779  -14.012120991
    0.872664626   -2.792526803   33.166491123  -27.912008612  -14.764877253
    1.047197551   -2.792526803   30.313013562   -3.859558679  -14.311333336
    1.221730476   -2.792526803   31.947324410   22.231830130  -12.810831265
    1.396263402   -2.792526803   37.739721855   42.609384517  -10.570475527
    1.570796327   -2.792526803   46.147976087   51.560241055   -7.924869915
    1.745329252   -2.792526803   54.966241133   47.392763801   -5.103818951
    1.919862177   -2.792526803   62.048942226   32.278315418   -2.187025595
    2.094395102   -2.792526803   65.853794889   10.644487869    0.861285021
    2.268928028   -2.792526803   65.666712170  -12.710924299    4.111471025
    2.443460953   -2.792526803   61.555254926  -33.743845372    7.601256490
    2.617993878   -2.792526803   54.203797127  -49.414032057   11.292412576
    2.792526803   -2.792526803   44.748243051  -57.621403164   15.050692462
    2.967059728   -2.792526803   34.602361019  -57.273740497   18.630784710

   -3.141592654   -2.443460953   32.831114610  -43.669153413   20.594671619
   -2.967059728   -2.443460953   26.285589184  -30.695320944   22.478364973
   -2.792526803   -2.443460953   22.261170903  -15.399258932   23.574115881
   -2.617993878   -2.443460953   20.838122362   -1.422954280   23.995245266
   -2.443460953   -2.443460953   21.530121801    8.542113095   24.001845971
   -2.268928028   -2.443460953   23.540736496   13.744853020   23.916542570
   -2.094395102   -2.443460953   26.112040206   15.259215367   23.995037040
   -1.919862177   -2.443460953   28.773794949   15.146624601   24.311635847
   -1.745329252   -2.443460953   31.419603021   15.333942331   24.718154543
   -1.570796327   -2.443460953   34.213104623   16.933381480   24.877900950
   -1.396263402   -2.443460953   37.426204212   20.065461475   24.372697326
   -1.221730476   -2.443460953   41.271851318   23.985351954   22.830763376
   -1.047197551   -2.443460953   45.777751780   27.385045254   20.057855981
   -0.872664626   -2.443460953   50.721118392   28.740799252   16.104687952
   -0.698131701   -2.443460953   55.629697738   26.820959163   11.264258319
   -0.523598776   -2.443460953   59.865002005   20.977943949    5.987332184
   -0.349065850   -2.443460953   62.738286051   11.278025501    0.753438763
   -0.174532925   -2.443460953   63.621340811   -1.695085035   -4.042148896
    0.000000000   -2.443460953   62.031864351  -16.811374466   -8.140815022
    0.174532925   -2.443460953   57.751125165  -32.112441934  -11.427375048
    0.349065850   -2.443460953   51.006949649  -44.400892366  -13.866021888
    0.523598776   -2.443460953   42.678740176  -49.537792743  -15.439660281
    0.698131701   -2.443460953   34.354659082  -43.916073728  -16.116711331
    0.872664626   -2.443460953   28.047302633  -26.596203787  -15.872519344
    1.047197551   -2.443460953   25.576846722   -0.839118147  -14.757324652
    1.221730476   -2.443460953   27.853375605   26.486696916  -12.932562705
    1.396263402   -2.443460953   34.456249743   47.560935129  -10.626195519
    1.570796327   -2.443460953   43.759497260   56.820578029   -8.042635270
    1.745329252   -2.443460953   53.512072433   52.834514768   -5.286667009
    1.919862177   -2.443460953   61.566348712   37.990326812   -2.364303608
    2.094395102   -2.443460953   66.403879122   16.784740212    0.766377852
    2.268928028   -2.443460953   67.333360798   -6.060534349    4.125852499
    2.443460953   -2.443460953   64.424432269  -26.649368842    7.672289470
    2.617993878   -2.443460953   58.334273239  -42.114638216   11.289930572
    2.792526803   -2.443460953   50.142286220  -50.534609534   14.800457069
    2.967059728   -2.443460953   41.178037727  -50.935144235   17.979675426

   -3.141592654   -2.094395102   38.700197940  -40.002775371   12.782090276
   -2.967059728   -2.094395102   32.696090024  -28.173282488   13.825362879
   -2.792526803   -2.094395102   29.014540416  -13.970519032   14.497024957
   -2.617993878   -2.094395102   27.761417166   -0.853328041   14.865665479
   -2.443460953   -2.094395102   28.504709748    8.624996071   15.011622808
   -2.268928028   -2.094395102   30.513403000   13.687198361   15.010165728
   -2.094395102   -2.094395102   33.074402406   15.197476007   14.892424711
   -1.919862177   -2.094395102   35.713828150   14.897195088   14.607008238
   -1.745329252   -2.094395102   38.266179633   14.417053773   14.014533535
   -1.570796327   -2.094395102   40.796495183   14.737327802   12.921235797
   -1.396263402   -2.094395102   43.474214794   16.061446690   11.151049742
   -1.221730476   -2.094395102   46.441837653   17.930917774    8.614811972
   -1.047197551   -2.094395102   49.719750305   19.439680209    5.367177554
   -0.872664626   -2.094395102   53.150749643   19.487544172    1.614508319
   -0.698131701   -2.094395102   56.391672051   17.131379857   -2.322416693
   -0.523598776   -2.094395102   58.966481689   11.800604117   -6.087258000
   -0.349065850   -2.094395102   60.340675970    3.390366864   -9.381799598
   -0.174532925   -2.094395102   59.994427198   -7.842773512  -12.037809718
    0.000000000   -2.094395102   57.490753082  -21.153027043  -14.031453266
    0.174532925   -2.094395102   52.594883033  -34.861207165  -15.458658944
    0.349065850   -2.094395102   45.486346572  -45.865892653  -16.449349099
    0.523598776   -2.094395102   36.997259949  -49.932266359  -17.084416966
    0.698131701   -2.094395102   28.693309389  -43.278733318  -17.341857884
    0.872664626   -2.094395102   22.589856377  -24.882446270  -17.111356130
    1.047197551   -2.094395102   20.512231813    1.938625795  -16.275921793
    1.221730476   -2.094395102   23.357462087   30.193973574  -14.797540443
    1.396263402   -2.094395102   30.673550384   51.988827457  -12.738183203
    1.570796327   -2.094395102   40.799283904   61.791135886  -10.229225329
    1.745329252   -2.094395102   51.459611399   58.247782806   -7.416579666
    1.919862177   -2.094395102   60.494145803   43.792914626   -4.430154474
    2.094395102   -2.094395102   66.374092625   22.903523709   -1.378176673
    2.268928028   -2.094395102   68.390283402    0.238145664    1.638034851
    2.443460953   -2.094395102   66.583048503  -20.368713516    4.514614097
    2.617993878   -2.094395102   61.570542565  -36.095261067    7.146361612
    2.792526803   -2.094395102   54.387395461  -45.049313482    9.438951279
    2.967059728   -2.094395102   46.315896682  -46.254194286   11.327705573

   -3.141592654   -1.745329252   40.756675627  -38.907660366    5.093395842
   -2.967059728   -1.745329252   34.924799075  -27.274057726    5.407121219
   -2.792526803   -1.745329252   31.392294547  -13.159935312    5.670217988
   -2.617993878   -1.745329252   30.270316907   -0.182744515    5.874266404
   -2.443460953   -1.745329252   31.107062783    8.991532558    5.923039250
   -2.268928028   -1.745329252   33.136234432   13.513771771    5.670547481
   -2.094395102   -1.745329252   35.599242273   14.198164440    4.960257369
   -1.919862177   -1.745329252   37.969076772   12.755662427    3.663401313
   -1.745329252   -1.745329252   40.026700225   10.851335777    1.721456910
   -1.570796327   -1.745329252   41.799458953    9.624918214   -0.813630428
   -1.396263402   -1.745329252   43.458487710    9.557275100   -3.760759894
   -1.221730476   -1.745329252   45.202173080   10.523811008   -6.845587005
   -1.047197551   -1.745329252   47.162095094   11.889072327   -9.772186245
   -0.872664626   -1.745329252   49.326990009   12.672972243  -12.295764952
   -0.698131701   -1.745329252   51.500279842   11.822680691  -14.257304158
   -0.523598776   -1.745329252   53.316419697    8.465869721  -15.582895848
   -0.349065850   -1.745329252   54.286694048    2.072382918  -16.274372960
   -0.174532925   -1.745329252   53.861981882   -7.508542719  -16.416647337
    0.000000000   -1.745329252   51.513600588  -19.833180723  -16.186499247
    0.174532925   -1.745329252   46.878156300  -33.312654269  -15.839316894
    0.349065850   -1.745329252   40.012871981  -44.698988905  -15.629098328
    0.523598776   -1.745329252   31.673402619  -49.385971570  -15.699204967
    0.698131701   -1.745329252   23.423254504  -43.138725618  -15.992223123
    0.872664626   -1.745329252   17.346737707  -24.608964452  -16.252358472
    1.047197551   -1.745329252   15.373362905    2.944288492  -16.134904688
    1.221730476   -1.745329252   18.490548376   32.337987814  -15.362768357
    1.396263402   -1.745329252   26.289243381   55.355147390  -13.827432355
    1.570796327   -1.745329252   37.095971145   66.166814098  -11.611929516
    1.745329252   -1.745329252   48.581579052   63.248903579   -8.935588945
    1.919862177   -1.745329252   58.512828129   48.989477121   -6.075233553
    2.094395102   -1.745329252   65.288717963   27.908231109   -3.293956593
    2.268928028   -1.745329252   68.139149863    4.744829907   -0.801055952
    2.443460953   -1.745329252   67.059178493  -16.573367689    1.266108297
    2.617993878   -1.745329252   62.638317627  -33.123191475    2.845389521
    2.792526803   -1.745329252   55.902531555  -42.886231839    3.946896152
    2.967059728   -1.745329252   48.149553641  -44.752597605    4.654570685

   -3.141592654   -1.396263402   40.272891615  -39.479725670    1.117384678
   -2.967059728   -1.396263402   34.363357882  -27.573680807    0.808749648
   -2.792526803   -1.396263402   30.805324729  -13.185318767    0.489055023
   -2.617993878   -1.396263402   29.682276767   -0.245294239    0.164536938
   -2.443460953   -1.396263402   30.468472943    8.382747483   -0.275298406
   -2.268928028   -1.396263402   32.303500220   11.815885074   -1.035366202
   -2.094395102   -1.396263402   34.343443327   10.999722221   -2.363995855
   -1.919862177   -1.396263402   36.010997014    7.911357304   -4.463190684
   -1.745329252   -1.396263402   37.092892858    4.585863720   -7.380141580
   -1.570796327   -1.396263402   37.691485829    2.573096022  -10.919476529
   -1.396263402   -1.396263402   38.118206980    2.661832154  -14.644226837
   -1.221730476   -1.396263402   38.746404567    4.796129548  -17.993342840
   -1.047197551   -1.396263402   39.868378839    8.111320511  -20.466954111
   -0.872664626   -1.396263402   41.574218787   11.209626381  -21.773894829
   -0.698131701   -1.396263402   43.690142885   12.581127839  -21.875167001
   -0.523598776   -1.396263402   45.803452253   11.022837214  -20.933774209
   -0.349065850   -1.396263402   47.332382913    5.807055043  -19.237338940
   -0.174532925   -1.396263402   47.609805817   -3.321795985  -17.146153396
    0.000000000   -1.396263402   45.975178838  -15.972959692  -15.061416496
    0.174532925   -1.396263402   41.930622295  -30.511126262  -13.374454955
    0.349065850   -1.396263402   35.422580230  -43.459082701  -12.367435053
    0.523598776   -1.396263402   27.155933914  -49.757182518  -12.107853176
    0.698131701   -1.396263402   18.734497005  -44.610022734  -12.396102608
    0.872664626   -1.396263402   12.372677350  -26.237291201  -12.827150616
    1.047197551   -1.396263402   10.178458903    2.187505890  -12.949281630
    1.221730476   -1.396263402   13.298306785   33.198975964  -12.443231230
    1.396263402   -1.396263402   21.408904774   58.048914776  -11.216891471
    1.570796327   -1.396263402   32.825579438   70.363663789   -9.395108850
    1.745329252   -1.396263402   45.126762658   68.258499847   -7.232776213
    1.919862177   -1.396263402   55.945621006   54.015797935   -5.010554759
    2.094395102   -1.396263402   63.549653781   32.270736419   -2.962771366
    2.268928028   -1.396263402   67.069887123    8.003881304   -1.249661645
    2.443460953   -1.396263402   66.448267837  -14.585137995    0.040701154
    2.617993878   -1.396263402   62.267833712  -32.326266690    0.879163377
    2.792526803   -1.396263402   55.587631605  -42.985653931    1.281930269
    2.967059728   -1.396263402   47.771194975  -45.319299141    1.323318921

   -3.141592654   -1.047197551   38.017055003  -41.951003233    2.064574977
   -2.967059728   -1.047197551   31.703518553  -29.679030719    0.919082012
   -2.792526803   -1.047197551   27.828872731  -14.696459400   -0.476603945
   -2.617993878   -1.047197551   26.489652067   -1.258043893   -1.984782721
   -2.443460953   -1.047197551   27.113433938    7.440441017   -3.566987971
   -2.268928028   -1.047197551   28.743298390   10.291087103   -5.326171705
   -2.094395102   -1.047197551   30.416998190    8.233838091   -7.483116505
   -1.919862177   -1.047197551   31.462214411    3.519240773  -10.254399053
   -1.745329252   -1.047197551   31.642341870   -1.277092063  -13.678536854
   -1.570796327   -1.047197551   31.143678300   -3.955350082  -17.477126082
   -1.396263402   -1.047197551   30.463957878   -3.254528560  -21.069046182
   -1.221730476   -1.047197551   30.211463636    0.816751088  -23.754268202
   -1.047197551   -1.047197551   30.877818889    6.962121191  -24.986904403
   -0.872664626   -1.047197551   32.649931733   13.085794083  -24.568471072
   -0.698131701   -1.047197551   35.327171767   17.008188955  -22.676159664
   -0.523598776   -1.047197551   38.372656557   17.101616807  -19.752011368
   -0.349065850   -1.047197551   41.028352247   12.455238911  -16.344152936
   -0.174532925   -1.047197551   42.436081158    2.803927756  -12.984755330
    0.000000000   -1.047197551   41.753530765  -11.334236777  -10.114022289
    0.174532925   -1.047197551   38.337225679  -28.026858261   -8.009982502
    0.349065850   -1.047197551   32.058540409  -43.291341724   -6.731844050
    0.523598776   -1.047197551   23.649540701  -51.430425025   -6.109624674
    0.698131701   -1.047197551   14.848598501  -47.094940022   -5.813820421
    0.872664626   -1.047197551    8.074548524  -28.287376020   -5.499956200
    1.047197551   -1.047197551    5.638576637    1.581081388   -4.949502412
    1.221730476   -1.047197551    8.816232120   34.474833550   -4.129745307
    1.396263402   -1.047197551   17.303273910   60.999482234   -3.141388757
    1.570796327   -1.047197551   29.334715718   74.317015689   -2.114342527
    1.745329252   -1.047197551   42.353640346   72.389338297   -1.129092679
    1.919862177   -1.047197551   53.855108032   57.601435607   -0.196753214
    2.094395102   -1.047197551   62.000883361   34.834477302    0.701416573
    2.268928028   -1.047197551   65.861971438    9.328894083    1.562481378
    2.443460953   -1.047197551   65.361208377  -14.509316582    2.327608638
    2.617993878   -1.047197551   61.093577392  -33.375044264    2.882103310
    2.792526803   -1.047197551   54.150127723  -44.904385115    3.079633198
    2.967059728   -1.047197551   45.949576811  -47.745181039    2.814839229

   -3.141592654   -0.698131701   37.692907117  -45.347734010    2.488354892
   -2.967059728   -0.698131701   30.723099198  -33.726904755    0.544966135
   -2.792526803   -0.698131701   26.118953662  -18.930699375   -1.818156468
   -2.617993878   -0.698131701   24.051313282   -5.334424696   -4.339538220
   -2.443460953   -0.698131701   23.982296349    3.554241733   -6.846642014
   -2.268928028   -0.698131701   24.928677824    6.268930894   -9.342496323
   -2.094395102   -0.698131701   25.851916858    3.578451413  -11.988727067
   -1.919862177   -0.698131701   26.004244810   -2.068601622  -14.957433254
   -1.745329252   -0.698131701   25.142662975   -7.519837761  -18.228877101
   -1.570796327   -0.698131701   23.563638535   -9.882520280  -21.450253022
   -1.396263402   -0.698131701   21.976143842   -7.489369007  -23.987543341
   -1.221730476   -0.698131701   21.224426733   -0.509688928  -25.161955541
   -1.047197551   -0.698131701   21.957970528    9.073863570  -24.561573767
   -0.872664626   -0.698131701   24.379593535   18.290660010  -22.226750411
   -0.698131701   -0.698131701   28.163895195   24.273548056  -18.624208152
   -0.523598776   -0.698131701   32.561667067   25.100658098  -14.456289232
   -0.349065850   -0.698131701   36.583625158   19.917778326  -10.419672868
   -0.174532925   -0.698131701   39.173540783    8.752661973   -7.028456760
    0.000000000   -0.698131701   39.355048929   -7.429735222   -4.522577872
    0.174532925   -0.698131701   36.437822065  -26.164729038   -2.828681516
    0.349065850   -0.698131701   30.341861911  -42.935520170   -1.614661592
    0.523598776   -0.698131701   21.928937516  -51.676091971   -0.436832554
    0.698131701   -0.698131701   13.103084162  -47.013776249    1.043160212
    0.872664626   -0.698131701    6.418943465  -27.300809020    2.869983537
    1.047197551   -0.698131701    4.241309345    3.502702151    4.763207579
    1.221730476   -0.698131701    7.808319352   36.913697633    6.277951372
    1.396263402   -0.698131701   16.725354809   63.396035070    7.058783023
    1.570796327   -0.698131701   29.140788021   76.273806365    7.029082089
    1.745329252   -0.698131701   42.453764103   73.807265886    6.406966262
    1.919862177   -0.698131701   54.163733217   58.604223923    5.574779509
    2.094395102   -0.698131701   62.461250268   35.593023009    4.890731893
    2.268928028   -0.698131701   66.438883217    9.901153345    4.547782962
    2.443460953   -0.698131701   66.012985728  -14.256422292    4.521596129
    2.617993878   -0.698131701   61.740966208  -33.741533067    4.599739827
    2.792526803   -0.698131701   54.656714940  -46.199779517    4.459324748
    2.967059728   -0.698131701   46.135021168  -50.141641800    3.807675123

   -3.141592654   -0.349065850   38.441050738  -49.471934624    3.416499146
   -2.967059728   -0.349065850   30.640194568  -39.028201031    0.981872289
   -2.792526803   -0.349065850   25.052721234  -24.776130516   -1.958032143
   -2.617993878   -0.349065850   21.963540675  -11.108935051   -5.061515589
   -2.443460953   -0.349065850   20.917642752   -1.847126594   -8.069705511
   -2.268928028   -0.349065850   20.948441654    1.133423984  -10.910597549
   -2.094395102   -0.349065850   20.974938069   -1.612898245  -13.671004558
   -1.919862177   -0.349065850   20.202785869   -7.456960637  -16.432864335
   -1.745329252   -0.349065850   18.408634401  -12.692141920  -19.079430195
   -1.570796327   -0.349065850   16.016550652  -13.818879707  -21.200882194
   -1.396263402   -0.349065850   13.941655588   -8.934092428  -22.207807742
   -1.221730476   -0.349065850   13.224296690    1.415895421  -21.598302853
   -1.047197551   -0.349065850   14.596222768   14.384692491  -19.245367714
   -0.872664626   -0.349065850   18.178788277   26.065058117  -15.504728828
   -0.698131701   -0.349065850   23.428055665   33.004377032  -11.095713438
   -0.523598776   -0.349065850   29.318611383   33.229135643   -6.835013779
   -0.349065850   -0.349065850   34.617287333   26.269434521   -3.353666281
   -0.174532925   -0.349065850   38.117230405   12.793248855   -0.925790925
    0.000000000   -0.349065850   38.812745176   -5.486474012    0.582236681
    0.174532925   -0.349065850   36.111831047  -25.438999140    1.666046883
    0.349065850   -0.349065850   30.127948003  -42.164380941    2.994237303
    0.523598776   -0.349065850   21.941195046  -49.717505784    5.120947141
    0.698131701   -0.349065850   13.602977353  -43.400072023    8.185436159
    0.872664626   -0.349065850    7.666881426  -22.513721470   11.763292046
    1.047197551   -0.349065850    6.342355188    8.248815339   15.009396418
    1.221730476   -0.349065850   10.635856400   40.296334193   17.046406162
    1.396263402   -0.349065850   19.962154577   64.641443251   17.375380419
    1.570796327   -0.349065850   32.408294503   75.461049374   16.082642302
    1.745329252   -0.349065850   45.453119267   71.714272691   13.746447831
    1.919862177   -0.349065850   56.760469652   56.251186033   11.145888117
    2.094395102   -0.349065850   64.685705652   33.776904917    8.944454727
    2.268928028   -0.349065850   68.419144037    8.923060015    7.486715964
    2.443460953   -0.349065850   67.880969605  -14.640818671    6.750923540
    2.617993878   -0.349065850   63.548893942  -34.182344232    6.419755511
    2.792526803   -0.349065850   56.328001522  -47.446841529    6.016042473
    2.967059728   -0.349065850   47.474001606  -52.757132279    5.098719959

   -3.141592654    0.000000000   39.953230103  -53.294172832    3.263219134
   -2.967059728    0.000000000   31.362454192  -44.166737196    0.958813634
   -2.792526803    0.000000000   24.804639522  -30.634380718   -1.729832397
   -2.617993878    0.000000000   20.677255908  -17.052968167   -4.494907337
   -2.443460953    0.000000000   18.615861364   -7.504618759   -7.114867154
   -2.268928028    0.000000000   17.688928035   -4.197050158   -9.533317450
   -2.094395102    0.000000000   16.807055530   -6.695285140  -11.804647010
   -1.919862177    0.000000000   15.177663671  -12.133638373  -13.932512849
   -1.745329252    0.000000000   12.645970183  -16.314058608  -15.718665179
   -1.570796327    0.000000000    9.788281731  -15.344067810  -16.737556280
   -1.396263402    0.000000000    7.703404527   -7.392441047  -16.500462206
   -1.221730476    0.000000000    7.551957219    6.333349703  -14.719998510
   -1.047197551    0.000000000   10.034314083   21.997096404  -11.533030857
   -0.872664626    0.000000000   15.073463366   34.845572495   -7.515659731
   -0.698131701    0.000000000   21.825986419   41.151342164   -3.482262422
   -0.523598776    0.000000000   28.976008416   39.332727242   -0.177988680
   -0.349065850    0.000000000   35.112246066   29.744463634    1.995804719
   -0.174532925    0.000000000   39.010418113   14.011661536    3.094216068
    0.000000000    0.000000000   39.804805896   -5.319941147    3.596545333
    0.174532925    0.000000000   37.160366982  -24.675762452    4.263601795
    0.349065850    0.000000000   31.476662114  -39.291427937    5.864396253
    0.523598776    0.000000000   24.035601581  -44.040695262    8.848244167
    0.698131701    0.000000000   16.900039466  -35.525250320   13.066817918
    0.872664626    0.000000000   12.405828687  -14.250281367   17.717468417
    1.047197551    0.000000000   12.390569415   14.620167360   21.619689872
    1.221730476    0.000000000   17.496637987   43.042036066   23.717569222
    1.396263402    0.000000000   26.941997614   63.306631124   23.528005756
    1.570796327    0.000000000   38.855427090   70.930661683   21.303859567
    1.745329252    0.000000000   50.950877663   65.676838831   17.850963545
    1.919862177    0.000000000   61.201442649   50.439426893   14.149208196
    2.094395102    0.000000000   68.223558795   29.372427660   10.989242529
    2.268928028    0.000000000   71.345000731    6.311450438    8.764325349
    2.443460953    0.000000000   70.485213868  -15.823488668    7.447897756
    2.617993878    0.000000000   66.011183819  -34.804427140    6.696407447
    2.792526803    0.000000000   58.657759519  -48.502801351    6.013228885
    2.967059728    0.000000000   49.519460647  -55.034087531    4.950731569

   -3.141592654    0.349065850   41.483920994  -56.571145298    2.184474411
   -2.967059728    0.349065850   32.223745530  -48.474255077    0.758372024
   -2.792526803    0.349065850   24.862025040  -35.423670277   -0.842660352
   -2.617993878    0.349065850   19.900093140  -21.738402156   -2.465018659
   -2.443460953    0.349065850   17.057142525  -11.742540275   -4.013738253
   -2.268928028    0.349065850   15.434598587   -7.939657456   -5.486208057
   -2.094395102    0.349065850   13.938309887   -9.992708335   -6.913700306
   -1.919862177    0.349065850   11.780727283  -14.831939990   -8.246057710
   -1.745329252    0.349065850    8.865909548  -17.887273641   -9.273231902
   -1.570796327    0.349065850    5.885628214  -15.051084466   -9.654230896
   -1.396263402    0.349065850    4.056767386   -4.699544591   -9.072264980
   -1.221730476    0.349065850    4.582467111   11.316286388   -7.425047579
   -1.047197551    0.349065850    8.074766406   28.383707530   -4.943490371
   -0.872664626    0.349065850   14.250466388   41.233804627   -2.136398682
   -0.698131701    0.349065850   22.017357145   46.183389986    0.408722371
   -0.523598776    0.349065850   29.865031194   42.226476422    2.270560044
   -0.349065850    0.349065850   36.317569868   30.554676273    3.372710023
   -0.174532925    0.349065850   40.234962428   13.621873665    4.006179097
    0.000000000    0.349065850   40.961709498   -5.427680937    4.737151855
    0.174532925    0.349065850   38.443549402  -22.866846959    6.229204725
    0.349065850    0.349065850   33.336656537  -34.371339963    8.985372781
    0.523598776    0.349065850   27.045543837  -35.885573202   13.089145902
    0.698131701    0.349065850   21.533014952  -25.418674715   18.045165808
    0.872664626    0.349065850   18.804720432   -4.578920958   22.843514742
    1.047197551    0.349065850   20.248199569   21.282458831   26.305282842
    1.221730476    0.349065850   26.120992450   45.008673236   27.557490305
    1.396263402    0.349065850   35.477717603   60.438696073   26.370749405
    1.570796327    0.349065850   46.555657626   64.533177539   23.203605905
    1.745329252    0.349065850   57.374284205   57.804577595   18.952028001
    1.919862177    0.349065850   66.268238596   43.050377981   14.581161691
    2.094395102    0.349065850   72.141299321   23.729475236   10.822334131
    2.268928028    0.349065850   74.463702819    2.787817280    8.030050774
    2.443460953    0.349065850   73.148827651  -17.631683311    6.195547850
    2.617993878    0.349065850   68.447145546  -35.779867425    5.050705036
    2.792526803    0.349065850   60.923697050  -49.629133712    4.209740120
    2.967059728    0.349065850   51.514851719  -57.073312262    3.322555682

   -3.141592654    0.698131701   43.110804371  -58.040359474   -0.093024165
   -2.967059728    0.698131701   33.534668433  -50.587721911   -0.492650950
   -2.792526803    0.698131701   25.762425397  -37.957274742   -0.789838103
   -2.617993878    0.698131701   20.341756516  -24.415569237   -1.016270609
   -2.443460953    0.698131701   17.033002268  -14.379113990   -1.237960031
   -2.268928028    0.698131701   14.959963509  -10.455550355   -1.540185089
   -2.094395102    0.698131701   13.040784273  -12.299669372   -1.975843811
   -1.919862177    0.698131701   10.514161568  -16.698273144   -2.506864416
   -1.745329252    0.698131701    7.340101076  -18.913894614   -2.992550228
   -1.570796327    0.698131701    4.284545971  -14.828392347   -3.238183053
   -1.396263402    0.698131701    2.618136222   -3.062587857   -3.092023355
   -1.221730476    0.698131701    3.536758609   14.098948033   -2.525600805
   -1.047197551    0.698131701    7.568215453   31.645523935   -1.652227204
   -0.872664626    0.698131701   14.294969874   44.157228342   -0.663523042
   -0.698131701    0.698131701   22.496716122   48.173467718    0.277799171
   -0.523598776    0.698131701   30.599577525   43.195531567    1.136746292
   -0.349065850    0.698131701   37.164531614   30.999995005    2.056974883
   -0.174532925    0.698131701   41.182616596   14.516002737    3.328441295
    0.000000000    0.698131701   42.189808456   -2.914165570    5.307872468
    0.174532925    0.698131701   40.325252221  -17.772025455    8.293231322
    0.349065850    0.698131701   36.361650310  -26.401201587   12.353659933
    0.523598776    0.698131701   31.667595781  -25.776288519   17.184526966
    0.698131701    0.698131701   27.982071789  -14.966285485   22.069470550
    0.872664626    0.698131701   26.937609629    3.863025705   26.026322949
    1.047197551    0.698131701   29.523756957   25.671171463   28.143922374
    1.221730476    0.698131701   35.730042593   44.407062193   27.943811591
    1.396263402    0.698131701   44.571923244   55.333081403   25.551788914
    1.570796327    0.698131701   54.476538825   56.517620188   21.611477344
    1.745329252    0.698131701   63.789079370   48.895321110   16.995765440
    1.919862177    0.698131701   71.181717444   34.999530121   12.502574439
    2.094395102    0.698131701   75.808490098   17.609421961    8.660981468
    2.268928028    0.698131701   77.258080315   -1.104778214    5.690554127
    2.443460953    0.698131701   75.436341929  -19.645559404    3.564811977
    2.617993878    0.698131701   70.495566213  -36.643595464    2.114215265
    2.792526803    0.698131701   62.861683294  -50.149522465    1.128104673
    2.967059728    0.698131701   53.340596344  -57.894181650    0.427770376

   -3.141592654    1.047197551   42.098976195  -58.126169133   -4.990897073
   -2.967059728    1.047197551   32.574909136  -49.929506634   -4.475372270
   -2.792526803    1.047197551   24.961972089  -36.842705048   -3.607409663
   -2.617993878    1.047197551   19.747656512  -23.228923495   -2.605003104
   -2.443460953    1.047197551   16.624481483  -13.487902629   -1.686101425
   -2.268928028    1.047197551   14.664047504  -10.074235888   -1.005739608
   -2.094395102    1.047197551   12.765643656  -12.422476468   -0.615143811
   -1.919862177    1.047197551   10.186245793  -17.140219891   -0.469685741
   -1.745329252    1.047197551    6.925369382  -19.427663618   -0.488950980
   -1.570796327    1.047197551    3.787515795  -15.238472243   -0.619081614
   -1.396263402    1.047197551    2.062928143   -3.324440384   -0.852111881
   -1.221730476    1.047197551    2.945887252   13.935557327   -1.181842713
   -1.047197551    1.047197551    6.954311583   31.538420890   -1.535849976
   -0.872664626    1.047197551   13.670501363   44.161410845   -1.742475357
   -0.698131701    1.047197551   21.897596324   48.507723997   -1.560181422
   -0.523598776    1.047197551   30.114289627   44.243569751   -0.743792699
   -0.349065850    1.047197551   36.960179419   33.257746676    0.899854824
   -0.174532925    1.047197551   41.515524680   18.490711400    3.478522300
    0.000000000    1.047197551   43.393888529    3.131424312    6.998377527
    0.174532925    1.047197551   42.767200011   -9.683503463   11.328748904
    0.349065850    1.047197551   40.353426298  -16.897557833   16.133368992
    0.523598776    1.047197551   37.350803390  -16.165777018   20.833163860
    0.698131701    1.047197551   35.224099551   -7.024195800   24.665798228
    0.872664626    1.047197551   35.294068770    8.450493687   26.876751543
    1.047197551    1.047197551   38.311018103   25.951417835   26.994985762
    1.221730476    1.047197551   44.192360398   40.519262266   25.030218649
    1.396263402    1.047197551   52.068256393   48.394037697   21.453142240
    1.570796327    1.047197551   60.609461492   48.097473825   16.990632134
    1.745329252    1.047197551   68.431060974   40.435900895   12.347438176
    1.919862177    1.047197551   74.417164814   27.449666283    8.023753861
    2.094395102    1.047197551   77.838383995   11.372377262    4.270795618
    2.268928028    1.047197551   78.316432807   -6.019431800    1.163341621
    2.443460953    1.047197551   75.740161835  -23.408119042   -1.306085689
    2.617993878    1.047197551   70.230102772  -39.419862229   -3.156999877
    2.792526803    1.047197551   62.190328379  -52.016547491   -4.387582350
    2.967059728    1.047197551   52.420076649  -58.853400242   -4.992811267

   -3.141592654    1.396263402   37.693935893  -58.084470543  -10.562101511
   -2.967059728    1.396263402   28.336738259  -48.100687220   -9.517391317
   -2.792526803    1.396263402   21.168125852  -33.679924690   -7.935702938
   -2.617993878    1.396263402   16.572227683  -19.429085166   -6.168926013
   -2.443460953    1.396263402   14.114078388   -9.773829396   -4.513310300
   -2.268928028    1.396263402   12.754898522   -6.958265488   -3.117567108
   -2.094395102    1.396263402   11.330870639  -10.114071534   -1.975291613
   -1.919862177    1.396263402    9.083284590  -15.641637003   -1.009758630
   -1.745329252    1.396263402    6.015277827  -18.723566887   -0.196111566
   -1.570796327    1.396263402    2.926300050  -15.402721704    0.379270011
   -1.396263402    1.396263402    1.092230434   -4.419107389    0.577253371
   -1.221730476    1.396263402    1.714107580   12.088694404    0.355445369
   -1.047197551    1.396263402    5.374425905   29.515088061   -0.108250921
   -0.872664626    1.396263402   11.785576959   42.843758044   -0.424430464
   -0.698131701    1.396263402   19.912800392   48.818836774   -0.136613668
   -0.523598776    1.396263402   28.376819963   46.844195871    1.096867770
   -0.349065850    1.396263402   35.897086214   38.382961036    3.394802076
   -0.174532925    1.396263402   41.554435467   25.919063291    6.658866883
    0.000000000    1.396263402   44.886045024   12.216035092   10.628695514
    0.174532925    1.396263402   45.916449571    0.010779082   14.920281049
    0.349065850    1.396263402   45.149785160   -7.972118326   19.019376542
    0.523598776    1.396263402   43.527037625   -9.520313169   22.303574485
    0.698131701    1.396263402   42.265699135   -3.910943135   24.149893610
    0.872664626    1.396263402   42.526034946    7.511422776   24.132979992
    1.047197551    1.396263402   45.052279023   21.423368045   22.220204281
    1.221730476    1.396263402   49.917688269   33.647719052   18.815452252
    1.396263402    1.396263402   56.499109020   40.660969080   14.590760648
    1.570796327    1.396263402   63.701441885   40.619997677   10.213320602
    1.745329252    1.396263402   70.279265468   33.686127522    6.119179515
    1.919862177    1.396263402   75.148353230   21.357285206    2.460555731
    2.094395102    1.396263402   77.543141126    5.660526409   -0.805214112
    2.268928028    1.396263402   77.042678767  -11.525623407   -3.754448326
    2.443460953    1.396263402   73.527186242  -28.623209034   -6.384178146
    2.617993878    1.396263402   67.155476880  -43.990236539   -8.571765396
    2.792526803    1.396263402   58.408490614  -55.448846067  -10.106962342
    2.967059728    1.396263402   48.172205342  -60.674740754  -10.796661537

   -3.141592654    1.745329252   31.829512609  -57.130333632  -16.493651112
   -2.967059728    1.745329252   22.820817631  -45.157553600  -15.766529483
   -2.792526803    1.745329252   16.285125209  -29.520409479  -14.223113577
   -2.617993878    1.745329252   12.456043018  -14.941063641  -12.185593837
   -2.443460953    1.745329252   10.757727498   -5.637905920   -9.951632563
   -2.268928028    1.745329252   10.065867131   -3.464397171   -7.688185384
   -2.094395102    1.745329252    9.196053769   -7.241170575   -5.411539762
   -1.919862177    1.745329252    7.402120987  -13.319310007   -3.080178750
   -1.745329252    1.745329252    4.685194853  -17.065489394   -0.736380642
   -1.570796327    1.745329252    1.807372875  -14.696518221    1.416844399
   -1.396263402    1.745329252    0.000000000   -4.824667509    3.086613144
   -1.221730476    1.745329252    0.473870492   10.888587888    4.079507805
   -1.047197551    1.745329252    3.918070232   28.412763469    4.474861150
   -0.872664626    1.745329252   10.230953418   43.006538021    4.637657169
   -0.698131701    1.745329252   18.568803867   51.184576476    5.055092854
   -0.523598776    1.745329252   27.665921401   51.723806383    6.112530948
   -0.349065850    1.745329252   36.234795833   45.403765183    7.940815328
   -0.174532925    1.745329252   43.242356633   34.191042611   10.408527135
    0.000000000    1.745329252   48.043034372   20.569515884   13.182800148
    0.174532925    1.745329252   50.446318424    7.167909373   15.800000147
    0.349065850    1.745329252   50.734200912   -3.238051937   17.719621122
    0.523598776    1.745329252   49.653703367   -8.151802884   18.418278751
    0.698131701    1.745329252   48.307182838   -6.236694133   17.545299469
    0.872664626    1.745329252   47.871237193    2.020167536   15.100059508
    1.047197551    1.745329252   49.253142932   14.055210144   11.503336579
    1.221730476    1.745329252   52.783262171   25.956778907    7.467993091
    1.396263402    1.745329252   58.086076303   33.836895684    3.700752212
    1.570796327    1.745329252   64.209276379   35.075249771    0.616575388
    1.745329252    1.745329252   69.910212412   29.084524179   -1.778798630
    1.919862177    1.745329252   74.007484209   16.994135551   -3.781819864
    2.094395102    1.745329252   75.614929548    0.938508914   -5.769934681
    2.268928028    1.745329252   74.241996062  -16.779554310   -7.984043055
    2.443460953    1.745329252   69.784198797  -34.066169413  -10.426317392
    2.617993878    1.745329252   62.497171597  -48.876520969  -12.864345101
    2.792526803    1.745329252   53.007989587  -58.913445086  -14.916825481
    2.967059728    1.745329252   42.342364505  -62.038732920  -16.207357384

   -3.141592654    2.094395102   25.161357816  -57.282174411  -17.975839497
   -2.967059728    2.094395102   16.303734964  -43.337162978  -17.226232446
   -2.792526803    2.094395102   10.221812875  -26.254160673  -15.574706706
   -2.617993878    2.094395102    7.041500410  -10.878814497  -13.326880433
   -2.443460953    2.094395102    6.083212217   -1.282241786  -10.753062393
   -2.268928028    2.094395102    6.161170402    0.992819200   -7.980057490
   -2.094395102    2.094395102    6.081124196   -2.633959908   -4.979933003
   -1.919862177    2.094395102    5.109468460   -8.515220207   -1.687274900
   -1.745329252    2.094395102    3.236471379  -12.262238638    1.834157138
   -1.570796327    2.094395102    1.164336200  -10.363607460    5.298169220
   -1.396263402    2.094395102    0.036622551   -1.441377933    8.273602005
   -1.221730476    2.094395102    1.006397608   13.197386019   10.401397005
   -1.047197551    2.094395102    4.786669531   30.052715236   11.602630462
   -0.872664626    2.094395102   11.382273614   44.739660723   12.121575201
   -0.698131701    2.094395102   20.085394820   53.734959195   12.371550261
   -0.523598776    2.094395102   29.725877885   55.403570242   12.706450740
   -0.349065850    2.094395102   39.024658292   50.007424836   13.252676710
   -0.174532925    2.094395102   46.871020686   39.057649375   13.891355184
    0.000000000    2.094395102   52.476725904   24.750545171   14.318237206
    0.174532925    2.094395102   55.472782729    9.594662219   14.131679196
    0.349065850    2.094395102   55.958770797   -3.534252001   12.934432111
    0.523598776    2.094395102   54.543786554  -11.720368002   10.476704277
    0.698131701    2.094395102   52.297500252  -12.856316959    6.817617015
    0.872664626    2.094395102   50.515509831   -6.525837481    2.423942394
    1.047197551    2.094395102   50.362005639    5.313277253   -1.921137056
    1.221730476    2.094395102   52.473733044   18.674198481   -5.407639197
    1.396263402    2.094395102   56.705525685   28.910328318   -7.549953667
    1.570796327    2.094395102   62.169888980   32.345595622   -8.389566847
    1.745329252    2.094395102   67.517783172   27.570284161   -8.433247981
    1.919862177    2.094395102   71.365336674   15.455159962   -8.385459469
    2.094395102    2.094395102   72.629100372   -1.561339522   -8.840189782
    2.268928028    2.094395102   70.707381366  -20.556462175  -10.074615906
    2.443460953    2.094395102   65.499348792  -38.776256719  -12.004726050
    2.617993878    2.094395102   57.365688533  -53.691606488  -14.256064433
    2.792526803    2.094395102   47.097859283  -62.849999131  -16.302668853
    2.967059728    2.094395102   35.883643949  -64.275762131  -17.649453704

   -3.141592654    2.443460953   19.104936435  -57.503089027  -12.568066220
   -2.967059728    2.443460953   10.375814184  -41.685327063  -11.627432671
   -2.792526803    2.443460953    4.722392889  -23.079264793  -10.004616336
   -2.617993878    2.443460953    2.196156544   -6.631872862   -7.928184044
   -2.443460953    2.443460953    2.047472552    3.709021525   -5.563510699
   -2.268928028    2.443460953    3.054107317    6.645551081   -2.931975690
   -2.094395102    2.443460953    4.023757217    3.752390375    0.080775097
   -1.919862177    2.443460953    4.231572833   -1.414443145    3.598548442
   -1.745329252    2.443460953    3.637633792   -4.803163368    7.583056451
   -1.570796327    2.443460953    2.848521003   -3.266273506   11.724351770
   -1.396263402    2.443460953    2.868331378    4.478678951   15.494963997
   -1.221730476    2.443460953    4.728475548   17.427030475   18.353764341
   -1.047197551    2.443460953    9.098342440   32.623574745   19.979892286
   -0.872664626    2.443460953   16.031078391   46.129261121   20.382266122
   -0.698131701    2.443460953   24.916610418   54.521462726   19.824610771
   -0.523598776    2.443460953   34.667653698   55.899245528   18.644941815
   -0.349065850    2.443460953   44.024625161   50.125477149   17.077592291
   -0.174532925    2.443460953   51.827981297   38.347449466   15.182960325
    0.000000000    2.443460953   57.190916097   22.559407367   12.855095287
    0.174532925    2.443460953   59.628002804    5.283290059    9.887898697
    0.349065850    2.443460953   59.147369306  -10.316274323    6.095815755
    0.523598776    2.443460953   56.345081037  -20.724158331    1.477941388
    0.698131701    2.443460953   52.403104947  -23.032269530   -3.639289332
    0.872664626    2.443460953   48.863075655  -16.172693812   -8.574683872
    1.047197551    2.443460953   47.204932698   -2.009582976  -12.480467666
    1.221730476    2.443460953   48.331926142   14.820505798  -14.683458539
    1.396263402    2.443460953   52.202327458   28.525946902  -14.991084044
    1.570796327    2.443460953   57.827799631   34.331668178  -13.785409800
    1.745329252    2.443460953   63.607590071   30.250113679  -11.843238397
    1.919862177    2.443460953   67.865475031   17.262476097  -10.016087033
    2.094395102    2.443460953   69.292606748   -1.582506958   -8.930119513
    2.268928028    2.443460953   67.189034655  -22.579021931   -8.833569126
    2.443460953    2.443460953   61.486952543  -42.280498727   -9.599536714
    2.617993878    2.443460953   52.679601007  -57.719097310  -10.830331760
    2.792526803    2.443460953   41.740655608  -66.341847663  -12.010491669
    2.967059728    2.443460953   30.030181917  -66.361545830  -12.682393737

   -3.141592654    2.792526803   16.372259834  -56.604117361   -0.584171534
   -2.967059728    2.792526803    7.882143480  -39.885898220    0.968390947
   -2.792526803    2.792526803    2.606197312  -20.597934825    2.650023786
   -2.617993878    2.792526803    0.560583875   -3.619874414    4.343225798
   -2.443460953    2.792526803    0.985990131    7.298093369    6.064461872
   -2.268928028    2.792526803    2.687378901   11.070906917    7.974510696
   -2.094395102    2.792526803    4.527162270    9.343414935   10.311917200
   -1.919862177    2.792526803    5.825624008    5.484492918   13.250487782
   -1.745329252    2.792526803    6.532013519    3.101432223   16.750992926
   -1.570796327    2.792526803    7.154365421    4.826956772   20.477111444
   -1.396263402    2.792526803    8.522461937   11.637522858   23.855854658
   -1.221730476    2.792526803   11.473370170   22.622333847   26.265036540
   -1.047197551    2.792526803   16.532411951   35.277566142   27.263164390
   -0.872664626    2.792526803   23.701246453   46.217852405   26.726949837
   -0.698131701    2.792526803   32.402538155   52.400927582   24.836404380
   -0.523598776    2.792526803   41.622305410   51.994116862   21.942428820
   -0.349065850    2.792526803   50.164508402   44.721744191   18.397147882
   -0.174532925    2.792526803   56.900696231   31.521014858   14.445800237
    0.000000000    2.792526803   60.944397824   14.255486029   10.187184285
    0.174532925    2.792526803   61.802189220   -4.495851827    5.602332887
    0.349065850    2.792526803   59.504520326  -21.266016412    0.669197383
    0.523598776    2.792526803   54.743518092  -32.028959865   -4.483459587
    0.698131701    2.792526803   48.892568547  -33.328216692   -9.460467744
    0.872664626    2.792526803   43.759454798  -23.860170757  -13.620159352
    1.047197551    2.792526803   41.083018743   -5.836020166  -16.289115185
    1.221730476    2.792526803   41.911544148   15.199256765  -17.065759840
    1.396263402    2.792526803   46.165631114   32.340311603  -16.022091812
    1.570796327    2.792526803   52.644830223   40.011151205  -13.687392369
    1.745329252    2.792526803   59.447929044   36.026228397  -10.817106521
    1.919862177    2.792526803   64.617313761   21.763118621   -8.114064150
    2.094395102    2.792526803   66.664290935    0.977865427   -6.019238115
    2.268928028    2.792526803   64.837215150  -21.909669633   -4.652688711
    2.443460953    2.792526803   59.126103604  -42.929327015   -3.862582306
    2.617993878    2.792526803   50.149348350  -58.868686667   -3.340502089
    2.792526803    2.792526803   39.023902145  -67.222487224   -2.748467878
    2.967059728    2.792526803   27.225084597  -66.447843838   -1.852337939
