#! FIELDS phi psi file.free der_phi der_psi
#! SET min_phi -pi
#! SET max_phi pi
#! SET nbins_phi  36
#! SET periodic_phi true
#! SET min_psi -pi
#! SET max_psi pi
#! SET nbins_psi  18
#! SET periodic_psi true
   -3.141592654   -3.141592654   18.799607557  -52.397717965   13.398073309
   -2.967059728   -3.141592654   10.888033957  -37.426482339   15.584813961
   -2.792526803   -3.141592654    5.918352726  -19.416537896   17.286271619
   -2.617993878   -3.141592654    4.028872703   -2.843748440   18.466989703
   -2.443460953   -3.141592654    4.626344042    8.653236670   19.300077864
   -2.268928028   -3.141592654    6.673942259   13.791433180   20.108152139
   -2.094395102   -3.141592654    9.140944735   13.846178955   21.223088858
   -1.919862177   -3.141592654   11.379992692   11.707938630   22.828213064
   -1.745329252   -3.141592654   13.282914535   10.448307581   24.854863459
   -1.570796327   -3.141592654   15.205039652   12.148561208   26.958786741
   -1.396263402   -3.141592654   17.738505248   17.410452388   28.607193554
   -1.221730476   -3.141592654   21.446757621   25.315186982   29.243325149
   -1.047197551   -3.141592654   26.623271249   33.833583616   28.484502094
   -0.872664626   -3.141592654   33.155164896   40.418161319   26.249869964
   -0.698131701   -3.141592654   40.505043633   42.895570984   22.771657498
   -0.523598776   -3.141592654   47.829818859   40.028134029   18.481624889
   -0.349065850   -3.141592654   54.171660399   31.708983489   13.831013549
   -0.174532925   -3.141592654   58.635685365   18.684644571    9.151000682
    0.000000000   -3.141592654   60.517966297    2.448107245    4.593060399
    0.174532925   -3.141592654   59.446570411  -14.700323440    0.157421790
    0.349065850   -3.141592654   55.542479403  -29.364465650   -4.176280561
    0.523598776   -3.141592654   49.591413934  -37.456212453   -8.300634012
    0.698131701   -3.141592654   43.062033630  -35.596193680  -11.898326135
    0.872664626   -3.141592654   37.812948991  -22.951115255  -14.490598291
    1.047197551   -3.141592654   35.521371212   -2.510909388  -15.640167591
    1.221730476   -3.141592654   37.039382841   19.534113825  -15.180927301
    1.396263402   -3.141592654   42.025788334   36.194206533  -13.314907431
    1.570796327   -3.141592654   49.064800553   42.519258707  -10.526795442
    1.745329252   -3.141592654   56.187513726   37.280586649   -7.367736059
    1.919862177   -3.141592654   61.526774213   22.651973313   -4.264605790
    2.094395102   -3.141592654   63.780973487    2.646863123   -1.426241180
    2.268928028   -3.141592654   62.378643293  -18.615329915    1.134526404
    2.443460953   -3.141592654   57.403137536  -37.826261369    3.528634592
    2.617993878   -3.141592654   49.440691682  -52.484921791    5.904490665
    2.792526803   -3.141592654   39.469116234  -60.582070726    8.370882767
    2.967059728   -3.141592654   28.771538456  -60.646776885   10.917716155

   -3.141592654   -2.792526803   25.008140382  -47.596790930   20.203377121
   -2.967059728   -2.792526803   17.820919410  -33.991254844   22.395073373
   -2.792526803   -2.792526803   13.318504840  -17.489574532   23.799862414
   -2.617993878   -2.792526803   11.651902684   -2.135107010   24.523035799
   -2.443460953   -2.792526803   12.312844706    8.796068781   24.874401513
   -2.268928028   -2.792526803   14.391952210   14.128996540   25.248100440
   -2.094395102   -2.792526803   16.979644062   14.958876662   25.947994700
   -1.919862177   -2.792526803   19.497910691   13.791520200   27.048561407
   -1.745329252   -2.792526803   21.831878913   13.219815330   28.357039033
   -1.570796327   -2.792526803   24.247617804   14.885820983   29.462266179
   -1.396263402   -2.792526803   27.183592395   19.109315461   29.861656729
   -1.221730476   -2.792526803   31.021799430   24.964585190   29.107930701
   -1.047197551   -2.792526803   35.902926348   30.736730327   26.958881837
   -0.872664626   -2.792526803   41.639898861   34.447532958   23.457188233
   -0.698131701   -2.792526803   47.726744213   34.528650106   18.922641609
   -0.523598776   -2.792526803   53.444296543   30.151811420   13.841730547
   -0.349065850   -2.792526803   58.002968836   21.313075075    8.700032621
   -0.174532925   -2.792526803   60.667843905    8.584571796    3.845346682
    0.000000000   -2.792526803   60.851096733   -6.859725350   -0.562314156
    0.174532925   -2.792526803   58.242699947  -22.969328414   -4.516505883
    0.349065850   -2.792526803   52.997502428  -36.418287692   -8.035584078
    0.523598776   -2.792526803   45.940871753  -43.000094865  -11.041946456
    0.698131701   -2.792526803   38.607448016  -39.173295171  -13.316053087
    0.872664626   -2.792526803   32.937126828  -24.133333619  -14.560040282
    1.047197551   -2.792526803   30.658944325   -1.183085306  -14.565053910
    1.221730476   -2.792526803   32.604439116   23.017257842  -13.351900133
    1.396263402   -2.792526803   38.335215924   41.109427384  -11.181907108
    1.570796327   -2.792526803   46.299232892   48.089757150   -8.436629493
    1.745329252   -2.792526803   54.408971421   42.956052895   -5.447744074
    1.919862177   -2.792526803   60.730576389   28.223619519   -2.396116120
    2.094395102   -2.792526803   63.950905871    8.164543996    0.689724622
    2.268928028   -2.792526803   63.518220980  -12.998750454    3.860108103
    2.443460953   -2.792526803   59.541820052  -31.987964094    7.163425276
    2.617993878   -2.792526803   52.619332554  -46.422169379   10.590450590
    2.792526803   -2.792526803   43.713494813  -54.493832642   14.047551333
    2.967059728   -2.792526803   34.054082460  -54.938025748   17.340178281

   -3.141592654   -2.443460953   32.114451138  -42.752542802   19.394247109
   -2.967059728   -2.443460953   25.648125069  -30.611054364   21.188525527
   -2.792526803   -2.443460953   21.607922846  -15.536159309   22.289885568
   -2.617993878   -2.443460953   20.186041363   -1.187624818   22.821677549
   -2.443460953   -2.443460953   20.972654214    9.403205526   23.030451713
   -2.268928028   -2.443460953   23.174019974   15.002204612   23.187572239
   -2.094395102   -2.443460953   25.959496679   16.354647119   23.459209654
   -1.919862177   -2.443460953   28.754210245   15.490612856   23.816028635
   -1.745329252   -2.443460953   31.366595534   14.581304796   24.038478746
   -1.570796327   -2.443460953   33.928489892   15.056998798   23.790599858
   -1.396263402   -2.443460953   36.729418597   17.275775406   22.742536696
   -1.221730476   -2.443460953   40.030246230   20.599999784   20.672891922
   -1.047197551   -2.443460953   43.919649458   23.784600241   17.550816223
   -0.872664626   -2.443460953   48.248694797   25.398744335   13.553237811
   -0.698131701   -2.443460953   52.636593921   24.295626322    9.028908287
   -0.523598776   -2.443460953   56.541772191   19.798382394    4.401548882
   -0.349065850   -2.443460953   59.349557191   11.727955809    0.045446933
   -0.174532925   -2.443460953   60.447504412    0.270845957   -3.809481293
    0.000000000   -2.443460953   59.298143284  -13.826099605   -7.096713013
    0.174532925   -2.443460953   55.579420851  -28.748894200   -9.871622688
    0.349065850   -2.443460953   49.417116922  -41.140184236  -12.195627883
    0.523598776   -2.443460953   41.634118330  -46.550494709  -14.038623543
    0.698131701   -2.443460953   33.808319899  -41.182081973  -15.246998853
    0.872664626   -2.443460953   27.950650285  -24.208436792  -15.604252126
    1.047197551   -2.443460953   25.839185001    0.797979852  -14.970792981
    1.221730476   -2.443460953   28.291312220   26.766389305  -13.389654661
    1.396263402   -2.443460953   34.789045618   46.042121791  -11.082912618
    1.570796327   -2.443460953   43.672650134   53.607701655   -8.344865138
    1.745329252   -2.443460953   52.767643317   48.687066172   -5.409671883
    1.919862177   -2.443460953   60.100787555   34.085695333   -2.385569461
    2.094395102   -2.443460953   64.362668644   14.256361186    0.727790092
    2.268928028   -2.443460953   65.021697531   -6.574462859    3.963383939
    2.443460953   -2.443460953   62.196512314  -25.243277854    7.314839320
    2.617993878   -2.443460953   56.467883840  -39.535690253   10.702474403
    2.792526803   -2.443460953   48.752639932  -47.818596984   13.977304507
    2.967059728   -2.443460953   40.207879826  -48.944718777   16.943318527

   -3.141592654   -2.094395102   37.768167379  -39.367075854   12.537834024
   -2.967059728   -2.094395102   31.800940635  -28.286674791   13.424928245
   -2.792526803   -2.094395102   28.080083180  -14.171193882   13.988017572
   -2.617993878   -2.094395102   26.831680628   -0.508870555   14.330989757
   -2.443460953   -2.094395102   27.703125236    9.752775269   14.552329185
   -2.268928028   -2.094395102   29.956404303   15.270774986   14.707591620
   -2.094395102   -2.094395102   32.781672169   16.507599861   14.763465791
   -1.919862177   -2.094395102   35.568811870   15.171594325   14.578124744
   -1.745329252   -2.094395102   38.043700220   13.227158791   13.939503007
   -1.570796327   -2.094395102   40.238297185   12.132293652   12.638089143
   -1.396263402   -2.094395102   42.366807809   12.476652868   10.558722760
   -1.221730476   -2.094395102   44.666700303   13.981339987    7.728650987
   -1.047197551   -2.094395102   47.269453143   15.766393561    4.331430611
   -0.872664626   -2.094395102   50.127366708   16.701474198    0.668657166
   -0.698131701   -2.094395102   52.998930787   15.766615489   -2.907183269
   -0.523598776   -2.094395102   55.487044624   12.208051131   -6.081266725
   -0.349065850   -2.094395102   57.089144332    5.557400172   -8.662109590
   -0.174532925   -2.094395102   57.243141808   -4.384804659  -10.632435194
    0.000000000   -2.094395102   55.395602274  -17.231918893  -12.128220508
    0.174532925   -2.094395102   51.159801615  -31.329523676  -13.367947628
    0.349065850   -2.094395102   44.592900400  -43.216593176  -14.524219936
    0.523598776   -2.094395102   36.487970782  -48.128501440  -15.618283194
    0.698131701   -2.094395102   28.452356656  -41.927214163  -16.481299829
    0.872664626   -2.094395102   22.570446754  -23.664669132  -16.816713923
    1.047197551   -2.094395102   20.689603566    2.920377680  -16.350162818
    1.221730476   -2.094395102   23.648604504   30.411399140  -14.971873439
    1.396263402   -2.094395102   30.890657745   50.847139307  -12.781543433
    1.570796327   -2.094395102   40.680165308   59.105488017  -10.026471012
    1.745329252   -2.094395102   50.767511304   54.506823153   -6.984375603
    1.919862177   -2.094395102   59.130006656   40.035515260   -3.870147406
    2.094395102   -2.094395102   64.437099038   20.273285807   -0.807894404
    2.268928028   -2.094395102   66.149395456   -0.538050000    2.134209754
    2.443460953   -2.094395102   64.372783107  -19.295457498    4.893593733
    2.617993878   -2.094395102   59.661692661  -33.867015833    7.388926118
    2.792526803   -2.094395102   52.894304475  -42.678315257    9.530642647
    2.967059728   -2.094395102   45.183648269  -44.588677893   11.254734131

   -3.141592654   -1.745329252   39.973136950  -38.638251537    5.612596380
   -2.967059728   -1.745329252   34.113220146  -27.752857695    5.680844578
   -2.792526803   -1.745329252   30.484301202  -13.633140288    5.709119709
   -2.617993878   -1.745329252   29.334047021    0.068446141    5.741606877
   -2.443460953   -1.745329252   30.301251110   10.238271218    5.725125361
   -2.268928028   -1.745329252   32.611026886   15.373695726    5.524659744
   -2.094395102   -1.745329252   35.390765203   15.804453639    4.951369353
   -1.919862177   -1.745329252   37.950064650   13.189726034    3.810980892
   -1.745329252   -1.745329252   39.938646211    9.592580267    1.979274737
   -1.570796327   -1.745329252   41.345459833    6.761765270   -0.526571282
   -1.396263402   -1.745329252   42.404721456    5.685806747   -3.507895072
   -1.221730476   -1.745329252   43.443762860    6.472374384   -6.631903323
   -1.047197551   -1.745329252   44.739836527    8.467493534   -9.529809333
   -0.872664626   -1.745329252   46.411238492   10.545408186  -11.902336912
   -0.698131701   -1.745329252   48.360440551   11.439769196  -13.577331108
   -0.523598776   -1.745329252   50.276100047    9.985529278  -14.517643435
   -0.349065850   -1.745329252   51.661571208    5.227820018  -14.806004582
   -0.174532925   -1.745329252   51.880255957   -3.437623516  -14.634341841
    0.000000000   -1.745329252   50.248223601  -15.854775791  -14.281471978
    0.174532925   -1.745329252   46.229686457  -30.326015470  -14.062395614
    0.349065850   -1.745329252   39.765913850  -43.075220533  -14.220007789
    0.523598776   -1.745329252   31.608338987  -48.821039699  -14.808725641
    0.698131701   -1.745329252   23.416282141  -42.902456239  -15.627618026
    0.872664626   -1.745329252   17.399590044  -24.091756580  -16.269652023
    1.047197551   -1.745329252   15.548574680    3.780876884  -16.285955930
    1.221730476   -1.745329252   18.799528459   32.902645931  -15.382206282
    1.396263402   -1.745329252   26.612011702   54.826785837  -13.527178035
    1.570796327   -1.745329252   37.192310537   64.083474104  -10.936083862
    1.745329252   -1.745329252   48.193621403   59.901907335   -7.953528650
    1.919862177   -1.745329252   57.498639880   45.368556924   -4.920522618
    2.094395102   -1.745329252   63.707671255   25.230311075   -2.093087642
    2.268928028   -1.745329252   66.237472194    3.841627820    0.367846975
    2.443460953   -1.745329252   65.163837514  -15.646469355    2.368660635
    2.617993878   -1.745329252   61.017323867  -31.063974370    3.861615404
    2.792526803   -1.745329252   54.663337321  -40.741146522    4.845706648
    2.967059728   -1.745329252   47.225021221  -43.392535270    5.388888485

   -3.141592654   -1.396263402   39.840594199  -39.686286318    1.888667612
   -2.967059728   -1.396263402   33.813501121  -28.588570857    1.322909013
   -2.792526803   -1.396263402   30.067444870  -14.151928576    0.719238941
   -2.617993878   -1.396263402   28.842101409   -0.329780197    0.136592309
   -2.443460953   -1.396263402   29.720351693    9.534625568   -0.481398184
   -2.268928028   -1.396263402   31.842147508   13.836831126   -1.303710228
   -2.094395102   -1.396263402   34.245309025   12.961290638   -2.577034028
   -1.919862177   -1.396263402   36.173644646    8.789829654   -4.536904693
   -1.745329252   -1.396263402   37.264204267    3.759787185   -7.279811162
   -1.570796327   -1.396263402   37.567159929    0.081716289  -10.653215192
   -1.396263402   -1.396263402   37.453710133   -0.892837595  -14.233002993
   -1.221730476   -1.396263402   37.430572191    1.046413132  -17.442749956
   -1.047197551   -1.396263402   37.942735872    5.011949837  -19.752741833
   -0.872664626   -1.396263402   39.213615898    9.428332696  -20.852553123
   -0.698131701   -1.396263402   41.165531120   12.530486492  -20.714148099
   -0.523598776   -1.396263402   43.429867733   12.784267547  -19.545483932
   -0.349065850   -1.396263402   45.401114250    9.012857625  -17.700786249
   -0.174532925   -1.396263402   46.306981586    0.513556684  -15.604460009
    0.000000000   -1.396263402   45.318960803  -12.557528835  -13.692467952
    0.174532925   -1.396263402   41.767531022  -28.360929202  -12.342529718
    0.349065850   -1.396263402   35.502334876  -42.781422163  -11.774460149
    0.523598776   -1.396263402   27.259752706  -50.012499933  -11.960611289
    0.698131701   -1.396263402   18.781546122  -44.836760727  -12.599934154
    0.872664626   -1.396263402   12.441021728  -25.687336847  -13.208522596
    1.047197551   -1.396263402   10.418179915    3.537421896  -13.300533707
    1.221730476   -1.396263402   13.791508945   34.583247218  -12.579019787
    1.396263402   -1.396263402   22.066557763   58.382610507  -11.026074198
    1.570796327   -1.396263402   33.392684741   68.943241339   -8.863324591
    1.745329252   -1.396263402   45.297979864   65.256006908   -6.425753585
    1.919862177   -1.396263402   55.524080724   50.450489394   -4.026546914
    2.094395102   -1.396263402   62.554378969   29.483617646   -1.885446979
    2.268928028   -1.396263402   65.729685398    6.947828138   -0.126935278
    2.443460953   -1.396263402   65.088310842  -13.803154312    1.184457773
    2.617993878   -1.396263402   61.156333987  -30.427984899    2.017398168
    2.792526803   -1.396263402   54.824162058  -41.076886891    2.368052622
    2.967059728   -1.396263402   47.271058859  -44.316725690    2.289846707

   -3.141592654   -1.047197551   37.999062614  -42.668336166    2.260608371
   -2.967059728   -1.047197551   31.468232783  -31.312372001    0.993241347
   -2.792526803   -1.047197551   27.295157959  -16.290522813   -0.580406348
   -2.617993878   -1.047197551   25.751518863   -1.866357556   -2.293413573
   -2.443460953   -1.047197551   26.392427364    8.272383114   -4.062362985
   -2.268928028   -1.047197551   28.275661367   12.254738384   -5.943661688
   -2.094395102   -1.047197551   30.326031449   10.400972485   -8.126447432
   -1.919862177   -1.047197551   31.687082713    4.811344508  -10.820607940
   -1.745329252   -1.047197551   31.959501412   -1.574642742  -14.079648437
   -1.570796327   -1.047197551   31.260282620   -5.897962904  -17.653352288
   -1.396263402   -1.047197551   30.132336778   -6.313098100  -20.984441030
   -1.221730476   -1.047197551   29.307441452   -2.528082402  -23.390729540
   -1.047197551   -1.047197551   29.425301751    4.159093386  -24.341743911
   -0.872664626   -1.047197551   30.803488684   11.474778821  -23.665628432
   -0.698131701   -1.047197551   33.333210671   16.969465197  -21.584090371
   -0.523598776   -1.047197551   36.514886040   18.673744471  -18.591822581
   -0.349065850   -1.047197551   39.559900003   15.240210210  -15.276149770
   -0.174532925   -1.047197551   41.503170658    6.002197572  -12.171068625
    0.000000000   -1.047197551   41.342638677   -8.690010918   -9.671113751
    0.174532925   -1.047197551   38.282980571  -26.642914619   -7.971336706
    0.349065850   -1.047197551   32.125487271  -43.216213324   -7.040778382
    0.523598776   -1.047197551   23.659200988  -51.998710701   -6.644326598
    0.698131701   -1.047197551   14.776896762  -47.287535133   -6.430383657
    0.872664626   -1.047197551    8.059386493  -27.376813109   -6.074720184
    1.047197551   -1.047197551    5.880245648    3.531465291   -5.403359762
    1.221730476   -1.047197551    9.427733793   36.568813108   -4.433396061
    1.396263402   -1.047197551   18.202249916   62.011766284   -3.307094613
    1.570796327   -1.047197551   30.250530419   73.435911037   -2.178510620
    1.745329252   -1.047197551   42.951960990   69.746482892   -1.131484135
    1.919862177   -1.047197551   53.909590516   54.247931943   -0.162434730
    2.094395102   -1.047197551   61.510595507   32.179915510    0.768697397
    2.268928028   -1.047197551   65.046998306    8.376142866    1.673938412
    2.443460953   -1.047197551   64.542215563  -13.656989308    2.494447583
    2.617993878   -1.047197551   60.528999807  -31.489726649    3.103310718
    2.792526803   -1.047197551   53.919352212  -43.154916203    3.336385932
    2.967059728   -1.047197551   45.938695724  -47.084153696    3.068995549

   -3.141592654   -0.698131701   37.787379478  -46.065255732    2.080481242
   -2.967059728   -0.698131701   30.587285449  -35.509922126    0.252148785
   -2.792526803   -0.698131701   25.646238888  -20.809118147   -2.080437376
   -2.617993878   -0.698131701   23.316951364   -6.300855984   -4.664274489
   -2.443460953   -0.698131701   23.202981687    4.049512550   -7.301037864
   -2.268928028   -0.698131701   24.353353926    8.017824211   -9.941041006
   -2.094395102   -0.698131701   25.632094551    5.725752378  -12.685502694
   -1.919862177   -0.698131701   26.115693075   -0.579593580  -15.659649171
   -1.745329252   -0.698131701   25.397536404   -7.438068371  -18.823395900
   -1.570796327   -0.698131701   23.695236354  -11.330583663  -21.833993592
   -1.396263402   -0.698131701   21.750274612  -10.015379189  -24.086259177
   -1.221730476   -0.698131701   20.517342143   -3.352524773  -24.941562427
   -1.047197551   -0.698131701   20.782442334    6.674858105  -24.033623261
   -0.872664626   -0.698131701   22.866603743   16.908353958  -21.456436938
   -0.698131701   -0.698131701   26.521962788   24.206478792  -17.735051705
   -0.523598776   -0.698131701   31.024221591   26.334060923  -13.617434884
   -0.349065850   -0.698131701   35.350164821   22.075427692   -9.808878217
   -0.174532925   -0.698131701   38.349208500   11.157192686   -6.776636057
    0.000000000   -0.698131701   38.913890805   -5.546828892   -4.665203209
    0.174532925   -0.698131701   36.238384435  -25.307431656   -3.290907769
    0.349065850   -0.698131701   30.201921983  -43.031327679   -2.244123732
    0.523598776   -0.698131701   21.732943292  -52.071925667   -1.070435527
    0.698131701   -0.698131701   12.876783404  -46.822597138    0.512907598
    0.872664626   -0.698131701    6.321203574  -25.978890555    2.459068863
    1.047197551   -0.698131701    4.462928844    5.739034685    4.405978232
    1.221730476   -0.698131701    8.432895257   39.098537307    5.869941780
    1.396263402   -0.698131701   17.637218888   64.326330931    6.507992937
    1.570796327   -0.698131701   30.046018166   75.223293589    6.291652856
    1.745329252   -0.698131701   43.011764219   71.009616988    5.496019744
    1.919862177   -0.698131701   54.158000031   55.186964869    4.544794831
    2.094395102   -0.698131701   61.909971462   32.994091154    3.811082962
    2.268928028   -0.698131701   65.582235617    9.106936876    3.482074150
    2.443460953   -0.698131701   65.186176747  -13.183702382    3.520920249
    2.617993878   -0.698131701   61.209057346  -31.620284726    3.707730626
    2.792526803   -0.698131701   54.497691868  -44.246057984    3.714908014
    2.967059728   -0.698131701   46.225268979  -49.356290274    3.235233448

   -3.141592654   -0.349065850   38.365377936  -49.575447756    2.440548446
   -2.967059728   -0.349065850   30.428948909  -40.359278262    0.363998796
   -2.792526803   -0.349065850   24.562245014  -26.454596250   -2.323723736
   -2.617993878   -0.349065850   21.223134059  -12.136124689   -5.324518429
   -2.443460953   -0.349065850   20.104130018   -1.596370124   -8.374263474
   -2.268928028   -0.349065850   20.289629449    2.584617058  -11.348149932
   -2.094395102   -0.349065850   20.625188086    0.320071985  -14.252120221
   -1.919862177   -0.349065850   20.161570925   -6.002189973  -17.089139394
   -1.745329252   -0.349065850   18.523462177  -12.432486783  -19.692949303
   -1.570796327   -0.349065850   16.056051139  -14.904825626  -21.647496141
   -1.396263402   -0.349065850   13.698281295  -10.982621636  -22.393640863
   -1.221730476   -0.349065850   12.586698823   -0.923561943  -21.481571051
   -1.047197551   -0.349065850   13.572875195   12.412147979  -18.842883860
   -0.872664626   -0.349065850   16.877817043   24.923704981  -14.892800882
   -0.698131701   -0.349065850   22.016972004   32.900647763  -10.403263604
   -0.523598776   -0.349065850   27.978270145   34.115101831   -6.221277696
   -0.349065850   -0.349065850   33.497305834   27.837811002   -2.966301395
   -0.174532925   -0.349065850   37.294588677   14.541528624   -0.848008223
    0.000000000   -0.349065850   38.269287699   -4.103005915    0.368757616
    0.174532925   -0.349065850   35.749999657  -24.752379069    1.276468809
    0.349065850   -0.349065850   29.828067203  -42.071255520    2.587568260
    0.523598776   -0.349065850   21.640838211  -49.698583931    4.820046904
    0.698131701   -0.349065850   13.347208675  -42.808242660    8.012035018
    0.872664626   -0.349065850    7.590747307  -21.039647300   11.619316047
    1.047197551   -0.349065850    6.580133298   10.261963098   14.715223305
    1.221730476   -0.349065850   11.205596933   41.908228103   16.415430094
    1.396263402   -0.349065850   20.699074107   64.801115988   16.289431821
    1.570796327   -0.349065850   33.001537358   73.643961372   14.532116573
    1.745329252   -0.349065850   45.578184932   68.318506927   11.820661915
    1.919862177   -0.349065850   56.238262938   52.479761281    8.984978062
    2.094395102   -0.349065850   63.577335295   31.060303402    6.685593758
    2.268928028   -0.349065850   67.002722710    8.207121469    5.236336890
    2.443460953   -0.349065850   66.523064626  -13.320802066    4.591807721
    2.617993878   -0.349065850   62.543350358  -31.649390060    4.434774694
    2.792526803   -0.349065850   55.780598122  -44.933039502    4.298158870
    2.967059728   -0.349065850   47.282358415  -51.326817402    3.731990969

   -3.141592654    0.000000000   39.495318127  -52.492044798    2.024283919
   -2.967059728    0.000000000   30.917931385  -44.723804172    0.250058083
   -2.792526803    0.000000000   24.193774652  -31.812173562   -2.043328989
   -2.617993878    0.000000000   19.875114416  -17.911287249   -4.613347257
   -2.443460953    0.000000000   17.743873788   -7.371213807   -7.241270689
   -2.268928028    0.000000000   16.935381058   -3.018585723   -9.811779699
   -2.094395102    0.000000000   16.313591178   -5.023736487  -12.280372316
   -1.919862177    0.000000000   14.958606393  -10.790656031  -14.548732044
   -1.745329252    0.000000000   12.581950317  -15.951795167  -16.350233077
   -1.570796327    0.000000000    9.684764599  -16.133570562  -17.243628285
   -1.396263402    0.000000000    7.380322530   -9.030180392  -16.773352264
   -1.221730476    0.000000000    6.908914643    4.417237949  -14.712246671
   -1.047197551    0.000000000    9.073367960   20.363396542  -11.260981752
   -0.872664626    0.000000000   13.880995062   33.882169256   -7.050857301
   -0.698131701    0.000000000   20.536869129   41.020773967   -2.935361102
   -0.523598776    0.000000000   27.735185882   39.996775323    0.324536061
   -0.349065850    0.000000000   34.041509745   30.979889236    2.345194877
   -0.174532925    0.000000000   38.179574667   15.461812365    3.237802271
    0.000000000    0.000000000   39.215408072   -4.051058807    3.561406974
    0.174532925    0.000000000   36.754585946  -23.851678777    4.144823052
    0.349065850    0.000000000   31.174834754  -38.878817320    5.774930399
    0.523598776    0.000000000   23.791306452  -43.715193410    8.849017872
    0.698131701    0.000000000   16.735032599  -34.879183413   13.115915407
    0.872664626    0.000000000   12.394397817  -13.146955330   17.664530912
    1.047197551    0.000000000   12.588223155   15.812887230   21.253252261
    1.221730476    0.000000000   17.852815288   43.522002912   22.844126645
    1.396263402    0.000000000   27.257995586   62.266577920   22.046432855
    1.570796327    0.000000000   38.830841308   68.092513433   19.237835858
    1.745329252    0.000000000   50.307469896   61.590363959   15.326695774
    1.919862177    0.000000000   59.821226854   46.326027926   11.335603172
    2.094395102    0.000000000   66.222871912   26.588060811    8.040996277
    2.268928028    0.000000000   69.042321322    5.721251979    5.801807879
    2.443460953    0.000000000   68.277575018  -14.209216074    4.577588587
    2.617993878    0.000000000   64.223659417  -31.782015802    4.041512105
    2.792526803    0.000000000   57.432504530  -45.285820509    3.718685275
    2.967059728    0.000000000   48.788448374  -52.734990085    3.149333005

   -3.141592654    0.349065850   40.566730136  -54.578528379    1.105197814
   -2.967059728    0.349065850   31.517583664  -47.994585002    0.204951773
   -2.792526803    0.349065850   24.142427658  -35.913062618   -1.008702005
   -2.617993878    0.349065850   19.071511866  -22.348096836   -2.445869404
   -2.443460953    0.349065850   16.165875313  -11.760010482   -4.015835813
   -2.268928028    0.349065850   14.611133996   -7.159683430   -5.660347717
   -2.094395102    0.349065850   13.298603213   -8.763133443   -7.313149380
   -1.919862177    0.349065850   11.348012636  -13.796170930   -8.820310719
   -1.745329252    0.349065850    8.554370929  -17.599113093   -9.899092163
   -1.570796327    0.349065850    5.542914212  -15.680378618  -10.186389739
   -1.396263402    0.349065850    3.538777951   -6.005881446   -9.393329269
   -1.221730476    0.349065850    3.811075404    9.817440947   -7.472845818
   -1.047197551    0.349065850    7.060055887   27.175005166   -4.714700418
   -0.872664626    0.349065850   13.074484596   40.640426205   -1.677550189
   -0.698131701    0.349065850   20.800704576   46.317888469    1.015116829
   -0.523598776    0.349065850   28.731517769   43.024739273    2.921374173
   -0.349065850    0.349065850   35.367049196   31.812439527    3.966493615
   -0.174532925    0.349065850   39.523015428   15.048697460    4.471382792
    0.000000000    0.349065850   40.489155324   -4.149167521    5.054191995
    0.174532925    0.349065850   38.162156981  -21.968152911    6.428076037
    0.349065850    0.349065850   33.174211244  -33.880605399    9.113656844
    0.523598776    0.349065850   26.944416164  -35.622407852   13.161366385
    0.698131701    0.349065850   21.475686165  -25.140597027   18.004323764
    0.872664626    0.349065850   18.802082654   -4.247410285   22.557177459
    1.047197551    0.349065850   20.286053969   21.332487766   25.604644291
    1.221730476    0.349065850   26.097167552   44.145688449   26.303595673
    1.396263402    0.349065850   35.179744330   58.102506699   24.516085988
    1.570796327    0.349065850   45.711672790   60.666361330   20.814718209
    1.745329252    0.349065850   55.763915964   53.061949532   16.182110369
    1.919862177    0.349065850   63.837672777   38.624776885   11.609496076
    2.094395102    0.349065850   69.058784814   20.878998033    7.801044560
    2.268928028    0.349065850   71.083764100    2.310497101    5.069092833
    2.443460953    0.349065850   69.899757547  -15.709847226    3.388062169
    2.617993878    0.349065850   65.693759567  -32.185803713    2.505196350
    2.792526803    0.349065850   58.858873792  -45.536721656    2.055627723
    2.967059728    0.349065850   50.120007336  -53.655660515    1.677393359

   -3.141592654    0.698131701   41.754139859  -54.887037207   -0.855734119
   -2.967059728    0.698131701   32.582022144  -49.092468237   -0.834121881
   -2.792526803    0.698131701   24.947518801  -37.754949684   -0.832191101
   -2.617993878    0.698131701   19.503563666  -24.739769250   -0.938870347
   -2.443460953    0.698131701   16.148252682  -14.485032857   -1.229264356
   -2.268928028    0.698131701   14.103960928  -10.008597511   -1.743755576
   -2.094395102    0.698131701   12.301756742  -11.472277966   -2.444407725
   -1.919862177    0.698131701    9.918072054  -15.972293115   -3.186294293
   -1.745329252    0.698131701    6.827733592  -18.734421231   -3.744059399
   -1.570796327    0.698131701    3.742909552  -15.329409030   -3.886102793
   -1.396263402    0.698131701    1.943243985   -4.024931212   -3.480776825
   -1.221730476    0.698131701    2.683194478   13.100580566   -2.559331517
   -1.047197551    0.698131701    6.566698483   31.014017738   -1.311027346
   -0.872664626    0.698131701   13.233136383   44.127586308   -0.000114650
   -0.698131701    0.698131701   21.484542821   48.764908642    1.153553510
   -0.523598776    0.698131701   29.735192617   44.269388742    2.079661912
   -0.349065850    0.698131701   36.512805402   32.323061507    2.915912513
   -0.174532925    0.698131701   40.764162254   15.826307245    3.979880066
    0.000000000    0.698131701   41.979445619   -1.866506352    5.683892684
    0.174532925    0.698131701   40.260606934  -17.156240908    8.387936797
    0.349065850    0.698131701   36.363368105  -26.234158839   12.203391122
    0.523598776    0.698131701   31.667362414  -25.926393445   16.827898799
    0.698131701    0.698131701   27.939576139  -15.274238040   21.510236825
    0.872664626    0.698131701   26.827636650    3.375507923   25.217736384
    1.047197551    0.698131701   29.291478287   24.685216583   27.006289805
    1.221730476    0.698131701   35.243836412   42.402894033   26.407890193
    1.396263402    0.698131701   43.615703701   51.923760922   23.605847062
    1.570796327    0.698131701   52.805023533   51.805800409   19.322215041
    1.745329252    0.698131701   61.229821319   43.611179578   14.490729945
    1.919862177    0.698131701   67.732849135   30.310298858    9.923721321
    2.094395102    0.698131701   71.680468814   14.698270473    6.123093575
    2.268928028    0.698131701   72.836264778   -1.481067162    3.269887240
    2.443460953    0.698131701   71.178914957  -17.429712147    1.322188122
    2.617993878    0.698131701   66.807193491  -32.490548462    0.122653733
    2.792526803    0.698131701   59.985711267  -45.198713098   -0.521500090
    2.967059728    0.698131701   51.306654117  -53.383391776   -0.796690406

   -3.141592654    1.047197551   40.625207196  -54.212425005   -5.313620679
   -2.967059728    1.047197551   31.627533568  -47.816169208   -4.591405288
   -2.792526803    1.047197551   24.238729238  -36.286155634   -3.578436157
   -2.617993878    1.047197551   19.034764593  -23.525881314   -2.531723725
   -2.443460953    1.047197551   15.842277668  -13.871870882   -1.683373302
   -2.268928028    1.047197551   13.843280303  -10.094476950   -1.165101171
   -2.094395102    1.047197551   11.976859436  -12.068045896   -0.963982381
   -1.919862177    1.047197551    9.471801809  -16.699111438   -0.949307243
   -1.745329252    1.047197551    6.272320202  -19.203971541   -0.965847023
   -1.570796327    1.047197551    3.145255576  -15.330058508   -0.924026329
   -1.396263402    1.047197551    1.386414972   -3.581547365   -0.837290838
   -1.221730476    1.047197551    2.229231343   13.791221328   -0.768402071
   -1.047197551    1.047197551    6.239181154   31.737128752   -0.739958690
   -0.872664626    1.047197551   13.026335136   44.783413748   -0.672992987
   -0.698131701    1.047197551   21.392750887   49.461379685   -0.393132603
   -0.523598776    1.047197551   29.790917871   45.338693646    0.316558429
   -0.349065850    1.047197551   36.823852600   34.274424552    1.665059003
   -0.174532925    1.047197551   41.535270907   19.240128443    3.815309565
    0.000000000    1.047197551   43.509766065    3.476691826    6.855023398
    0.174532925    1.047197551   42.902654057   -9.793443289   10.738872309
    0.349065850    1.047197551   40.433151832  -17.394573436   15.196862168
    0.523598776    1.047197551   37.320832795  -16.885769707   19.677469591
    0.698131701    1.047197551   35.059403719   -7.827829567   23.403064760
    0.872664626    1.047197551   34.978600326    7.496658614   25.571384763
    1.047197551    1.047197551   37.791597660   24.493469191   25.656806477
    1.221730476    1.047197551   43.336087850   38.042126333   23.635567422
    1.396263402    1.047197551   50.662404063   44.555636290   19.983126709
    1.570796327    1.047197551   58.421421091   43.057488455   15.459652520
    1.745329252    1.047197551   65.309314210   34.955696199   10.806727918
    1.919862177    1.047197551   70.382771952   22.690224669    6.538230469
    2.094395102    1.047197551   73.121982042    8.495127433    2.892051060
    2.268928028    1.047197551   73.321139796   -6.255200475   -0.082528435
    2.443460953    1.047197551   70.945405335  -20.910796054   -2.407409732
    2.617993878    1.047197551   66.068857743  -34.804728857   -4.099712282
    2.792526803    1.047197551   58.938440135  -46.422439451   -5.146903755
    2.967059728    1.047197551   50.134213230  -53.581289253   -5.540856898

   -3.141592654    1.396263402   36.416340037  -54.091195698  -10.411078307
   -2.967059728    1.396263402   27.594682205  -45.966027893   -9.382214745
   -2.792526803    1.396263402   20.647036991  -33.186439697   -7.806714696
   -2.617993878    1.396263402   16.041355666  -19.894964155   -6.058429942
   -2.443460953    1.396263402   13.475680703  -10.421211756   -4.460413048
   -2.268928028    1.396263402   12.028221894   -7.268162807   -3.168522644
   -2.094395102    1.396263402   10.591608775   -9.957720525   -2.142940331
   -1.919862177    1.396263402    8.401204456  -15.181307906   -1.237564370
   -1.745329252    1.396263402    5.423332645  -18.182442063   -0.354833374
   -1.570796327    1.396263402    2.426410383  -14.891966122    0.456635927
   -1.396263402    1.396263402    0.680605073   -3.899500921    1.029514805
   -1.221730476    1.396263402    1.400203010   12.714732383    1.231073450
   -1.047197551    1.396263402    5.181647419   30.283245017    1.114756867
   -0.872664626    1.396263402   11.733931741   43.680530767    0.956627815
   -0.698131701    1.396263402   20.000795585   49.556178845    1.147319733
   -0.523598776    1.396263402   28.571262248   47.306072876    2.027027622
   -0.349065850    1.396263402   36.138047383   38.444660698    3.773228177
   -0.174532925    1.396263402   41.767384926   25.543287205    6.387316191
    0.000000000    1.396263402   44.996798074   11.443035568    9.725542397
    0.174532925    1.396263402   45.864852168   -1.039968200   13.512174450
    0.349065850    1.396263402   44.903603241   -9.103409173   17.312184701
    0.523598776    1.396263402   43.092285448  -10.506594038   20.535194416
    0.698131701    1.396263402   41.680549666   -4.639090798   22.535094747
    0.872664626    1.396263402   41.825978516    6.872044597   22.814702515
    1.047197551    1.396263402   44.213735224   20.378475302   21.246312969
    1.221730476    1.396263402   48.814043353   31.566209386   18.150535355
    1.396263402    1.396263402   54.909032852   37.148162705   14.158467387
    1.570796327    1.396263402   61.380340462   35.847018940    9.940827984
    1.745329252    1.396263402   67.068671262   28.452032434    5.963550178
    1.919862177    1.396263402   71.068340456   16.849549675    2.405494477
    2.094395102    1.396263402   72.825797185    3.040784939   -0.766090204
    2.268928028    1.396263402   72.090959974  -11.511565273   -3.634196420
    2.443460953    1.396263402   68.817866208  -25.898409158   -6.206174071
    2.617993878    1.396263402   63.116757421  -39.179351598   -8.366771257
    2.792526803    1.396263402   55.310321730  -49.694828157   -9.905263824
    2.967059728    1.396263402   46.064758592  -55.280451827  -10.618741184

   -3.141592654    1.745329252   30.931373718  -53.551565311  -15.867201167
   -2.967059728    1.745329252   22.387076191  -43.409986214  -15.281295383
   -2.792526803    1.745329252   16.011221993  -29.337652936  -13.826589430
   -2.617993878    1.745329252   12.124282491  -15.651783571  -11.829966273
   -2.443460953    1.745329252   10.278834525   -6.498158487   -9.614017413
   -2.268928028    1.745329252    9.463931950   -3.952935989   -7.367546932
   -2.094395102    1.745329252    8.558034253   -7.156685821   -5.102717616
   -1.919862177    1.745329252    6.826453281  -12.708586394   -2.743242338
   -1.745329252    1.745329252    4.252239982  -16.063792733   -0.289574845
   -1.570796327    1.745329252    1.573398098  -13.434779150    2.072913182
   -1.396263402    1.745329252    0.000000000   -3.421262540    4.014815494
   -1.221730476    1.745329252    0.718997457   12.273404539    5.255938329
   -1.047197551    1.745329252    4.386132944   29.549461539    5.764735828
   -0.872664626    1.745329252   10.856582492   43.644743223    5.817047664
   -0.698131701    1.745329252   19.246639841   51.126148291    5.867616448
   -0.523598776    1.745329252   28.266686405   50.908223794    6.338735223
   -0.349065850    1.745329252   36.632314362   43.922721966    7.455304337
   -0.174532925    1.745329252   43.338167939   32.266405539    9.210162426
    0.000000000    1.745329252   47.784473952   18.495054437   11.395906671
    0.174532925    1.745329252   49.835829836    5.275825804   13.652101772
    0.349065850    1.745329252   49.833058336   -4.615305696   15.503235478
    0.523598776    1.745329252   48.575693565   -8.765366548   16.439543447
    0.698131701    1.745329252   47.190704526   -6.083900984   16.064893100
    0.872664626    1.745329252   46.822178659    2.547440664   14.279007612
    1.047197551    1.745329252   48.274612098   14.197258479   11.373454240
    1.221730476    1.745329252   51.732368223   24.872311873    7.940881886
    1.396263402    1.745329252   56.698377282   31.037487321    4.615852014
    1.570796327    1.745329252   62.191534831   30.759045144    1.800521525
    1.745329252    1.745329252   67.066967030   24.143510158   -0.466207428
    1.919862177    1.745329252   70.338879959   12.710808227   -2.432842002
    2.094395102    1.745329252   71.346327824   -1.475603706   -4.436819537
    2.268928028    1.745329252   69.773326462  -16.583946285   -6.697876855
    2.443460953    1.745329252   65.584172234  -31.234079894   -9.213174498
    2.617993878    1.745329252   58.975365617  -44.096306444  -11.755837549
    2.792526803    1.745329252   50.406527717  -53.362852497  -13.949187945
    2.967059728    1.745329252   40.682502897  -56.994396970  -15.409033506

   -3.141592654    2.094395102   24.668412986  -54.250809578  -16.856895874
   -2.967059728    2.094395102   16.187330514  -42.031009048  -16.379545327
   -2.792526803    2.094395102   10.203048258  -26.335185266  -14.914356470
   -2.617993878    2.094395102    6.934768310  -11.675911139  -12.750582337
   -2.443460953    2.094395102    5.825999917   -2.103646925  -10.182004268
   -2.268928028    2.094395102    5.794200996    0.612441796   -7.374495428
   -2.094395102    2.094395102    5.701486592   -2.385584615   -4.326351116
   -1.919862177    2.094395102    4.827548811   -7.656822077   -0.971435268
   -1.745329252    2.094395102    3.150035223  -10.900735651    2.639249518
   -1.570796327    2.094395102    1.347632444   -8.663226811    6.218688830
   -1.396263402    2.094395102    0.528935867    0.358393173    9.294913066
   -1.221730476    2.094395102    1.795914458   14.750037805   11.433009919
   -1.047197551    2.094395102    5.795244341   30.953319797   12.471125463
   -0.872664626    2.094395102   12.464612678   44.648910835   12.607373208
   -0.698131701    2.094395102   21.051880328   52.497341142   12.274438216
   -0.523598776    2.094395102   30.381450951   53.122824149   11.911908362
   -0.349065850    2.094395102   39.213385602   47.014460389   11.771376929
   -0.174532925    2.094395102   46.508785198   35.830678657   11.860994314
    0.000000000    2.094395102   51.567872217   21.808652019   11.974466140
    0.174532925    2.094395102   54.110900756    7.431457126   11.764628002
    0.349065850    2.094395102   54.316769243   -4.517120484   10.843625651
    0.523598776    2.094395102   52.849523488  -11.318583141    8.928636638
    0.698131701    2.094395102   50.784855257  -11.233453873    6.004208060
    0.872664626    2.094395102   49.347909950   -4.333632129    2.428033068
    1.047197551    2.094395102   49.551343913    7.027797631   -1.140142507
    1.221730476    2.094395102   51.839948719   18.846078618   -3.996574314
    1.396263402    2.094395102   55.918101212   26.948052064   -5.711141947
    1.570796327    2.094395102   60.862888117   28.471100471   -6.320385674
    1.745329252    2.094395102   65.435175828   22.778432495   -6.280005045
    1.919862177    2.094395102   68.466913420   11.149060808   -6.229860791
    2.094395102    2.094395102   69.118592450   -4.081867768   -6.714199716
    2.268928028    2.094395102   66.973958755  -20.516000302   -7.991346679
    2.443460953    2.094395102   62.002574332  -36.162925943   -9.988753947
    2.617993878    2.094395102   54.500590347  -49.233597048  -12.361315917
    2.792526803    2.094395102   45.085912195  -57.748179967  -14.606928714
    2.967059728    2.094395102   34.725765841  -59.774718936  -16.226361600

   -3.141592654    2.443460953   19.040122933  -55.135419922  -11.413117104
   -2.967059728    2.443460953   10.581950505  -40.902102573  -10.797071633
   -2.792526803    2.443460953    4.954435364  -23.449820160   -9.399609347
   -2.617993878    2.443460953    2.310472215   -7.488440330   -7.420622531
   -2.443460953    2.443460953    2.015518500    2.980446437   -5.044968683
   -2.268928028    2.443460953    2.934551658    6.413748421   -2.342774391
   -2.094395102    2.443460953    3.917441157    4.145344269    0.748130759
   -1.919862177    2.443460953    4.246703163   -0.428566804    4.316762191
   -1.745329252    2.443460953    3.869002911   -3.331694626    8.306242778
   -1.570796327    2.443460953    3.364632649   -1.514889902   12.392173777
   -1.396263402    2.443460953    3.690029546    6.168656714   16.020356723
   -1.221730476    2.443460953    5.804386770   18.575869409   18.614895757
   -1.047197551    2.443460953   10.289750120   32.733077263   19.831185603
   -0.872664626    2.443460953   17.124306702   44.871868787   19.692872334
   -0.698131701    2.443460953   25.667101874   51.883513570   18.529046445
   -0.523598776    2.443460953   34.859318216   52.221619375   16.781960794
   -0.349065850    2.443460953   43.525144532   46.001313044   14.797191412
   -0.174532925    2.443460953   50.619500897   34.470562979   12.718659874
    0.000000000    2.443460953   55.374094710   19.572707927   10.474493931
    0.174532925    2.443460953   57.405395724    3.701020019    7.842216965
    0.349065850    2.443460953   56.795946995  -10.165362382    4.582858028
    0.523598776    2.443460953   54.177036514  -18.787173627    0.623494593
    0.698131701    2.443460953   50.704625831  -19.683484156   -3.788329454
    0.872664626    2.443460953   47.810055221  -12.302263227   -8.048058353
    1.047197551    2.443460953   46.781279825    1.117247143  -11.373470155
    1.221730476    2.443460953   48.297614235   16.001069022  -13.134917599
    1.396263402    2.443460953   52.152525065   27.143646919  -13.149897363
    1.570796327    2.443460953   57.327576263   30.689087076  -11.777342025
    1.745329252    2.443460953   62.351783494   25.477815456   -9.750661606
    1.919862177    2.443460953   65.788504794   12.890805142   -7.878207720
    2.094395102    2.443460953   66.590429040   -4.183943595   -6.761512985
    2.268928028    2.443460953   64.248732290  -22.639407957   -6.651208670
    2.443460953    2.443460953   58.759831011  -39.849190958   -7.447423543
    2.617993878    2.443460953   50.539799393  -53.598303588   -8.789723817
    2.792526803    2.443460953   40.378834538  -61.763390687  -10.186844997
    2.967059728    2.443460953   29.417925743  -62.517772807  -11.171246993

   -3.141592654    2.792526803   16.630616431  -54.840529799   -0.219526975
   -2.967059728    2.792526803    8.315786098  -39.572675543    1.032767543
   -2.792526803    2.792526803    3.002520429  -21.212763370    2.538903647
   -2.617993878    2.792526803    0.817540637   -4.486016087    4.204835090
   -2.443460953    2.792526803    1.110855110    6.726794245    6.019927929
   -2.268928028    2.792526803    2.758495697   11.051341376    8.080859515
   -2.094395102    2.792526803    4.644995784    9.892393719   10.546432456
   -1.919862177    2.792526803    6.080898819    6.486291952   13.520773925
   -1.745329252    2.792526803    6.989855323    4.394277254   16.920118427
   -1.570796327    2.792526803    7.845751658    6.165421786   20.393496708
   -1.396263402    2.792526803    9.424555586   12.650472109   23.377469420
   -1.221730476    2.792526803   12.487888896   22.827011652   25.280048830
   -1.047197551    2.792526803   17.477783170   34.231281072   25.711088932
   -0.872664626    2.792526803   24.337540805   43.728859280   24.622508030
   -0.698131701    2.792526803   32.489227943   48.661665874   22.287417794
   -0.523598776    2.792526803   40.985828199   47.569655831   19.147865567
   -0.349065850    2.792526803   48.750767450   40.379147220   15.616400704
   -0.174532925    2.792526803   54.791768876   28.022165425   11.943782804
    0.000000000    2.792526803   58.341942213   12.188399082    8.173609921
    0.174532925    2.792526803   58.991065513   -4.770145672    4.188627820
    0.349065850    2.792526803   56.812136641  -19.621088749   -0.141895316
    0.523598776    2.792526803   52.496589666  -28.615065032   -4.773556923
    0.698131701    2.792526803   47.358824811  -28.688796025   -9.352517868
    0.872664626    2.792526803   43.071273732  -19.000653599  -13.233630818
    1.047197551    2.792526803   41.166492048   -2.070212960  -15.710650515
    1.221730476    2.792526803   42.466726261   16.693935438  -16.340950349
    1.396263402    2.792526803   46.737899504   31.035242253  -15.163732145
    1.570796327    2.792526803   52.768276141   36.328845897  -12.690893911
    1.745329252    2.792526803   58.807011803   31.206306198   -9.676175887
    1.919862177    2.792526803   63.151213997   17.395147763   -6.831922515
    2.094395102    2.792526803   64.578148406   -1.575385981   -4.618721140
    2.268928028    2.792526803   62.520781917  -21.943243762   -3.184997447
    2.443460953    2.792526803   57.019089649  -40.583340349   -2.413393860
    2.617993878    2.792526803   48.599346162  -55.017881951   -2.024003593
    2.792526803    2.792526803   38.187097327  -63.111728942   -1.684111044
    2.967059728    2.792526803   27.043115650  -63.203157521   -1.127637181
