#! FIELDS phi psi file.free der_phi der_psi
#! SET min_phi -pi
#! SET max_phi pi
#! SET nbins_phi  36
#! SET periodic_phi true
#! SET min_psi -pi
#! SET max_psi pi
#! SET nbins_psi  18
#! SET periodic_psi true
   -3.141592654   -3.141592654   17.753983410  -53.561765685   16.064650704
   -2.967059728   -3.141592654    9.842185342  -36.446131414   18.367343793
   -2.792526803   -3.141592654    5.148308078  -17.486520830   19.945123041
   -2.617993878   -3.141592654    3.587469120   -1.198994685   20.825355639
   -2.443460953   -3.141592654    4.386417422    9.227517061   21.270823494
   -2.268928028   -3.141592654    6.430349271   13.195336014   21.703764774
   -2.094395102   -3.141592654    8.721580832   12.520946700   22.556928621
   -1.919862177   -3.141592654   10.714909954   10.325767850   24.109718947
   -1.745329252   -3.141592654   12.419168441    9.634998668   26.366380558
   -1.570796327   -3.141592654   14.285610944   12.367684637   29.009287028
   -1.396263402   -3.141592654   16.971974941   18.960655981   31.467999223
   -1.221730476   -3.141592654   21.080849325   28.343799253   33.079212034
   -1.047197551   -3.141592654   26.915038486   38.294618628   33.297572790
   -0.872664626   -3.141592654   34.331620183   46.003719148   31.846242611
   -0.698131701   -3.141592654   42.714616440   49.021071167   28.763185316
   -0.523598776   -3.141592654   51.100423298   45.909819741   24.331010554
   -0.349065850   -3.141592654   58.389076804   36.536291890   18.947255571
   -0.174532925   -3.141592654   63.553700948   21.772989395   13.026772098
    0.000000000   -3.141592654   65.791059230    3.357640888    6.947251395
    0.174532925   -3.141592654   64.674571186  -16.155357158    1.029328914
    0.349065850   -3.141592654   60.313857642  -33.133161976   -4.430700696
    0.523598776   -3.141592654   53.526930070  -43.191997570   -9.124653536
    0.698131701   -3.141592654   45.878327267  -42.535859857  -12.721738030
    0.872664626   -3.141592654   39.403850504  -29.818985410  -14.915559020
    1.047197551   -3.141592654   36.036643760   -7.710790733  -15.546118700
    1.221730476   -3.141592654   36.900524771   17.406029425  -14.712108553
    1.396263402   -3.141592654   41.835277303   37.722493251  -12.763165284
    1.570796327   -3.141592654   49.423764873   47.063694580  -10.173828322
    1.745329252   -3.141592654   57.483155403   43.107192866   -7.353753176
    1.919862177   -3.141592654   63.789625677   27.530446939   -4.536989162
    2.094395102   -3.141592654   66.669678791    4.688726799   -1.770247932
    2.268928028   -3.141592654   65.305969696  -20.252384829    1.009334223
    2.443460953   -3.141592654   59.752103700  -42.633035941    3.891514117
    2.617993878   -3.141592654   50.787220544  -58.846073180    6.925725426
    2.792526803   -3.141592654   39.718958599  -66.466970271   10.082530506
    2.967059728   -3.141592654   28.159063247  -64.463646266   13.212285151

   -3.141592654   -2.792526803   25.070943723  -48.731895275   24.175837992
   -2.967059728   -2.792526803   17.843786582  -33.472752158   26.329041443
   -2.792526803   -2.792526803   13.504402791  -16.360177311   27.465103344
   -2.617993878   -2.792526803   12.010411301   -1.447031293   27.776975659
   -2.443460953   -2.792526803   12.705717240    8.441324166   27.674979279
   -2.268928028   -2.792526803   14.635064267   12.817856862   27.656488210
   -2.094395102   -2.792526803   16.955278583   13.330854176   28.128075147
   -1.919862177   -2.792526803   19.224285556   12.698132222   29.257847056
   -1.745329252   -2.792526803   21.469567513   13.383978161   30.908657908
   -1.570796327   -2.792526803   24.057529887   16.716581873   32.652984098
   -1.396263402   -2.792526803   27.467019320   22.669757282   33.883080165
   -1.221730476   -2.792526803   32.064042290   30.017235306   33.971542985
   -1.047197551   -2.792526803   37.923890608   36.775991029   32.465578931
   -0.872664626   -2.792526803   44.749616474   40.726714562   29.215587574
   -0.698131701   -2.792526803   51.888672266   40.139956007   24.409405845
   -0.523598776   -2.792526803   58.461937546   34.198635055   18.492135782
   -0.349065850   -2.792526803   63.542611825   23.165775574   12.021415998
   -0.174532925   -2.792526803   66.323562981    8.057885109    5.542556104
    0.000000000   -2.792526803   66.227765341   -9.467650412   -0.481818444
    0.174532925   -2.792526803   63.026379462  -27.067250472   -5.704743543
    0.349065850   -2.792526803   56.982585591  -41.403309032   -9.871822401
    0.523598776   -2.792526803   49.014442538  -48.407553204  -12.805215184
    0.698131701   -2.792526803   40.730472144  -44.602787314  -14.405323325
    0.872664626   -2.792526803   34.152256481  -28.999488760  -14.676330269
    1.047197551   -2.792526803   31.135966534   -4.625279609  -13.774775878
    1.221730476   -2.792526803   32.673817823   21.908040271  -12.007722214
    1.396263402   -2.792526803   38.455853184   42.817255851   -9.736711754
    1.570796327   -2.792526803   46.944681366   52.242774569   -7.243010954
    1.745329252   -2.792526803   55.905609969   48.277134708   -4.623918256
    1.919862177   -2.792526803   63.128471073   32.913511705   -1.809647211
    2.094395102   -2.792526803   66.988825596   10.575712415    1.339377596
    2.268928028   -2.792526803   66.709991726  -13.707289881    4.912107270
    2.443460953   -2.792526803   62.352803228  -35.509492984    8.878889172
    2.617993878   -2.792526803   54.661173244  -51.451608599   13.080005395
    2.792526803   -2.792526803   44.872119151  -59.312192279   17.254612350
    2.967059728   -2.792526803   34.496646167  -58.170667336   21.067764830

   -3.141592654   -2.443460953   33.494065782  -43.854874948   22.690641436
   -2.967059728   -2.443460953   26.951261209  -30.520418191   24.486432447
   -2.792526803   -2.443460953   22.970094466  -15.140209439   25.414456460
   -2.617993878   -2.443460953   21.579410536   -1.356643751   25.660225149
   -2.443460953   -2.443460953   22.253415345    8.250776881   25.539054295
   -2.268928028   -2.443460953   24.184153212   13.133102608   25.398412521
   -2.094395102   -2.443460953   26.638687338   14.586457028   25.490337446
   -1.919862177   -2.443460953   29.206455269   14.810073963   25.869473782
   -1.745329252   -2.443460953   31.852964065   15.730586697   26.362486093
   -1.570796327   -2.443460953   34.798568720   18.284874619   26.601424432
   -1.396263402   -2.443460953   38.328989033   22.305049029   26.132831067
   -1.221730476   -2.443460953   42.619108403   26.751258486   24.547080567
   -1.047197551   -2.443460953   47.615018239   30.128280443   21.621482369
   -0.872664626   -2.443460953   52.993885952   30.893632568   17.393285393
   -0.698131701   -2.443460953   58.194031197   27.946534444   12.158019285
   -0.523598776   -2.443460953   62.520025980   20.872216866    6.383850798
   -0.349065850   -2.443460953   65.271799088   10.024275337    0.587596927
   -0.174532925   -2.443460953   65.860292350   -3.744408662   -4.766988876
    0.000000000   -2.443460953   63.882823607  -19.117069855   -9.320125003
    0.174532925   -2.443460953   59.219545262  -34.114872210  -12.844620448
    0.349065850   -2.443460953   52.182824152  -45.722467065  -15.227173108
    0.523598776   -2.443460953   43.691751793  -50.104692821  -16.453445422
    0.698131701   -2.443460953   35.320822043  -43.949207181  -16.592594451
    0.872664626   -2.443460953   29.029691278  -26.436249761  -15.788149273
    1.047197551   -2.443460953   26.583996832   -0.747489737  -14.260890339
    1.221730476   -2.443460953   28.866046821   26.466757279  -12.275754909
    1.396263402   -2.443460953   35.466289618   47.581430125  -10.057373497
    1.570796327   -2.443460953   44.791615092   57.072613512   -7.709847106
    1.745329252   -2.443460953   54.613783187   53.365788401   -5.186256865
    1.919862177   -2.443460953   62.773627228   38.615740071   -2.354331963
    2.094395102   -2.443460953   67.704768314   17.164752888    0.902811839
    2.268928028   -2.443460953   68.657470330   -6.215340330    4.596452855
    2.443460953   -2.443460953   65.669727323  -27.388066962    8.606602181
    2.617993878   -2.443460953   59.415708995  -43.202690444   12.704676415
    2.792526803   -2.443460953   51.032168634  -51.579004952   16.606570204
    2.967059728   -2.443460953   41.915065773  -51.607597074   20.018731661

   -3.141592654   -2.094395102   39.912296742  -40.026761239   14.192346651
   -2.967059728   -2.094395102   33.919939854  -28.044291480   15.256184638
   -2.792526803   -2.094395102   30.261521606  -13.879703407   15.873146149
   -2.617993878   -2.094395102   29.008193227   -0.976458060   16.153212451
   -2.443460953   -2.094395102   29.704728238    8.202920405   16.215107639
   -2.268928028   -2.094395102   31.618895408   13.040207190   16.158087467
   -2.094395102   -2.094395102   34.065083835   14.577971420   16.018906877
   -1.919862177   -2.094395102   36.624765951   14.662912755   15.734434027
   -1.745329252   -2.094395102   39.195192848   14.897110020   15.139795677
   -1.570796327   -2.094395102   41.883994083   16.063738185   14.001747121
   -1.396263402   -2.094395102   44.857951956   18.068911668   12.101831864
   -1.221730476   -2.094395102   48.205749115   20.184352400    9.317604680
   -1.047197551   -2.094395102   51.857714191   21.369419122    5.699907422
   -0.872664626   -2.094395102   55.558618648   20.569028174    1.484215995
   -0.698131701   -2.094395102   58.888444573   17.025890803   -2.956520756
   -0.523598776   -2.094395102   61.334996800   10.442768354   -7.207111557
   -0.349065850   -2.094395102   62.379547260    1.035285875  -10.912707432
   -0.174532925   -2.094395102   61.573659689  -10.648195522  -13.848673524
    0.000000000   -2.094395102   58.593634649  -23.687773915  -15.934292956
    0.174532925   -2.094395102   53.329769099  -36.460851986  -17.222467572
    0.349065850   -2.094395102   46.052431944  -46.193584719  -17.842940670
    0.523598776   -2.094395102   37.610872944  -49.131412043  -17.942711660
    0.698131701   -2.094395102   29.506758105  -41.914422162  -17.630262374
    0.872664626   -2.094395102   23.639343756  -23.653611875  -16.949567671
    1.047197551   -2.094395102   21.725752095    2.533298367  -15.901918959
    1.221730476   -2.094395102   24.611025899   30.080323613  -14.481470847
    1.396263402   -2.094395102   31.867529141   51.491614328  -12.682753444
    1.570796327   -2.094395102   41.909236872   61.397854743  -10.503006055
    1.745329252   -2.094395102   52.537461152   58.301927335   -7.941729729
    1.919862177   -2.094395102   61.624150267   44.303535391   -5.026129156
    2.094395102   -2.094395102   67.613838088   23.576106801   -1.834032879
    2.268928028   -2.094395102   69.734670786    0.699623203    1.495515343
    2.443460953   -2.094395102   67.973250614  -20.326365452    4.780257948
    2.617993878   -2.094395102   62.935120367  -36.406926134    7.827810039
    2.792526803   -2.094395102   55.685135352  -45.459744450   10.473594356
    2.967059728   -2.094395102   47.552495205  -46.517820554   12.609874270

   -3.141592654   -1.745329252   42.226757107  -38.669673558    5.747595371
   -2.967059728   -1.745329252   36.441593032  -27.004684834    6.202811632
   -2.792526803   -1.745329252   32.947052313  -13.036142371    6.542140724
   -2.617993878   -1.745329252   31.823540972   -0.348640434    6.760625060
   -2.443460953   -1.745329252   32.602455154    8.491323901    6.776038212
   -2.268928028   -1.745329252   34.522932116   12.786933143    6.460018155
   -2.094395102   -1.745329252   36.858000869   13.507185653    5.668992302
   -1.919862177   -1.745329252   39.134789175   12.433382516    4.275483254
   -1.745329252   -1.745329252   41.188968650   11.157312314    2.207710028
   -1.570796327   -1.745329252   43.075005720   10.591393983   -0.510982151
   -1.396263402   -1.745329252   44.944200593   10.925732965   -3.728697946
   -1.221730476   -1.745329252   46.929601962   11.833446006   -7.184898466
   -1.047197551   -1.745329252   49.076913861   12.645538442  -10.561512538
   -0.872664626   -1.745329252   51.298617780   12.519204930  -13.557406007
   -0.698131701   -1.745329252   53.354932201   10.627572072  -15.940916874
   -0.523598776   -1.745329252   54.879122056    6.348222308  -17.572396806
   -0.349065850   -1.745329252   55.425292870   -0.590131510  -18.408792689
   -0.174532925   -1.745329252   54.531130060  -10.114377721  -18.511162337
    0.000000000   -1.745329252   51.785115726  -21.671923495  -18.050485283
    0.174532925   -1.745329252   46.941004083  -33.803756221  -17.300050093
    0.349065850   -1.745329252   40.124732886  -43.674906348  -16.568706515
    0.523598776   -1.745329252   32.072037049  -47.241865704  -16.095596372
    0.698131701   -1.745329252   24.234801207  -40.719995945  -15.944835126
    0.872664626   -1.745329252   18.536019257  -22.837106701  -15.967600312
    1.047197551   -1.745329252   16.770088067    3.495226808  -15.867882781
    1.221730476   -1.745329252   19.875000609   31.699943548  -15.334609969
    1.396263402   -1.745329252   27.498084399   54.098529319  -14.153633515
    1.570796327   -1.745329252   38.089236669   65.069879733  -12.276245826
    1.745329252   -1.745329252   49.442053109   62.880274550   -9.814256394
    1.919862177   -1.745329252   59.384058569   49.451339523   -6.997588415
    2.094395102   -1.745329252   66.291921667   28.867457510   -4.104296128
    2.268928028   -1.745329252   69.318050030    5.709626406   -1.394801966
    2.443460953   -1.745329252   68.380799332  -15.945329282    0.938886585
    2.617993878   -1.745329252   64.035964326  -32.868410508    2.795275809
    2.792526803   -1.745329252   57.325900241  -42.808679338    4.162684317
    2.967059728   -1.745329252   49.587896088  -44.634479847    5.110311094

   -3.141592654   -1.396263402   41.654993111  -38.820173808    1.398411024
   -2.967059728   -1.396263402   35.860465262  -26.953539542    1.167190189
   -2.792526803   -1.396263402   32.391743716  -12.831419068    0.919159913
   -2.617993878   -1.396263402   31.295485457   -0.317738629    0.639271256
   -2.443460953   -1.396263402   32.029520374    7.858822486    0.201639263
   -2.268928028   -1.396263402   33.744142646   10.985374732   -0.601968302
   -2.094395102   -1.396263402   35.633094867   10.149986993   -2.014797792
   -1.919862177   -1.396263402   37.174653942    7.364721062   -4.233670096
   -1.745329252   -1.396263402   38.204532763    4.546387772   -7.309645601
   -1.570796327   -1.396263402   38.840028294    2.999394849  -11.064903518
   -1.396263402   -1.396263402   39.362191461    3.253383448  -15.081750768
   -1.221730476   -1.396263402   40.078479218    5.138148322  -18.803349141
   -1.047197551   -1.396263402   41.212081853    7.852096333  -21.698348483
   -0.872664626   -1.396263402   42.807653652   10.191010074  -23.408754928
   -0.698131701   -1.396263402   44.682621818   10.855884789  -23.813108553
   -0.523598776   -1.396263402   46.449303385    8.819785647  -23.003559944
   -0.349065850   -1.396263402   47.579908696    3.521966491  -21.230766283
   -0.174532925   -1.396263402   47.490382030   -5.144679901  -18.858900152
    0.000000000   -1.396263402   45.622220469  -16.737124613  -16.329966076
    0.174532925   -1.396263402   41.570404072  -29.801099267  -14.105350588
    0.349065850   -1.396263402   35.317106565  -41.315938691  -12.558199621
    0.523598776   -1.396263402   27.508744459  -46.802821194  -11.852886999
    0.698131701   -1.396263402   19.600829763  -41.870479890  -11.872715912
    0.872664626   -1.396263402   13.624177807  -24.698824800  -12.254860375
    1.047197551   -1.396263402   11.554232485    2.046910720  -12.530883219
    1.221730476   -1.396263402   14.517550404   31.644833897  -12.305727118
    1.396263402   -1.396263402   22.294068181   55.935476086  -11.376850236
    1.570796327   -1.396263402   33.368174088   68.694542371   -9.766949441
    1.745329252   -1.396263402   45.468915886   67.687992837   -7.674499715
    1.919862177   -1.396263402   56.292343771   54.589461315   -5.387361861
    2.094395102   -1.396263402   64.065894386   33.523696726   -3.195571679
    2.268928028   -1.396263402   67.819864872    9.324185622   -1.327485712
    2.443460953   -1.396263402   67.403711937  -13.597021104    0.082747642
    2.617993878   -1.396263402   63.362537578  -31.702252327    0.996189620
    2.792526803   -1.396263402   56.774948111  -42.507243626    1.447978090
    2.967059728   -1.396263402   49.046379049  -44.769976332    1.539029267

   -3.141592654   -1.047197551   39.223572380  -41.160831747    2.246580816
   -2.967059728   -1.047197551   33.056194479  -28.843434225    1.014444068
   -2.792526803   -1.047197551   29.310704857  -14.115602722   -0.399374106
   -2.617993878   -1.047197551   28.033450643   -1.167189543   -1.884333464
   -2.443460953   -1.047197551   28.624352071    6.969272115   -3.435596568
   -2.268928028   -1.047197551   30.132111145    9.389944854   -5.180539027
   -2.094395102   -1.047197551   31.632372328    7.201062826   -7.352800122
   -1.919862177   -1.047197551   32.510887635    2.690246665  -10.176429258
   -1.745329252   -1.047197551   32.581022190   -1.701367548  -13.699618951
   -1.570796327   -1.047197551   32.041970209   -4.031341551  -17.658711405
   -1.396263402   -1.047197551   31.359560228   -3.282497357  -21.482075675
   -1.221730476   -1.047197551   31.080377261    0.477024991  -24.460639225
   -1.047197551   -1.047197551   31.642343092    6.080140304  -26.008169083
   -0.872664626   -1.047197551   33.212249752   11.663264547  -25.857409494
   -0.698131701   -1.047197551   35.607991881   15.241495046  -24.109222369
   -0.523598776   -1.047197551   38.337038446   15.289800814  -21.147821413
   -0.349065850   -1.047197551   40.698757882   10.961257973  -17.505998316
   -0.174532925   -1.047197551   41.903761839    2.044200902  -13.750625177
    0.000000000   -1.047197551   41.183260946  -10.955578288  -10.397636704
    0.174532925   -1.047197551   37.950496447  -26.309169533   -7.820541197
    0.349065850   -1.047197551   32.076388993  -40.466238978   -6.168898366
    0.523598776   -1.047197551   24.206534395  -48.244818622   -5.334722320
    0.698131701   -1.047197551   15.917695279  -44.596710858   -5.008695706
    0.872664626   -1.047197551    9.451421897  -27.369446665   -4.818642842
    1.047197551   -1.047197551    7.011985586    0.634745628   -4.477531864
    1.221730476   -1.047197551    9.893829545   32.168869675   -3.860806140
    1.396263402   -1.047197551   17.935928978   58.392339046   -2.983093948
    1.570796327   -1.047197551   29.569295144   72.508963126   -1.925313920
    1.745329252   -1.047197551   42.392197431   71.989571627   -0.775739289
    1.919862177   -1.047197551   53.944306764   58.500930966    0.391682353
    2.094395102   -1.047197551   62.316627397   36.387339978    1.505288332
    2.268928028   -1.047197551   66.451905049   10.801493445    2.483297030
    2.443460953   -1.047197551   66.168127149  -13.534925354    3.230217378
    2.617993878   -1.047197551   62.027661083  -32.857902395    3.645447146
    2.792526803   -1.047197551   55.157873642  -44.517804485    3.634796567
    2.967059728   -1.047197551   47.036996981  -47.188407607    3.158542532

   -3.141592654   -0.698131701   38.790011635  -45.019024985    2.274448382
   -2.967059728   -0.698131701   31.906554801  -33.116772732    0.110282084
   -2.792526803   -0.698131701   27.410463266  -18.378240405   -2.322288367
   -2.617993878   -0.698131701   25.410797228   -5.164342437   -4.795332278
   -2.443460953   -0.698131701   25.325234439    3.177659247   -7.191083377
   -2.268928028   -0.698131701   26.162203206    5.412644435   -9.563482613
   -2.094395102   -0.698131701   26.913139152    2.512847136  -12.109683477
   -1.919862177   -0.698131701   26.885970880   -3.010023076  -15.023016830
   -1.745329252   -0.698131701   25.888324352   -8.128738850  -18.294880227
   -1.570796327   -0.698131701   24.231033396  -10.204422358  -21.576318331
   -1.396263402   -0.698131701   22.594010915   -7.802380744  -24.226410171
   -1.221730476   -0.698131701   21.765856816   -1.124440452  -25.543798020
   -1.047197551   -0.698131701   22.353639411    8.008586991  -25.077574702
   -0.872664626   -0.698131701   24.556302905   16.874737767  -22.817865267
   -0.698131701   -0.698131701   28.083066675   22.784476273  -19.186581856
   -0.523598776   -0.698131701   32.238585590   23.858040531  -14.862722167
   -0.349065850   -0.698131701   36.087030413   19.216611737  -10.556700160
   -0.174532925   -0.698131701   38.621735247    8.860039856   -6.835672024
    0.000000000   -0.698131701   38.909451340   -6.298495094   -4.019239804
    0.174532925   -0.698131701   36.284490894  -23.977204266   -2.114746956
    0.349065850   -0.698131701   30.643085103  -40.014193790   -0.842984631
    0.523598776   -0.698131701   22.753718702  -48.754585332    0.235024407
    0.698131701   -0.698131701   14.370103095  -45.026526948    1.503801225
    0.872664626   -0.698131701    7.895736296  -26.962442517    3.092030008
    1.047197551   -0.698131701    5.621907566    2.104550517    4.814703451
    1.221730476   -0.698131701    8.837534901   34.442668109    6.306291519
    1.396263402   -0.698131701   17.312023079   60.983310272    7.248247568
    1.570796327   -0.698131701   29.392470053   74.976421754    7.544300478
    1.745329252   -0.698131701   42.615599273   74.080467168    7.336713211
    1.919862177   -0.698131701   54.492250233   60.123626939    6.896162589
    2.094395102   -0.698131701   63.104776298   37.511900554    6.468894988
    2.268928028   -0.698131701   67.388915994   11.369365002    6.171992482
    2.443460953   -0.698131701   67.145973652  -13.656692365    5.964352693
    2.617993878   -0.698131701   62.910562485  -33.862569090    5.676791745
    2.792526803   -0.698131701   55.777601080  -46.546583760    5.072317814
    2.967059728   -0.698131701   47.211946665  -50.242916946    3.960739881

   -3.141592654   -0.349065850   39.408429931  -49.962513744    3.077547355
   -2.967059728   -0.349065850   31.580718179  -38.889431344    0.294187981
   -2.792526803   -0.349065850   26.049796160  -24.351548871   -2.808107537
   -2.617993878   -0.349065850   23.029899184  -10.817036794   -5.913777074
   -2.443460953   -0.349065850   22.001230003   -1.979094190   -8.818811768
   -2.268928028   -0.349065850   21.967448397    0.532622935  -11.508988317
   -2.094395102   -0.349065850   21.861629133   -2.482555382  -14.115220623
   -1.919862177   -0.349065850   20.936714781   -8.288684845  -16.747086783
   -1.745329252   -0.349065850   19.018432445  -13.269241378  -19.298459759
   -1.570796327   -0.349065850   16.549066487  -14.152757753  -21.355298758
   -1.396263402   -0.349065850   14.422296907   -9.251372143  -22.312892102
   -1.221730476   -0.349065850   13.632652259    0.861393670  -21.647037596
   -1.047197551   -0.349065850   14.878737687   13.493905254  -19.211643065
   -0.872664626   -0.349065850   18.285027849   24.964374265  -15.350841645
   -0.698131701   -0.349065850   23.343768734   31.962928353  -10.785294057
   -0.523598776   -0.349065850   29.078101427   32.511635610   -6.344617774
   -0.349065850   -0.349065850   34.294482073   26.068034421   -2.685457613
   -0.174532925   -0.349065850   37.814775058   13.243482355   -0.118819244
    0.000000000   -0.349065850   38.653656301   -4.289446821    1.446317782
    0.174532925   -0.349065850   36.227368257  -23.521781090    2.470353852
    0.349065850   -0.349065850   30.623612806  -39.809852627    3.612348457
    0.523598776   -0.349065850   22.845296060  -47.518344021    5.457086695
    0.698131701   -0.349065850   14.824463875  -42.085042610    8.216647966
    0.872664626   -0.349065850    9.000597294  -22.590081880   11.566515579
    1.047197551   -0.349065850    7.541367302    6.841711649   14.757329389
    1.221730476   -0.349065850   11.521612572   38.269074021   16.971169091
    1.396263402   -0.349065850   20.518256926   63.058584321   17.705309271
    1.570796327   -0.349065850   32.796412396   75.213324501   16.974650031
    1.745329252   -0.349065850   45.937482840   73.030544077   15.233505982
    1.919862177   -0.349065850   57.575872474   58.575457612   13.120492477
    2.094395102   -0.349065850   65.922097798   36.083288064   11.183322357
    2.268928028   -0.349065850   69.986073982   10.274820149    9.706767760
    2.443460953   -0.349065850   69.567328331  -14.639050820    8.675713249
    2.617993878   -0.349065850   65.133790033  -35.260471180    7.836988005
    2.792526803   -0.349065850   57.679653392  -48.914807900    6.813390357
    2.967059728   -0.349065850   48.587859133  -53.923257401    5.277162729

   -3.141592654    0.000000000   40.789865456  -54.715773770    2.866947503
   -2.967059728    0.000000000   32.041006289  -44.594120880    0.225724173
   -2.792526803    0.000000000   25.473701794  -30.406586622   -2.630186136
   -2.617993878    0.000000000   21.408389604  -16.664126320   -5.414041766
   -2.443460953    0.000000000   19.398531394   -7.359521998   -7.951286336
   -2.268928028    0.000000000   18.462681893   -4.450855133  -10.237232683
   -2.094395102    0.000000000   17.508910522   -7.228622463  -12.365920549
   -1.919862177    0.000000000   15.781393834  -12.677534722  -14.363544268
   -1.745329252    0.000000000   13.171597746  -16.645667326  -16.033956547
   -1.570796327    0.000000000   10.278545211  -15.433842430  -16.935283427
   -1.396263402    0.000000000    8.188207674   -7.411850138  -16.555247438
   -1.221730476    0.000000000    8.023938436    6.164084756  -14.588729208
   -1.047197551    0.000000000   10.454877268   21.566868450  -11.179285198
   -0.872664626    0.000000000   15.400509762   34.217771455   -6.934768118
   -0.698131701    0.000000000   22.039529770   40.503669464   -2.715650054
   -0.523598776    0.000000000   29.088601105   38.841944078    0.694341529
   -0.349065850    0.000000000   35.162887152   29.541978510    2.876602955
   -0.174532925    0.000000000   39.059350947   14.207965557    3.889521087
    0.000000000    0.000000000   39.931386980   -4.618111051    4.225379869
    0.174532925    0.000000000   37.457387401  -23.444745876    4.658646661
    0.349065850    0.000000000   32.024071484  -37.716576745    5.976630076
    0.523598776    0.000000000   24.857780221  -42.565549417    8.664561241
    0.698131701    0.000000000   17.931269950  -34.696737127   12.638287943
    0.872664626    0.000000000   13.497865467  -14.405538090   17.179451422
    1.047197551    0.000000000   13.377784693   13.643593431   21.182322691
    1.221730476    0.000000000   18.290100038   41.940253264   23.621520666
    1.396263402    0.000000000   27.600790850   62.999704492   23.974848024
    1.570796327    0.000000000   39.581764052   72.059445243   22.391685806
    1.745329252    0.000000000   52.001429889   68.182064053   19.538086615
    1.919862177    0.000000000   62.755597445   53.518753957   16.262648098
    2.094395102    0.000000000   70.281399615   31.859326498   13.270917083
    2.268928028    0.000000000   73.712968697    7.257743685   10.934308255
    2.443460953    0.000000000   72.857381661  -16.711824055    9.261672753
    2.617993878    0.000000000   68.096592017  -37.083764253    7.983905142
    2.792526803    0.000000000   60.288201946  -51.274924298    6.696022774
    2.967059728    0.000000000   50.690681811  -57.401959413    5.045012185

   -3.141592654    0.349065850   42.225990249  -58.839573399    1.958588868
   -2.967059728    0.349065850   32.686417912  -49.440146506    0.291068074
   -2.792526803    0.349065850   25.248585478  -35.424995710   -1.431318093
   -2.617993878    0.349065850   20.331586315  -21.329257172   -3.073629207
   -2.443460953    0.349065850   17.559074558  -11.415352563   -4.573470970
   -2.268928028    0.349065850   15.967266508   -7.930646261   -5.962078735
   -2.094395102    0.349065850   14.447754769  -10.235949787   -7.294678496
   -1.919862177    0.349065850   12.243553266  -15.074296148   -8.532731211
   -1.745329252    0.349065850    9.305350862  -17.886137903   -9.462876867
   -1.570796327    0.349065850    6.353190565  -14.740293916   -9.727628926
   -1.396263402    0.349065850    4.596527101   -4.227809293   -8.993736067
   -1.221730476    0.349065850    5.201184073   11.696123071   -7.156308600
   -1.047197551    0.349065850    8.736338213   28.463396460   -4.474238799
   -0.872664626    0.349065850   14.894380564   40.942016098   -1.508271671
   -0.698131701    0.349065850   22.582686164   45.586422835    1.101624723
   -0.523598776    0.349065850   30.310256202   41.468293079    2.911188764
   -0.349065850    0.349065850   36.630251941   29.826472514    3.864217909
   -0.174532925    0.349065850   40.440219777   13.153203764    4.300609491
    0.000000000    0.349065850   41.125667832   -5.406206377    4.834330663
    0.174532925    0.349065850   38.664793097  -22.239035942    6.152574257
    0.349065850    0.349065850   33.714561112  -33.257358918    8.761249864
    0.523598776    0.349065850   27.635208660  -34.658820430   12.749808986
    0.698131701    0.349065850   22.313361067  -24.536211862   17.656019153
    0.872664626    0.349065850   19.688326904   -4.290385063   22.527700833
    1.047197551    0.349065850   21.141227161   21.169256810   26.237304282
    1.221730476    0.349065850   27.002769477   45.112353377   27.918618524
    1.396263402    0.349065850   36.451790710   61.489894453   27.282712718
    1.570796327    0.349065850   47.829068980   66.916686597   24.676912815
    1.745329252    0.349065850   59.163956823   61.220424956   20.872003077
    1.919862177    0.349065850   68.678285505   46.540207392   16.739746866
    2.094395102    0.349065850   75.079209758   26.085441515   12.976361959
    2.268928028    0.349065850   77.645508958    3.122457627    9.959073887
    2.443460953    0.349065850   76.195049677  -19.485310821    7.738835523
    2.617993878    0.349065850   71.018466548  -39.223526102    6.121204127
    2.792526803    0.349065850   62.831294898  -53.602451208    4.789892618
    2.967059728    0.349065850   52.761625833  -60.527169409    3.455161000

   -3.141592654    0.698131701   43.886545777  -60.848747999   -0.209232770
   -2.967059728    0.698131701   33.948489743  -51.956232145   -0.684758999
   -2.792526803    0.698131701   26.042691522  -38.213189457   -0.995263794
   -2.617993878    0.698131701   20.634565420  -24.124142593   -1.197053727
   -2.443460953    0.698131701   17.385819583  -14.058027547   -1.375902034
   -2.268928028    0.698131701   15.350105369  -10.367965687   -1.628256206
   -2.094395102    0.698131701   13.426889254  -12.404721100   -2.009437306
   -1.919862177    0.698131701   10.881803337  -16.756654826   -2.481475638
   -1.745329252    0.698131701    7.720410204  -18.680627767   -2.903977531
   -1.570796327    0.698131701    4.738444916  -14.228362291   -3.081023457
   -1.396263402    0.698131701    3.199222238   -2.253838746   -2.862851761
   -1.221730476    0.698131701    4.255693561   14.801498945   -2.230417653
   -1.047197551    0.698131701    8.377116704   31.920708008   -1.322463077
   -0.872664626    0.698131701   15.100317100   43.814759071   -0.363713401
   -0.698131701    0.698131701   23.188410702   47.225374331    0.464247649
   -0.523598776    0.698131701   31.087135881   41.845483353    1.143805815
   -0.349065850    0.698131701   37.406487278   29.598373030    1.875540824
   -0.174532925    0.698131701   41.206208433   13.476445037    3.018403249
    0.000000000    0.698131701   42.091262328   -3.235698320    4.971976330
    0.174532925    0.698131701   40.246680281  -17.230695596    8.027642226
    0.349065850    0.698131701   36.444484263  -25.155276497   12.211537891
    0.523598776    0.698131701   32.001325060  -24.236650827   17.178207015
    0.698131701    0.698131701   28.576748220  -13.587791865   22.208876427
    0.872664626    0.698131701   27.740313267    4.859897167   26.358817973
    1.047197551    0.698131701   30.478272864   26.475709089   28.760595833
    1.221730476    0.698131701   36.846244842   45.553644547   28.941986084
    1.396263402    0.698131701   45.961697697   57.388864020   26.974780112
    1.570796327    0.698131701   56.323752844   59.678985296   23.404725695
    1.745329252    0.698131701   66.258224354   52.727926910   19.004438652
    1.919862177    0.698131701   74.309282724   38.510173541   14.514564966
    2.094395102    0.698131701   79.436754092   19.648247381   10.470205991
    2.268928028    0.698131701   81.053014119   -1.319625231    7.150098212
    2.443460953    0.698131701   78.987369204  -22.174696334    4.609350828
    2.617993878    0.698131701   73.448864168  -40.808448246    2.754237648
    2.792526803    0.698131701   65.025806848  -54.830635036    1.425657539
    2.967059728    0.698131701   54.725109303  -61.993939236    0.471436294

   -3.141592654    1.047197551   42.719105774  -60.841706020   -5.359583636
   -2.967059728    1.047197551   32.858090100  -51.116876482   -4.722955888
   -2.792526803    1.047197551   25.145861659  -36.896311447   -3.734408454
   -2.617993878    1.047197551   19.977767788  -22.756015147   -2.642807645
   -2.443460953    1.047197551   16.943376284  -13.017245419   -1.671693492
   -2.268928028    1.047197551   15.044431735   -9.855631817   -0.963540904
   -2.094395102    1.047197551   13.164211425  -12.402623411   -0.551123746
   -1.919862177    1.047197551   10.587382924  -17.085295574   -0.380948879
   -1.745329252    1.047197551    7.356335931  -19.115421394   -0.378406525
   -1.570796327    1.047197551    4.300748713  -14.624360948   -0.502572796
   -1.396263402    1.047197551    2.698049320   -2.595386889   -0.759887780
   -1.221730476    1.047197551    3.694546072   14.434125057   -1.153561986
   -1.047197551    1.047197551    7.744452668   31.458231138   -1.617715243
   -0.872664626    1.047197551   14.381496123   43.312547814   -1.979369775
   -0.698131701    1.047197551   22.397249445   46.963549066   -1.976513763
   -0.523598776    1.047197551   30.307455607   42.345492612   -1.317787730
   -0.349065850    1.047197551   36.829170587   31.531172040    0.253244120
   -0.174532925    1.047197551   41.139068882   17.477946932    2.894285245
    0.000000000    1.047197551   42.932207630    3.194684004    6.617268913
    0.174532925    1.047197551   42.415413724   -8.524915345   11.242706851
    0.349065850    1.047197551   40.277511685  -14.987290850   16.355529311
    0.523598776    1.047197551   37.635143479  -14.051420841   21.312236439
    0.698131701    1.047197551   35.859024338   -5.188129175   25.335772685
    0.872664626    1.047197551   36.210978873    9.851583416   27.705085003
    1.047197551    1.047197551   39.451261988   27.179532845   27.995893148
    1.221730476    1.047197551   45.570958764   42.113989758   26.233756647
    1.396263402    1.047197551   53.795142406   50.839317552   22.852513547
    1.570796327    1.047197551   62.847256489   51.459989393   18.504808797
    1.745329252    1.047197551   71.301937794   44.182456952   13.823325184
    1.919862177    1.047197551   77.904794126   30.572745253    9.280499487
    2.094395102    1.047197551   81.737928052   12.800342859    5.160668853
    2.268928028    1.047197551   82.266192784   -6.933180039    1.619373752
    2.443460953    1.047197551   79.326827831  -26.581244102   -1.256437196
    2.617993878    1.047197551   73.119512345  -44.067799274   -3.410023445
    2.792526803    1.047197551   64.224432140  -56.968931097   -4.802785612
    2.967059728    1.047197551   53.645640219  -63.018297657   -5.434510226

   -3.141592654    1.396263402   37.937338981  -60.172267756  -11.280751393
   -2.967059728    1.396263402   28.353092590  -48.683192033   -9.984697706
   -2.792526803    1.396263402   21.178853170  -33.279834432   -8.185478296
   -2.617993878    1.396263402   16.691240941  -18.696338517   -6.268874353
   -2.443460953    1.396263402   14.352336926   -9.202728559   -4.531182428
   -2.268928028    1.396263402   13.063691419   -6.723430104   -3.098329406
   -2.094395102    1.396263402   11.658096530  -10.100825505   -1.935869787
   -1.919862177    1.396263402    9.411365312  -15.603581987   -0.953630839
   -1.745329252    1.396263402    6.367195140  -18.472426818   -0.134286987
   -1.570796327    1.396263402    3.342224431  -14.947328739    0.417637620
   -1.396263402    1.396263402    1.590984610   -3.983173408    0.546835641
   -1.221730476    1.396263402    2.263178758   12.159470838    0.210154898
   -1.047197551    1.396263402    5.881568650   28.917804757   -0.399062445
   -0.872664626    1.396263402   12.121928479   41.481707544   -0.861516329
   -0.698131701    1.396263402   19.957961955   46.897792268   -0.677336145
   -0.523598776    1.396263402   28.072330941   44.851838963    0.545536415
   -0.349065850    1.396263402   35.285070591   36.951691900    2.969542695
   -0.174532925    1.396263402   40.783947772   25.597222065    6.507750816
    0.000000000    1.396263402   44.177374685   13.242319610   10.860466323
    0.174532925    1.396263402   45.493843290    2.184872248   15.556711720
    0.349065850    1.396263402   45.167975376   -5.219906711   19.980653136
    0.523598776    1.396263402   44.026518515   -6.871804467   23.438502921
    0.698131701    1.396263402   43.181226693   -1.847650569   25.298175130
    0.872664626    1.396263402   43.743711355    8.938283299   25.182955321
    1.047197551    1.396263402   46.489432257   22.597835370   23.131617327
    1.221730476    1.396263402   51.581665134   35.164712111   19.598067943
    1.396263402    1.396263402   58.493205526   42.961376962   15.258216171
    1.570796327    1.396263402   66.167878336   43.665214470   10.744795680
    1.745329252    1.396263402   73.301736468   36.856291599    6.449982856
    1.919862177    1.396263402   78.663852273   23.647420058    2.507427036
    2.094395102    1.396263402   81.310496177    6.115428753   -1.102903525
    2.268928028    1.396263402   80.692080076  -13.357231565   -4.399504236
    2.443460953    1.396263402   76.673151428  -32.455189670   -7.309020000
    2.617993878    1.396263402   69.522328196  -48.902854652   -9.650573359
    2.792526803    1.396263402   59.910670096  -60.250419851  -11.187770362
    2.967059728    1.396263402   48.922286707  -64.366614901  -11.741528994

   -3.141592654    1.745329252   31.641038372  -58.525640726  -17.707155889
   -2.967059728    1.745329252   22.524376439  -45.092039319  -16.619945522
   -2.792526803    1.745329252   16.083157692  -28.635901496  -14.785259890
   -2.617993878    1.745329252   12.428576439  -13.934058398  -12.557042060
   -2.443460953    1.745329252   10.880402521   -4.977940300  -10.227991617
   -2.268928028    1.745329252   10.263289949   -3.258170936   -7.937526439
   -2.094395102    1.745329252    9.401593943   -7.309845438   -5.669702658
   -1.919862177    1.745329252    7.592053836  -13.388502340   -3.362596840
   -1.745329252    1.745329252    4.877569149  -16.956750620   -1.055221170
   -1.570796327    1.745329252    2.034159072  -14.443469636    1.045926367
   -1.396263402    1.745329252    0.268585333   -4.656004683    2.649184485
   -1.221730476    1.745329252    0.742471354   10.658262487    3.577661115
   -1.047197551    1.745329252    4.094079491   27.549756595    3.940936691
   -0.872664626    1.745329252   10.199680920   41.510031515    4.139998010
   -0.698131701    1.745329252   18.241778949   49.362133991    4.695188460
   -0.523598776    1.745329252   27.032827029   50.141672635    6.009778937
   -0.349065850    1.745329252   35.394654581   44.707793033    8.206299424
   -0.174532925    1.745329252   42.394979085   34.843210231   11.108274083
    0.000000000    1.745329252   47.435380671   22.622805392   14.302900879
    0.174532925    1.745329252   50.291590909   10.188828039   17.230435916
    0.349065850    1.745329252   51.137501525   -0.013835778   19.271131213
    0.523598776    1.745329252   50.581258499   -5.483256774   19.870013741
    0.698131701    1.745329252   49.618411620   -4.543796045   18.705670204
    0.872664626    1.745329252   49.397133775    2.844901807   15.852155539
    1.047197551    1.745329252   50.885840975   14.564550201   11.817335774
    1.221730476    1.745329252   54.529482606   26.849487829    7.377127270
    1.396263402    1.745329252   60.058490522   35.566499747    3.258761349
    1.570796327    1.745329252   66.555685136   37.552772503   -0.138456178
    1.745329252    1.745329252   72.710032486   31.639330526   -2.837830050
    1.919862177    1.745329252   77.188147336   18.618321376   -5.150097793
    2.094395102    1.745329252   78.930792375    0.738452823   -7.437448565
    2.268928028    1.745329252   77.334100805  -19.147473211   -9.897987014
    2.443460953    1.745329252   72.298128934  -38.199660836  -12.480428162
    2.617993878    1.745329252   64.205992196  -53.776128882  -14.910327330
    2.792526803    1.745329252   53.882999251  -63.379817031  -16.795102652
    2.967059728    1.745329252   42.546984361  -65.147873237  -17.787568984

   -3.141592654    2.094395102   24.469934559  -57.885640618  -19.229305614
   -2.967059728    2.094395102   15.634994144  -42.587108591  -18.144312949
   -2.792526803    2.094395102    9.750272860  -24.888454828  -16.231890233
   -2.617993878    2.094395102    6.808360016   -9.618759933  -13.813318064
   -2.443460953    2.094395102    6.026760100   -0.562141942  -11.152450374
   -2.268928028    2.094395102    6.178037054    1.132668391   -8.358319250
   -2.094395102    2.094395102    6.088234730   -2.833571982   -5.382652555
   -1.919862177    2.094395102    5.075561521   -8.742440866   -2.140767853
   -1.745329252    2.094395102    3.176608458  -12.319600395    1.320960397
   -1.570796327    2.094395102    1.110686313  -10.265054150    4.737761807
   -1.396263402    2.094395102    0.001783403   -1.374073386    7.705819778
   -1.221730476    2.094395102    0.963182914   12.984249078    9.898364584
   -1.047197551    2.094395102    4.669757137   29.400637200   11.265734617
   -0.872664626    2.094395102   11.116382264   43.708423060   12.067575072
   -0.698131701    2.094395102   19.628806970   52.649503279   12.711041467
   -0.523598776    2.094395102   29.112643996   54.782419938   13.515172822
   -0.349065850    2.094395102   38.383249430   50.373212094   14.543064273
   -0.174532925    2.094395102   46.403170382   40.685101948   15.591290247
    0.000000000    2.094395102   52.396068892   27.485082344   16.268002150
    0.174532925    2.094395102   55.925789389   12.838927420   16.106877443
    0.349065850    2.094395102   56.963244988   -0.609146502   14.692357937
    0.523598776    2.094395102   55.978020740   -9.815949590   11.810307676
    0.698131701    2.094395102   53.952178751  -12.239332310    7.597794598
    0.872664626    2.094395102   52.183967981   -6.895582867    2.612512802
    1.047197551    2.094395102   51.931034902    4.676315326   -2.287320244
    1.221730476    2.094395102   53.968253220   18.567830370   -6.253038176
    1.396263402    2.094395102   58.266958720   29.812811495   -8.796994233
    1.570796327    2.094395102   63.974271443   34.141718716   -9.979058038
    1.745329252    2.094395102   69.666657394   29.553155856  -10.323558911
    1.919862177    2.094395102   73.803482020   16.603092181  -10.534271850
    2.094395102    2.094395102   75.129000490   -2.118030934  -11.183722943
    2.268928028    2.094395102   72.935459446  -23.106007323  -12.516456298
    2.443460953    2.094395102   67.137502979  -42.852321389  -14.420254773
    2.617993878    2.094395102   58.232670051  -58.256597369  -16.511409546
    2.792526803    2.094395102   47.212647514  -66.724845919  -18.280486908
    2.967059728    2.094395102   35.447691255  -66.624907458  -19.274587595

   -3.141592654    2.443460953   17.992828245  -57.556384543  -13.223211595
   -2.967059728    2.443460953    9.373918153  -40.487931882  -12.020048712
   -2.792526803    2.443460953    3.985157152  -21.389979625  -10.228179953
   -2.617993878    2.443460953    1.743000911   -5.171155984   -8.073357447
   -2.443460953    2.443460953    1.796101253    4.517934411   -5.704866145
   -2.268928028    2.443460953    2.883086291    6.777905942   -3.124872543
   -2.094395102    2.443460953    3.835048313    3.472957339   -0.199971596
   -1.919862177    2.443460953    3.984118751   -1.759722632    3.218813670
   -1.745329252    2.443460953    3.344003951   -4.965407047    7.126499246
   -1.570796327    2.443460953    2.548985773   -3.190521876   11.255349446
   -1.396263402    2.443460953    2.596728488    4.685886993   15.120939859
   -1.221730476    2.443460953    4.492715303   17.591386827   18.213703363
   -1.047197551    2.443460953    8.879145203   32.631539342   20.220631297
   -0.872664626    2.443460953   15.802579166   46.031500061   21.125788621
   -0.698131701    2.443460953   24.678779858   54.560373236   21.134950414
   -0.523598776    2.443460953   34.475061933   56.434950643   20.499195301
   -0.349065850    2.443460953   43.993380403   51.468897847   19.351903209
   -0.174532925    2.443460953   52.109353821   40.558129054   17.662109150
    0.000000000    2.443460953   57.915062880   25.330819147   15.269571451
    0.174532925    2.443460953   60.841189348    7.985106808   11.973172939
    0.349065850    2.443460953   60.773101020   -8.414503039    7.653814601
    0.523598776    2.443460953   58.193750977  -20.129058597    2.415675169
    0.698131701    2.443460953   54.234981814  -23.790366915   -3.308742285
    0.872664626    2.443460953   50.476511642  -17.805387657   -8.767444044
    1.047197551    2.443460953   48.515723898   -3.704573379  -13.091718972
    1.221730476    2.443460953   49.402677346   13.871321838  -15.630579643
    1.396263402    2.443460953   53.209036729   28.763117493  -16.231117277
    1.570796327    2.443460953   58.973538486   35.597609246  -15.304301552
    1.745329252    2.443460953   65.015661906   31.823390682  -13.626731765
    1.919862177    2.443460953   69.502942435   18.140766841  -12.019283193
    2.094395102    2.443460953   70.959499107   -2.232016548  -11.062340070
    2.268928028    2.443460953   68.585456414  -25.015707593  -10.965259796
    2.443460953    2.443460953   62.331332065  -46.038063322  -11.587100507
    2.617993878    2.443460953   52.823892493  -61.796921550  -12.548164572
    2.792526803    2.443460953   41.227687120  -69.629510617  -13.377371390
    2.967059728    2.443460953   29.071725136  -68.105485587  -13.676104465

   -3.141592654    2.792526803   15.113242272  -56.401599901    0.075681819
   -2.967059728    2.792526803    6.765560241  -38.570672479    1.712994124
   -2.792526803    2.792526803    1.765242319  -18.894555549    3.370417427
   -2.617993878    2.792526803    0.000000000   -2.210381937    4.968487215
   -2.443460953    2.792526803    0.614426532    8.014185189    6.559042905
   -2.268928028    2.792526803    2.377362588   11.079635949    8.325633499
   -2.094395102    2.792526803    4.176632973    8.930289507   10.519592774
   -1.919862177    2.792526803    5.395446012    5.043452975   13.335336945
   -1.745329252    2.792526803    6.048130234    2.963784493   16.769084135
   -1.570796327    2.792526803    6.686566959    5.145053807   20.531540556
   -1.396263402    2.792526803    8.149859876   12.382279085   24.091748113
   -1.221730476    2.792526803   11.258288998   23.641101438   26.844198496
   -1.047197551    2.792526803   16.507298363   36.402159088   28.325688127
   -0.872664626    2.792526803   23.875377038   47.365359746   28.349636969
   -0.698131701    2.792526803   32.781810178   53.615010574   26.999994631
   -0.523598776    2.792526803   42.229099011   53.404024117   24.514478536
   -0.349065850    2.792526803   51.043277171   46.429175199   21.140533238
   -0.174532925    2.792526803   58.101253107   33.463654200   17.060957993
    0.000000000    2.792526803   62.486235979   16.149501892   12.383005602
    0.174532925    2.792526803   63.638882898   -3.101111642    7.176993592
    0.349065850    2.792526803   61.508273890  -20.820138370    1.566769319
    0.523598776    2.792526803   56.724105373  -32.756951112   -4.168680944
    0.698131701    2.792526803   50.651484965  -35.092927329   -9.536383522
    0.872664626    2.792526803   45.155793022  -26.143620822  -13.882652177
    1.047197551    2.792526803   42.088509442   -7.912398960  -16.599844478
    1.221730476    2.792526803   42.623558649   13.995657491  -17.390613073
    1.396263402    2.792526803   46.771118396   32.331344694  -16.415884247
    1.570796327    2.792526803   53.343319373   40.998048772  -14.238334926
    1.745329252    2.792526803   60.359690173   37.331688499  -11.578923450
    1.919862177    2.792526803   65.719292770   22.479349558   -9.059079756
    2.094395102    2.792526803   67.783143341    0.359048852   -7.032283490
    2.268928028    2.792526803   65.710507044  -24.091872012   -5.565817850
    2.443460953    2.792526803   59.508836104  -46.249811936   -4.511843788
    2.617993878    2.792526803   49.917644047  -62.420861235   -3.619000098
    2.792526803    2.792526803   38.226475893  -70.004580085   -2.634621107
    2.967059728    2.792526803   26.062192295  -67.791346091   -1.407614152
