#! FIELDS phi psi file.free der_phi der_psi
#! SET min_phi -pi
#! SET max_phi pi
#! SET nbins_phi  36
#! SET periodic_phi true
#! SET min_psi -pi
#! SET max_psi pi
#! SET nbins_psi  18
#! SET periodic_psi true
   -3.141592654   -3.141592654   17.419708001  -52.576775205   18.202264190
   -2.967059728   -3.141592654    9.696193105  -35.377177652   20.237280346
   -2.792526803   -3.141592654    5.162076353  -16.804500787   21.406931310
   -2.617993878   -3.141592654    3.672822425   -1.073502021   21.843502680
   -2.443460953   -3.141592654    4.455411062    8.944443558   21.899688503
   -2.268928028   -3.141592654    6.437376897   12.811620318   22.057012985
   -2.094395102   -3.141592654    8.672644296   12.279580382   22.782762563
   -1.919862177   -3.141592654   10.643388515   10.299856624   24.380752559
   -1.745329252   -3.141592654   12.359660277    9.768218379   26.874710273
   -1.570796327   -3.141592654   14.262535452   12.647141905   29.952150932
   -1.396263402   -3.141592654   17.019611521   19.510966445   33.017144446
   -1.221730476   -3.141592654   21.269403710   29.450610852   35.341044389
   -1.047197551   -3.141592654   27.370348839   40.279984696   36.269311314
   -0.872664626   -3.141592654   35.226270049   49.051599598   35.384340186
   -0.698131701   -3.141592654   44.228762282   53.010449546   32.573939372
   -0.523598776   -3.141592654   53.359441089   50.326101833   27.999200967
   -0.349065850   -3.141592654   61.396623683   40.519967698   22.010810858
   -0.174532925   -3.141592654   67.147330271   24.333131672   15.089803241
    0.000000000   -3.141592654   69.649597703    3.730605159    7.797774039
    0.174532925   -3.141592654   68.388309238  -18.179589441    0.716824455
    0.349065850   -3.141592654   63.494778900  -37.103611931   -5.594406123
    0.523598776   -3.141592654   55.909312467  -48.216332074  -10.650296758
    0.698131701   -3.141592654   47.363486042  -47.662039998  -14.084980718
    0.872664626   -3.141592654   40.039892253  -34.344248491  -15.704796764
    1.047197551   -3.141592654   35.967258313  -11.234923680  -15.563817489
    1.221730476   -3.141592654   36.321937293   15.114890027  -13.997061904
    1.396263402   -3.141592654   40.976370181   36.803766597  -11.533595159
    1.570796327   -3.141592654   48.524235727   47.473352203   -8.720188533
    1.745329252   -3.141592654   56.746816041   44.460099691   -5.923759210
    1.919862177   -3.141592654   63.321326699   29.108079928   -3.253560875
    2.094395102   -3.141592654   66.438769906    5.719939441   -0.606082533
    2.268928028   -3.141592654   65.173594419  -20.182656829    2.197201192
    2.443460953   -3.141592654   59.557193197  -43.350378767    5.280362193
    2.617993878   -3.141592654   50.443254507  -59.731217667    8.633721692
    2.792526803   -3.141592654   39.256893279  -66.860055103   12.101459566
    2.967059728   -3.141592654   27.697565385  -64.068651220   15.401111250

   -3.141592654   -2.792526803   25.281017781  -48.405824695   26.336754729
   -2.967059728   -2.792526803   18.106094565  -33.277280380   28.078572470
   -2.792526803   -2.792526803   13.767293652  -16.598682254   28.733173488
   -2.617993878   -2.792526803   12.191523475   -2.137104901   28.597400771
   -2.443460953   -2.792526803   12.745305229    7.553580315   28.158283338
   -2.268928028   -2.792526803   14.530747890   12.110583993   27.958637863
   -2.094395102   -2.792526803   16.767723911   13.111141246   28.432034381
   -1.919862177   -2.792526803   19.053206128   13.108802616   29.766566967
   -1.745329252   -2.792526803   21.426403103   14.412862390   31.833639430
   -1.570796327   -2.792526803   24.245625286   18.320416040   34.183464323
   -1.396263402   -2.792526803   27.984623300   24.830387246   36.135912534
   -1.221730476   -2.792526803   33.010208545   32.759699343   36.942788502
   -1.047197551   -2.792526803   39.400329035   40.086917397   35.998813083
   -0.872664626   -2.792526803   46.844450232   44.447437055   33.006361318
   -0.698131701   -2.792526803   54.643274251   43.884631924   28.045133251
   -0.523598776   -2.792526803   61.829776831   37.351265972   21.524565595
   -0.349065850   -2.792526803   67.357042287   24.995461392   14.061562158
   -0.174532925   -2.792526803   70.295966293    7.945931449    6.361788398
    0.000000000   -2.792526803   69.992674181  -11.738284459   -0.874193141
    0.174532925   -2.792526803   66.230128276  -31.130929413   -7.040976735
    0.349065850   -2.792526803   59.383145076  -46.382269655  -11.679961436
    0.523598776   -2.792526803   50.543481174  -53.262529067  -14.531236909
    0.698131701   -2.792526803   41.484796395  -48.544796715  -15.562378473
    0.872664626   -2.792526803   34.324992275  -31.720705270  -14.965639592
    1.047197551   -2.792526803   30.936804505   -6.209092548  -13.138446295
    1.221730476   -2.792526803   32.284270107   21.273686016  -10.600194242
    1.396263402   -2.792526803   38.030498247   43.020780289   -7.837049214
    1.570796327   -2.792526803   46.622979942   53.195019821   -5.146144765
    1.745329252   -2.792526803   55.799515030   49.723171825   -2.548310453
    1.919862177   -2.792526803   63.283894670   34.364834380    0.153732149
    2.094395102   -2.792526803   67.357822977   11.492654848    3.227165848
    2.268928028   -2.792526803   67.169720384  -13.603543464    6.842377375
    2.443460953   -2.792526803   62.769472092  -36.053654831   10.972653877
    2.617993878   -2.792526803   54.961849541  -52.164204216   15.383512856
    2.792526803   -2.792526803   45.071120774  -59.720043717   19.696032203
    2.967059728   -2.792526803   34.666977972  -58.108863892   23.473790660

   -3.141592654   -2.443460953   34.228927239  -44.288973808   23.981727499
   -2.967059728   -2.443460953   27.593743475  -31.193467260   25.362311360
   -2.792526803   -2.443460953   23.464102798  -16.191679608   25.876550855
   -2.617993878   -2.443460953   21.864157431   -2.678375907   25.786788107
   -2.443460953   -2.443460953   22.307944480    6.987857116   25.452354431
   -2.268928028   -2.443460953   24.055207207   12.355874263   25.240931464
   -2.094395102   -2.443460953   26.444328107   14.648982072   25.418412857
   -1.919862177   -2.443460953   29.111767068   15.895728742   26.052346141
   -1.745329252   -2.443460953   32.037755239   17.813540170   26.968026292
   -1.570796327   -2.443460953   35.423804768   21.202818030   27.757052105
   -1.396263402   -2.443460953   39.518993001   25.801728142   27.870088120
   -1.221730476   -2.443460953   44.449568181   30.530410710   26.760553705
   -1.047197551   -2.443460953   50.106951582   33.858209421   24.061584127
   -0.872664626   -2.443460953   56.106196376   34.192635467   19.707332467
   -0.698131701   -2.443460953   61.813809843   30.374915703   13.964568278
   -0.523598776   -2.443460953   66.454667507   21.963861969    7.360432373
   -0.349065850   -2.443460953   69.252246014    9.393658154    0.550464879
   -0.174532925   -2.443460953   69.568979859   -6.233834311   -5.806610570
    0.000000000   -2.443460953   67.013715917  -23.175717747  -11.140159828
    0.174532925   -2.443460953   61.558703867  -38.985007510  -15.052152708
    0.349065850   -2.443460953   53.676771250  -50.375626131  -17.349890136
    0.523598776   -2.443460953   44.461713363  -53.641431431  -18.062078360
    0.698131701   -2.443460953   35.606498484  -45.956459489  -17.410438973
    0.872664626   -2.443460953   29.090645366  -27.080478361  -15.744425512
    1.047197551   -2.443460953   26.616414471   -0.529393596  -13.473831409
    1.221730476   -2.443460953   28.978661079   27.107463432  -10.978947171
    1.396263402   -2.443460953   35.714057277   48.475731824   -8.507979521
    1.570796327   -2.443460953   45.218912897   58.230796747   -6.112731656
    1.745329252   -2.443460953   55.263618209   54.720937535   -3.652283939
    1.919862177   -2.443460953   63.658433518   39.884644167   -0.894776976
    2.094395102   -2.443460953   68.775753961   17.968274442    2.351379918
    2.268928028   -2.443460953   69.810902456   -6.095932294    6.124600208
    2.443460953   -2.443460953   66.790883348  -27.845021435   10.272123182
    2.617993878   -2.443460953   60.432198894  -43.902178204   14.485394050
    2.792526803   -2.443460953   51.931398192  -52.199371604   18.389109050
    2.967059728   -2.443460953   42.722673345  -52.056414447   21.634825715

   -3.141592654   -2.094395102   40.773272691  -41.078732032   14.205897095
   -2.967059728   -2.094395102   34.578854379  -29.331268397   15.043795550
   -2.792526803   -2.094395102   30.674539860  -15.417153646   15.480839886
   -2.617993878   -2.094395102   29.143342153   -2.592539107   15.652064118
   -2.443460953   -2.094395102   29.576472088    6.854677970   15.674441455
   -2.268928028   -2.094395102   31.311130388   12.396328520   15.638379136
   -2.094395102   -2.094395102   33.735737991   15.013120352   15.583797281
   -1.919862177   -2.094395102   36.482318220   16.374702028   15.461146460
   -1.745329252   -2.094395102   39.460823910   17.813645347   15.109193654
   -1.570796327   -2.094395102   42.743488628   19.872767049   14.260490811
   -1.396263402   -2.094395102   46.425189411   22.268715121   12.612350901
   -1.221730476   -2.094395102   50.499442701   24.202609778    9.929753662
   -1.047197551   -2.094395102   54.798623183   24.674029476    6.164971079
   -0.872664626   -2.094395102   58.983410674   22.737686221    1.517243046
   -0.698131701   -2.094395102   62.571584473   17.770017974   -3.591452710
   -0.523598776   -2.094395102   65.012581670    9.608720468   -8.619874113
   -0.349065850   -2.094395102   65.774800925   -1.360652635  -13.043582485
   -0.174532925   -2.094395102   64.432336654  -14.346271743  -16.468153809
    0.000000000   -2.094395102   60.734280027  -28.112461521  -18.686637582
    0.174532925   -2.094395102   54.696736243  -40.762840340  -19.708760493
    0.349065850   -2.094395102   46.745958984  -49.489862842  -19.721249050
    0.523598776   -2.094395102   37.862062114  -50.866989482  -19.019069577
    0.698131701   -2.094395102   29.595329908  -42.107303720  -17.905246891
    0.872664626   -2.094395102   23.792695842  -22.844797780  -16.598030497
    1.047197551   -2.094395102   22.055876306    3.634965792  -15.196934461
    1.221730476   -2.094395102   25.123731893   31.025150541  -13.695587218
    1.396263402   -2.094395102   32.527662124   52.255245657  -12.010368315
    1.570796327   -2.094395102   42.703903885   62.208520870  -10.028018145
    1.745329252   -2.094395102   53.490902587   59.304802708   -7.648106056
    1.919862177   -2.094395102   62.762445700   45.366553037   -4.834292611
    2.094395102   -2.094395102   68.920329025   24.378221652   -1.644489143
    2.268928028   -2.094395102   71.138498796    0.971899079    1.760974771
    2.443460953   -2.094395102   69.375619191  -20.611465351    5.145048925
    2.617993878   -2.094395102   64.252524496  -37.077474538    8.247700165
    2.792526803   -2.094395102   56.869212953  -46.302042294   10.852361814
    2.967059728   -2.094395102   48.583438481  -47.438911816   12.841072509

   -3.141592654   -1.745329252   42.826556598  -39.860584469    5.114388686
   -2.967059728   -1.745329252   36.817768911  -28.391130387    5.543694836
   -2.792526803   -1.745329252   33.065905706  -14.604707210    5.922350045
   -2.617993878   -1.745329252   31.664305875   -1.940156394    6.222533142
   -2.443460953   -1.745329252   32.187234083    7.200240120    6.319040290
   -2.268928028   -1.745329252   33.940823525   12.233626732    6.047825906
   -2.094395102   -1.745329252   36.274915873   14.092463472    5.256824122
   -1.919862177   -1.745329252   38.771760576   14.374295822    3.833005550
   -1.745329252   -1.745329252   41.278388145   14.339028434    1.720170521
   -1.570796327   -1.745329252   43.798469252   14.566080840   -1.066639723
   -1.396263402   -1.745329252   46.381203734   14.992275974   -4.417075770
   -1.221730476   -1.745329252   49.030221296   15.241987883   -8.125106007
   -1.047197551   -1.745329252   51.671996254   14.815047529  -11.904369126
   -0.872664626   -1.745329252   54.142540005   13.168862961  -15.427912649
   -0.698131701   -1.745329252   56.180494786    9.782620955  -18.373164167
   -0.523598776   -1.745329252   57.444380398    4.249679430  -20.466310683
   -0.349065850   -1.745329252   57.542396418   -3.572970248  -21.527977967
   -0.174532925   -1.745329252   56.084480188  -13.518807446  -21.523718984
    0.000000000   -1.745329252   52.749433870  -24.933661534  -20.602381155
    0.174532925   -1.745329252   47.395397624  -36.301019657  -19.106066562
    0.349065850   -1.745329252   40.248982546  -44.916110553  -17.491763855
    0.523598776   -1.745329252   32.101660038  -47.121092340  -16.188910080
    0.698131701   -1.745329252   24.380092598  -39.629028738  -15.436332249
    0.872664626   -1.745329252   18.904876634  -21.504180781  -15.186138366
    1.047197551   -1.745329252   17.342353480    4.403718761  -15.140991680
    1.221730476   -1.745329252   20.549097244   31.960409933  -14.898381811
    1.396263402   -1.745329252   28.179485985   53.989868665  -14.108617879
    1.570796327   -1.745329252   38.757052690   65.091210008  -12.596229014
    1.745329252   -1.745329252   50.151441103   63.345557467  -10.389003758
    1.919862177   -1.745329252   60.211278888   50.281818255   -7.686222278
    2.094395102   -1.745329252   67.271006133   29.699901961   -4.782315457
    2.268928028   -1.745329252   70.415393810    6.168582916   -1.987639068
    2.443460953   -1.745329252   69.513438788  -16.017726334    0.439550971
    2.617993878   -1.745329252   65.114570102  -33.409986292    2.340728484
    2.792526803   -1.745329252   58.282179504  -43.653899339    3.681538167
    2.967059728   -1.745329252   50.380419417  -45.663552440    4.552510771

   -3.141592654   -1.396263402   41.948676970  -39.841648477    0.976812180
   -2.967059728   -1.396263402   35.965240100  -28.111615758    0.867756763
   -2.792526803   -1.396263402   32.282917097  -14.135619812    0.825872203
   -2.617993878   -1.396263402   30.953433585   -1.670663419    0.776003735
   -2.443460953   -1.396263402   31.466174947    6.716908276    0.515053122
   -2.268928028   -1.396263402   33.029446067   10.457607640   -0.225522938
   -2.094395102   -1.396263402   34.910712951   10.633170404   -1.711432849
   -1.919862177   -1.396263402   36.643749466    9.078453425   -4.126658096
   -1.745329252   -1.396263402   38.074000259    7.351049166   -7.493143018
   -1.570796327   -1.396263402   39.260130983    6.382138599  -11.608222261
   -1.396263402   -1.396263402   40.368432866    6.442901341  -16.044251153
   -1.221730476   -1.396263402   41.569122083    7.375990298  -20.239006126
   -1.047197551   -1.396263402   42.974707650    8.672974475  -23.639726906
   -0.872664626   -1.396263402   44.585377816    9.560436963  -25.831259351
   -0.698131701   -1.396263402   46.247516592    9.116671185  -26.599215678
   -0.523598776   -1.396263402   47.653085804    6.499788433  -25.928811396
   -0.349065850   -1.396263402   48.368331562    1.147918318  -23.987723788
   -0.174532925   -1.396263402   47.892827744   -7.141606215  -21.117607160
    0.000000000   -1.396263402   45.735584277  -18.022155276  -17.819875828
    0.174532925   -1.396263402   41.541642258  -30.132920714  -14.694184551
    0.349065850   -1.396263402   35.320346399  -40.645752353  -12.297187424
    0.523598776   -1.396263402   27.699807795  -45.409964327  -10.968993828
    0.698131701   -1.396263402   20.056609355  -40.360102338  -10.706301596
    0.872664626   -1.396263402   14.302161241  -23.777633144  -11.162130238
    1.047197551   -1.396263402   12.307090375    1.945772554  -11.787566335
    1.221730476   -1.396263402   15.168925269   30.644069588  -12.046929686
    1.396263402   -1.396263402   22.735723371   54.647446001  -11.589844875
    1.570796327   -1.396263402   33.615529915   67.849407025  -10.330070821
    1.745329252   -1.396263402   45.641950956   67.694946154   -8.416547389
    1.919862177   -1.396263402   56.538023878   55.347036549   -6.145404874
    2.094395102   -1.396263402   64.477336089   34.565407065   -3.857682355
    2.268928028   -1.396263402   68.400485870   10.131889789   -1.854376708
    2.443460953   -1.396263402   68.082511845  -13.316537745   -0.339328020
    2.617993878   -1.396263402   64.042366755  -31.971491223    0.608976249
    2.792526803   -1.396263402   57.371528028  -43.170896141    1.035196871
    2.967059728   -1.396263402   49.506390572  -45.656774081    1.092668359

   -3.141592654   -1.047197551   39.196595118  -41.818071170    2.498252290
   -2.967059728   -1.047197551   32.921211432  -29.449184438    1.344013625
   -2.792526803   -1.047197551   29.068134761  -14.781492319    0.138916403
   -2.617993878   -1.047197551   27.665009164   -1.956279852   -1.084100587
   -2.443460953   -1.047197551   28.115147812    6.163450836   -2.420726934
   -2.268928028   -1.047197551   29.502882709    8.873947815   -4.080707267
   -2.094395102   -1.047197551   30.966858448    7.345559953   -6.336056284
   -1.919862177   -1.047197551   31.949060939    3.744517885   -9.403361314
   -1.745329252   -1.047197551   32.280951972    0.186183124  -13.293766083
   -1.570796327   -1.047197551   32.115757599   -1.742754075  -17.695282992
   -1.396263402   -1.047197551   31.820352555   -1.262175468  -21.992309435
   -1.221730476   -1.047197551   31.824575142    1.604779890  -25.436348227
   -1.047197551   -1.047197551   32.482141298    6.019167333  -27.397587942
   -0.872664626   -1.047197551   33.946590385   10.562602560  -27.550381720
   -0.698131701   -1.047197551   36.095128381   13.600340540  -25.924564582
   -0.523598776   -1.047197551   38.536182730   13.714070419  -22.839335401
   -0.349065850   -1.047197551   40.666602487    9.933839100  -18.800470798
   -0.174532925   -1.047197551   41.760662008    1.811332950  -14.412984246
    0.000000000   -1.047197551   41.073653891  -10.365999261  -10.302445867
    0.174532925   -1.047197551   38.009137943  -25.019630487   -7.000500879
    0.349065850   -1.047197551   32.403518818  -38.753542403   -4.816932134
    0.523598776   -1.047197551   24.837727660  -46.579735009   -3.753115003
    0.698131701   -1.047197551   16.792447132  -43.584646110   -3.523509114
    0.872664626   -1.047197551   10.406651884  -27.530851720   -3.689320302
    1.047197551   -1.047197551    7.824148472   -0.826749108   -3.832903079
    1.221730476   -1.047197551   10.367075074   29.857504129   -3.681092119
    1.396263402   -1.047197551   17.994539707   56.097518585   -3.127088293
    1.570796327   -1.047197551   29.294941588   71.089591912   -2.188599712
    1.745329252   -1.047197551   41.981652405   71.849824288   -0.955945029
    1.919862177   -1.047197551   53.610803694   59.430504402    0.439583875
    2.094395102   -1.047197551   62.194959208   37.756043893    1.834094302
    2.268928028   -1.047197551   66.558005099   11.930710884    3.045140630
    2.443460953   -1.047197551   66.419923542  -13.039985953    3.899868046
    2.617993878   -1.047197551   62.307224627  -33.025327103    4.273070607
    2.792526803   -1.047197551   55.367764628  -45.107008954    4.114623127
    2.967059728   -1.047197551   47.130138530  -47.901444529    3.479164704

   -3.141592654   -0.698131701   38.704040484  -45.795903124    2.550019174
   -2.967059728   -0.698131701   31.725427683  -33.463892554    0.370555971
   -2.792526803   -0.698131701   27.192176789  -18.528862154   -1.882267391
   -2.617993878   -0.698131701   25.162825950   -5.407169392   -4.077802437
   -2.443460953   -0.698131701   25.017500887    2.719943316   -6.222386752
   -2.268928028   -0.698131701   25.766123506    4.894800623   -8.472097580
   -2.094395102   -0.698131701   26.446058516    2.264046143  -11.075461242
   -1.919862177   -0.698131701   26.423524843   -2.680410138  -14.220815431
   -1.745329252   -0.698131701   25.541588760   -7.163266484  -17.852250858
   -1.570796327   -0.698131701   24.091847991   -8.871032124  -21.548295420
   -1.396263402   -0.698131701   22.684061966   -6.610752353  -24.591710078
   -1.221730476   -0.698131701   22.015593254   -0.568575924  -26.215057703
   -1.047197551   -0.698131701   22.628819644    7.727503758  -25.917568891
   -0.872664626   -0.698131701   24.723009178   15.966942551  -23.655625291
   -0.698131701   -0.698131701   28.074273954   21.773277793  -19.833353559
   -0.523598776   -0.698131701   32.087882411   23.315089558  -15.133874583
   -0.349065850   -0.698131701   35.912217423   19.502554163  -10.306834913
   -0.174532925   -0.698131701   38.574110074    9.998995330   -6.002142063
    0.000000000   -0.698131701   39.118917872   -4.567259550   -2.658099219
    0.174532925   -0.698131701   36.820771254  -22.051578631   -0.406531626
    0.349065850   -0.698131701   31.501740343  -38.333984060    0.942088991
    0.523598776   -0.698131701   23.852304469  -47.774109315    1.808578568
    0.698131701   -0.698131701   15.549174803  -45.154376840    2.641165679
    0.872664626   -0.698131701    8.938978224  -28.406331071    3.694916073
    1.047197551   -0.698131701    6.310132498   -0.453251501    4.934267625
    1.221730476   -0.698131701    9.030966385   31.472709204    6.121599022
    1.396263402   -0.698131701   17.023600920   58.582068885    7.012410847
    1.570796327   -0.698131701   28.799314832   73.968556133    7.514248318
    1.745329252   -0.698131701   41.992367829   74.709807023    7.706074521
    1.919862177   -0.698131701   54.094425184   61.941195287    7.744994696
    2.094395102   -0.698131701   63.065116451   39.628911445    7.741347591
    2.268928028   -0.698131701   67.679463166   12.898640629    7.689245268
    2.443460953   -0.698131701   67.613747507  -13.202127724    7.477504593
    2.617993878   -0.698131701   63.364341654  -34.440863414    6.947380022
    2.792526803   -0.698131701   56.072507813  -47.702835761    5.958768207
    2.967059728   -0.698131701   47.297654074  -51.404138039    4.468942373

   -3.141592654   -0.349065850   39.301367430  -51.189161741    2.917312647
   -2.967059728   -0.349065850   31.345065984  -39.179602140    0.013467399
   -2.792526803   -0.349065850   25.822083699  -24.080445393   -2.942866419
   -2.617993878   -0.349065850   22.859284762  -10.534472109   -5.757863197
   -2.443460953   -0.349065850   21.851931217   -2.070797861   -8.373563105
   -2.268928028   -0.349065850   21.766299987    0.049314656  -10.892579897
   -2.094395102   -0.349065850   21.562763122   -3.065363824  -13.504496864
   -1.919862177   -0.349065850   20.557560578   -8.574523527  -16.312912333
   -1.745329252   -0.349065850   18.635392461  -13.023992358  -19.152690902
   -1.570796327   -0.349065850   16.253525083  -13.441015859  -21.515824312
   -1.396263402   -0.349065850   14.269197889   -8.409872352  -22.697566263
   -1.221730476   -0.349065850   13.609833612    1.438929170  -22.097904251
   -1.047197551   -0.349065850   14.919384624   13.621707765  -19.538523819
   -0.872664626   -0.349065850   18.318798906   24.797743048  -15.378928616
   -0.698131701   -0.349065850   23.352997804   31.920597013  -10.389722882
   -0.523598776   -0.349065850   29.124101807   33.021286258   -5.468291381
   -0.349065850   -0.349065850   34.494350016   27.308629411   -1.346963502
   -0.174532925   -0.349065850   38.285010909   15.034469174    1.583922914
    0.000000000   -0.349065850   39.454540749   -2.391116436    3.338713660
    0.174532925   -0.349065850   37.334120710  -22.007840625    4.320703192
    0.349065850   -0.349065850   31.933094209  -39.067307476    5.172291202
    0.523598776   -0.349065850   24.199252587  -47.796662212    6.521411169
    0.698131701   -0.349065850   16.032870869  -43.491927992    8.684636096
    0.872664626   -0.349065850    9.870836139  -25.027098385   11.482591741
    1.047197551   -0.349065850    7.925681762    3.804834499   14.314505619
    1.221730476   -0.349065850   11.380808791   35.436379847   16.471357842
    1.396263402   -0.349065850   19.971756588   61.375854623   17.486725580
    1.570796327   -0.349065850   32.110617907   75.347679905   17.323832582
    1.745329252   -0.349065850   45.440169712   74.974838736   16.306093942
    1.919862177   -0.349065850   57.526844343   61.582431909   14.892253673
    2.094395102   -0.349065850   66.406629748   38.979378741   13.447351412
    2.268928028   -0.349065850   70.885863110   11.980812563   12.120611402
    2.443460953   -0.349065850   70.618857968  -14.642203668   10.853577985
    2.617993878   -0.349065850   66.046423889  -36.769479678    9.460734487
    2.792526803   -0.349065850   58.251801963  -51.162451567    7.730645039
    2.967059728   -0.349065850   48.772452339  -55.982394414    5.541914284

   -3.141592654    0.000000000   40.496288190  -56.683992445    2.206454090
   -2.967059728    0.000000000   31.548488695  -44.964789916   -0.590158717
   -2.792526803    0.000000000   25.020700996  -29.738067810   -3.309867570
   -2.617993878    0.000000000   21.102286739  -15.801617161   -5.799677772
   -2.443460953    0.000000000   19.209543463   -6.972846988   -8.035596194
   -2.268928028    0.000000000   18.281998992   -4.742009964  -10.128193866
   -2.094395102    0.000000000   17.234429995   -7.952826622  -12.226657306
   -1.919862177    0.000000000   15.377825444  -13.356436251  -14.346845240
   -1.745329252    0.000000000   12.686364548  -16.860799189  -16.227817597
   -1.570796327    0.000000000    9.810985507  -15.023670351  -17.326995225
   -1.396263402    0.000000000    7.839069743   -6.520257609  -17.028135518
   -1.221730476    0.000000000    7.852018737    7.231466357  -14.957591993
   -1.047197551    0.000000000   10.467652544   22.572837973  -11.250684064
   -0.872664626    0.000000000   15.581955411   35.148925967   -6.570647606
   -0.698131701    0.000000000   22.390711226   41.551541308   -1.871695839
   -0.523598776    0.000000000   29.649707128   40.213142302    1.964520341
   -0.349065850    0.000000000   35.995389897   31.245413386    4.442730689
   -0.174532925    0.000000000   40.200669203   15.966426112    5.573865315
    0.000000000    0.000000000   41.352767012   -3.261165501    5.829409000
    0.174532925    0.000000000   39.050365262  -22.907918511    5.988083963
    0.349065850    0.000000000   33.622438961  -38.225164228    6.868748983
    0.523598776    0.000000000   26.275264343  -44.132815875    9.023842727
    0.698131701    0.000000000   18.994870950  -37.157459207   12.472980683
    0.872664626    0.000000000   14.078760755  -17.407803683   16.624095060
    1.047197551    0.000000000   13.430172920   10.703040096   20.490675745
    1.221730476    0.000000000   17.895979524   39.906747910   23.121733004
    1.396263402    0.000000000   26.994504942   62.704153681   23.994096042
    1.570796327    0.000000000   39.111404241   73.907505439   23.169123924
    1.745329252    0.000000000   52.021247785   71.805974596   21.150993106
    1.919862177    0.000000000   63.485715528   57.789037194   18.589636896
    2.094395102    0.000000000   71.705570275   35.290940794   16.006840275
    2.268928028    0.000000000   75.570017405    8.623852586   13.656988630
    2.443460953    0.000000000   74.734096330  -17.857004561   11.539860318
    2.617993878    0.000000000   69.585172897  -40.241633031    9.495155919
    2.792526803    0.000000000   61.135403690  -55.245486907    7.319217633
    2.967059728    0.000000000   50.875145323  -60.829694554    4.885868476

   -3.141592654    0.349065850   41.629984666  -61.534763431    1.142002699
   -2.967059728    0.349065850   31.823746388  -49.882157196   -0.617187956
   -2.792526803    0.349065850   24.456102891  -34.379702944   -2.170514574
   -2.617993878    0.349065850   19.770066239  -19.927889462   -3.511467322
   -2.443460953    0.349065850   17.203812672  -10.578248632   -4.708494548
   -2.268928028    0.349065850   15.679456853   -8.007124866   -5.886646815
   -2.094395102    0.349065850   14.080262849  -11.004900876   -7.144302090
   -1.919862177    0.349065850   11.721826486  -15.972502642   -8.435300757
   -1.745329252    0.349065850    8.660138063  -18.327324522   -9.496184488
   -1.570796327    0.349065850    5.700013435  -14.365662383   -9.890223053
   -1.396263402    0.349065850    4.084016069   -3.030950969   -9.201855557
   -1.221730476    0.349065850    4.952319311   13.439774216   -7.276117311
   -1.047197551    0.349065850    8.814895957   30.395885940   -4.375599501
   -0.872664626    0.349065850   15.309019712   42.821882656   -1.118703781
   -0.698131701    0.349065850   23.316349500   47.359772842    1.773906102
   -0.523598776    0.349065850   31.347442001   43.167861327    3.790816882
   -0.349065850    0.349065850   37.956388923   31.402584844    4.843903276
   -0.174532925    0.349065850   42.016216624   14.377122350    5.272211916
    0.000000000    0.349065850   42.861017855   -4.875038413    5.702084030
    0.174532925    0.349065850   40.412434677  -22.676926867    6.833269309
    0.349065850    0.349065850   35.295483656  -34.738389725    9.185626812
    0.523598776    0.349065850   28.877283757  -37.038209307   12.880165548
    0.698131701    0.349065850   23.085876381  -27.484054172   17.517340606
    0.872664626    0.349065850   19.932841226   -7.301996933   22.234236989
    1.047197551    0.349065850   20.905350795   18.800092414   25.993989174
    1.221730476    0.349065850   26.471743042   44.232244134   27.984534615
    1.396263402    0.349065850   35.951763628   62.794024131   27.903025421
    1.570796327    0.349065850   47.763941394   70.536578891   26.005479088
    1.745329252    0.349065850   59.887115339   66.424938271   22.909734479
    1.919862177    0.349065850   70.343743943   51.832876533   19.311959479
    2.094395102    0.349065850   77.547697615   29.712005976   15.758748440
    2.268928028    0.349065850   80.501123828    3.774419688   12.548730962
    2.443460953    0.349065850   78.875491991  -22.106272836    9.757028219
    2.617993878    0.349065850   73.011175072  -44.266918559    7.317425737
    2.792526803    0.349065850   63.850547051  -59.416960133    5.113371703
    2.967059728    0.349065850   52.830488050  -65.352005137    3.060468588

   -3.141592654    0.698131701   43.007977085  -64.080554441   -0.475147674
   -2.967059728    0.698131701   32.756114804  -52.422596680   -0.898285763
   -2.792526803    0.698131701   24.949138746  -36.850019885   -1.024006542
   -2.617993878    0.698131701   19.842389805  -22.265030537   -0.995597698
   -2.443460953    0.698131701   16.879636046  -12.783654893   -0.966417424
   -2.268928028    0.698131701   14.978884108  -10.114510323   -1.070788728
   -2.094395102    0.698131701   13.022412364  -12.967420263   -1.378513073
   -1.919862177    0.698131701   10.350401084  -17.536740357   -1.851122367
   -1.745329252    0.698131701    7.083351576  -19.020972266   -2.335590602
   -1.570796327    0.698131701    4.115124650  -13.695013863   -2.610621745
   -1.396263402    0.698131701    2.752649573   -0.804028119   -2.494412534
   -1.221730476    0.698131701    4.123114970   16.855378960   -1.945057967
   -1.047197551    0.698131701    8.623473944   34.110388356   -1.096157347
   -0.872664626    0.698131701   15.713605421   45.772193665   -0.184096302
   -0.698131701    0.698131701   24.112785356   48.826754531    0.600171295
   -0.523598776    0.698131701   32.264722582   43.154950399    1.246923645
   -0.349065850    0.698131701   38.794069476   30.682554844    1.980882031
   -0.174532925    0.698131701   42.759276822   14.245477992    3.181143275
    0.000000000    0.698131701   43.734875593   -3.028389606    5.242753003
    0.174532925    0.698131701   41.859414560  -17.841184248    8.424568395
    0.349065850    0.698131701   37.871705375  -26.685194006   12.708903442
    0.523598776    0.698131701   33.090139138  -26.562983911   17.724904016
    0.698131701    0.698131701   29.215766058  -16.353294190   22.767620987
    0.872664626    0.698131701   27.899805407    2.236993386   26.943684614
    1.047197551    0.698131701   30.249462234   24.784819746   29.450556834
    1.221730476    0.698131701   36.468153057   45.663059413   29.859280647
    1.396263402    0.698131701   45.809013775   59.908004887   28.235137796
    1.570796327    0.698131701   56.823863570   64.539800592   25.062512984
    1.745329252    0.698131701   67.746322556   58.932867696   21.013335748
    1.919862177    0.698131701   76.874044330   44.303627728   16.721087985
    2.094395102    0.698131701   82.834989387   23.104492207   12.642272676
    2.268928028    0.698131701   84.747444760   -1.528340115    9.033769535
    2.443460953    0.698131701   82.306262763  -26.191262361    5.999642993
    2.617993878    0.698131701   75.810847856  -47.481964914    3.557232641
    2.792526803    0.698131701   66.135385963  -62.153539738    1.687532475
    2.967059728    0.698131701   54.654091947  -67.910302645    0.357871322

   -3.141592654    1.047197551   41.669811575  -63.911613247   -5.144823459
   -2.967059728    1.047197551   31.538473232  -51.268524500   -4.259814133
   -2.792526803    1.047197551   23.984353733  -35.185342886   -3.069410247
   -2.617993878    1.047197551   19.175706063  -20.584678539   -1.842610743
   -2.443460953    1.047197551   16.477338128  -11.479400191   -0.780315535
   -2.268928028    1.047197551   14.755859364   -9.375857705    0.011621539
   -2.094395102    1.047197551   12.878672944  -12.776937673    0.518298838
   -1.919862177    1.047197551   10.202370093  -17.744949991    0.775195044
   -1.745329252    1.047197551    6.877459384  -19.448616803    0.810773263
   -1.570796327    1.047197551    3.824102095  -14.235571527    0.616589014
   -1.396263402    1.047197551    2.358326746   -1.461071015    0.160543182
   -1.221730476    1.047197551    3.599121568   16.007812034   -0.550301388
   -1.047197551    1.047197551    7.932004127   33.037503677   -1.403025400
   -0.872664626    1.047197551   14.823450949   44.608940144   -2.154341776
   -0.698131701    1.047197551   23.039580938   47.982264763   -2.461083984
   -0.523598776    1.047197551   31.119393919   43.304789833   -1.957513742
   -0.349065850    1.047197551   37.819737292   32.619765166   -0.339329711
   -0.174532925    1.047197551   42.329902551   18.635582946    2.552057796
    0.000000000    1.047197551   44.309407782    4.088389495    6.676148957
    0.174532925    1.047197551   43.895225311   -8.324217430   11.762738546
    0.349065850    1.047197551   41.710379127  -15.768109584   17.298629260
    0.523598776    1.047197551   38.844927288  -15.818325852   22.569935142
    0.698131701    1.047197551   36.697387597   -7.610761465   26.777063804
    0.872664626    1.047197551   36.614820390    7.417573751   29.219902458
    1.047197551    1.047197551   39.493781075   25.626325650   29.515669511
    1.221730476    1.047197551   45.489849884   42.387404836   27.724074539
    1.396263402    1.047197551   53.971765134   53.560132516   24.287736877
    1.570796327    1.047197551   63.711112590   56.497263224   19.845137622
    1.745329252    1.047197551   73.175033361   50.434307739   15.005678074
    1.919862177    1.047197551   80.844128381   36.186039463   10.229157198
    2.094395102    1.047197551   85.455846372   15.807377500    5.810931005
    2.268928028    1.047197551   86.181119346   -7.813792456    1.946522513
    2.443460953    1.047197551   82.738775348  -31.357740723   -1.212864316
    2.617993878    1.047197551   75.447289291  -51.408663174   -3.540733954
    2.792526803    1.047197551   65.203160773  -64.711384186   -4.952416942
    2.967059728    1.047197551   53.397710115  -69.041115495   -5.450701179

   -3.141592654    1.396263402   36.720644045  -62.352421921  -10.559320641
   -2.967059728    1.396263402   27.005384272  -48.150813204   -8.891710502
   -2.792526803    1.396263402   20.084727433  -31.156973877   -6.937142662
   -2.617993878    1.396263402   16.009142773  -16.312727643   -5.028343544
   -2.443460953    1.396263402   14.036014501   -7.512667525   -3.352814258
   -2.268928028    1.396263402   12.954511011   -6.045520208   -1.934856137
   -2.094395102    1.396263402   11.591291986  -10.233489010   -0.697499154
   -1.919862177    1.396263402    9.283115160  -16.095579995    0.414302947
   -1.745329252    1.396263402    6.155227117  -18.887850479    1.326747619
   -1.570796327    1.396263402    3.085545186  -15.032044494    1.835810926
   -1.396263402    1.396263402    1.351314117   -3.745298338    1.730704059
   -1.221730476    1.396263402    2.081550522   12.525469817    0.984457885
   -1.047197551    1.396263402    5.760965234   29.207929020   -0.123046169
   -0.872664626    1.396263402   12.044509950   41.697003795   -1.048557858
   -0.698131701    1.396263402   19.930688918   47.315620778   -1.170332302
   -0.523598776    1.396263402   28.165758016   45.870329033   -0.012711933
   -0.349065850    1.396263402   35.628587563   38.790570365    2.611046088
   -0.174532925    1.396263402   41.510193181   28.059187354    6.572699800
    0.000000000    1.396263402   45.346941120   15.723744337   11.478102321
    0.174532925    1.396263402   47.043912180    3.928797861   16.737102708
    0.349065850    1.396263402   46.914871552   -4.789598813   21.623711066
    0.523598776    1.396263402   45.719013520   -7.931794933   25.371532590
    0.698131701    1.396263402   44.578502044   -4.096503433   27.325031283
    0.872664626    1.396263402   44.696014033    6.231756383   27.122934778
    1.047197551    1.396263402   47.004178936   20.467296619   24.837012987
    1.221730476    1.396263402   51.855294196   34.686335259   20.952329201
    1.396263402    1.396263402   58.884806533   44.841501429   16.167766087
    1.570796327    1.396263402   67.095727133   47.815791154   11.141093329
    1.745329252    1.396263402   75.082339217   42.205695145    6.303893206
    1.919862177    1.396263402   81.355024067   28.389447045    1.850729003
    2.094395102    1.396263402   84.636740612    8.367210503   -2.161483806
    2.268928028    1.396263402   84.102273699  -14.755160812   -5.672411223
    2.443460953    1.396263402   79.520207033  -37.383953696   -8.548357118
    2.617993878    1.396263402   71.296335947  -55.959217481  -10.592416975
    2.792526803    1.396263402   60.421178105  -67.314642604  -11.619496080
    2.967059728    1.396263402   48.347193003  -69.487485186  -11.568711265

   -3.141592654    1.745329252   30.506980557  -59.440810936  -17.004071868
   -2.967059728    1.745329252   21.431120425  -43.867962470  -15.504910885
   -2.792526803    1.745329252   15.315241518  -26.357437045  -13.570608445
   -2.617993878    1.745329252   12.068107896  -11.712991261  -11.448211291
   -2.443460953    1.745329252   10.849577486   -3.498805981   -9.270067211
   -2.268928028    1.745329252   10.413219663   -2.654703148   -7.043585033
   -2.094395102    1.745329252    9.595631760   -7.360468956   -4.706476274
   -1.919862177    1.745329252    7.743373186  -13.781623516   -2.247915973
   -1.745329252    1.745329252    4.948385921  -17.472427544    0.179997033
   -1.570796327    1.745329252    2.012258876  -14.998849071    2.255448887
   -1.396263402    1.745329252    0.145989217   -5.287621073    3.633191080
   -1.221730476    1.745329252    0.500986963    9.906056368    4.174445199
   -1.047197551    1.745329252    3.716295771   26.751281228    4.107693044
   -0.872664626    1.745329252    9.700311560   40.974966405    3.982708795
   -0.698131701    1.745329252   17.709066660   49.601305403    4.438217615
   -0.523598776    1.745329252   26.647113307   51.640282164    5.922025453
   -0.349065850    1.745329252   35.395599863   47.604644339    8.517571909
   -0.174532925    1.745329252   42.998373980   38.719381111   11.944725203
    0.000000000    1.745329252   48.738604890   26.578397510   15.660263495
    0.174532925    1.745329252   52.216269577   13.176758559   18.988898980
    0.349065850    1.745329252   53.439809433    1.219538332   21.239965712
    0.523598776    1.745329252   52.922905008   -6.275677623   21.841782998
    0.698131701    1.745329252   51.665015274   -7.047823632   20.498759544
    0.872664626    1.745329252   50.914005250   -0.562419522   17.325228958
    1.047197551    1.745329252   51.810958386   11.381818247   12.859025829
    1.221730476    1.745329252   55.005677397   25.054370551    7.887712803
    1.396263402    1.745329252   60.406321188   35.956639261    3.144688839
    1.570796327    1.745329252   67.173216150   40.161581469   -0.945487382
    1.745329252    1.745329252   73.918694013   35.562850030   -4.344914306
    1.919862177    1.745329252   79.082969098   22.248910087   -7.267489766
    2.094395102    1.745329252   81.308414551    2.387443697   -9.960929496
    2.268928028    1.745329252   79.745905366  -20.493987246  -12.519869985
    2.443460953    1.745329252   74.217042953  -42.376817434  -14.834241454
    2.617993878    1.745329252   65.237916639  -59.482586088  -16.649213955
    2.792526803    1.745329252   53.921061637  -68.759252875  -17.689027463
    2.967059728    1.745329252   41.796005577  -68.619352482  -17.799035133

   -3.141592654    2.094395102   23.467978994  -57.580106886  -18.671445486
   -2.967059728    2.094395102   14.823121666  -40.871369883  -17.255429174
   -2.792526803    2.094395102    9.293943254  -22.712997808  -15.322165520
   -2.617993878    2.094395102    6.711918991   -7.781116235  -13.073553001
   -2.443460953    2.094395102    6.193178679    0.580524956  -10.617653520
   -2.268928028    2.094395102    6.486157611    1.639669279   -7.944824354
   -2.094395102    2.094395102    6.445733737   -2.746203863   -4.969172768
   -1.919862177    2.094395102    5.423387202   -8.933052186   -1.649197780
   -1.745329252    2.094395102    3.468199100  -12.799380988    1.882030191
   -1.570796327    2.094395102    1.288952778  -11.108478534    5.281759036
   -1.396263402    2.094395102    0.000000000   -2.609631377    8.126950966
   -1.221730476    2.094395102    0.722210889   11.503319032   10.146714335
   -1.047197551    2.094395102    4.175484303   28.043712073   11.399818760
   -0.872664626    2.094395102   10.438134673   43.053615691   12.251920233
   -0.698131701    2.094395102   18.945106660   53.332000148   13.157194908
   -0.523598776    2.094395102   28.698841021   57.217996908   14.395293755
   -0.349065850    2.094395102   38.546646368   54.468176122   15.918236587
   -0.174532925    2.094395102   47.378578161   45.712797488   17.384352063
    0.000000000    2.094395102   54.247440228   32.269497032   18.287878472
    0.174532925    2.094395102   58.502142296   16.169871917   18.111044178
    0.349065850    2.094395102   59.932282748    0.463009357   16.459436333
    0.523598776    2.094395102   58.920527897  -11.177283687   13.193311426
    0.698131701    2.094395102   56.474793083  -15.582106987    8.538948157
    0.872664626    2.094395102   54.014861866  -11.309844939    3.114614189
    1.047197551    2.094395102   52.982416765    0.346476998   -2.211840478
    1.221730476    2.094395102   54.357049793   15.466194993   -6.624769768
    1.396263402    2.094395102   58.285178336   28.739104710   -9.676783163
    1.570796327    2.094395102   63.998540638   35.216409299  -11.434977597
    1.745329252    2.094395102   70.021214179   32.060603166  -12.375657721
    1.919862177    2.094395102   74.625428851   19.188030379  -13.103983900
    2.094395102    2.094395102   76.301873781   -0.896040765  -14.069512967
    2.268928028    2.094395102   74.135023309  -24.092050437  -15.407730102
    2.443460953    2.094395102   67.978249815  -45.865118440  -16.952310685
    2.617993878    2.094395102   58.447856287  -62.180730341  -18.355385670
    2.792526803    2.094395102   46.772836420  -70.077770467  -19.244985005
    2.967059728    2.094395102   34.560278386  -68.285681113  -19.372131331

   -3.141592654    2.443460953   17.207375465  -56.503919376  -12.651911578
   -2.967059728    2.443460953    8.851177762  -38.672811046  -11.260770416
   -2.792526803    2.443460953    3.790736539  -19.581075529   -9.535884879
   -2.617993878    2.443460953    1.825347909   -3.869349633   -7.595765478
   -2.443460953    2.443460953    2.053333583    5.222432173   -5.466485699
   -2.268928028    2.443460953    3.225051008    7.077770952   -3.062803758
   -2.094395102    2.443460953    4.209960393    3.562802141   -0.221881014
   -1.919862177    2.443460953    4.359489751   -1.863195471    3.187310373
   -1.745329252    2.443460953    3.675429629   -5.413362955    7.124576216
   -1.570796327    2.443460953    2.762670547   -4.116884890   11.299948645
   -1.396263402    2.443460953    2.609837620    3.321642186   15.243220450
   -1.221730476    2.443460953    4.252619047   16.115380009   18.493463129
   -1.047197551    2.443460953    8.412885294   31.610775591   20.793312810
   -0.872664626    2.443460953   15.248040101   46.140094407   22.147453136
   -0.698131701    2.443460953   24.284665533   56.349297885   22.712028877
   -0.523598776    2.443460953   34.556202101   60.062903786   22.616510362
   -0.349065850    2.443460953   44.842693270   56.503658952   21.839154819
   -0.174532925    2.443460953   53.890537618   45.981616117   20.221325603
    0.000000000    2.443460953   60.582758067   29.835098328   17.555872932
    0.174532925    2.443460953   64.129766211   10.431662695   13.698632980
    0.349065850    2.443460953   64.263701927   -8.593462149    8.671708701
    0.523598776    2.443460953   61.429168765  -22.809676485    2.750411980
    0.698131701    2.443460953   56.832274664  -28.286256987   -3.497314979
    0.872664626    2.443460953   52.202738893  -23.122416317   -9.271319271
    1.047197551    2.443460953   49.322528467   -8.757950337  -13.752291700
    1.221730476    2.443460953   49.425665370   10.077884091  -16.401765953
    1.396263402    2.443460953   52.734380184   26.914149511  -17.179242149
    1.570796327    2.443460953   58.361098453   35.811749667  -16.550540571
    1.745329252    2.443460953   64.584227611   33.512874732  -15.263039192
    1.919862177    2.443460953   69.414978494   20.164626587  -14.037202206
    2.094395102    2.443460953   71.163417850   -1.089847531  -13.320539950
    2.268928028    2.443460953   68.855748934  -25.451372581  -13.206384030
    2.443460953    2.443460953   62.394856133  -47.874541151  -13.501133937
    2.617993878    2.443460953   52.508878562  -64.117259872  -13.865855469
    2.792526803    2.443460953   40.549769849  -71.307658044  -13.963716967
    2.967059728    2.443460953   28.215449438  -68.417386498  -13.578758673

   -3.141592654    2.792526803   14.462812611  -55.084203391    1.320936703
   -2.967059728    2.792526803    6.386511147  -36.903191740    2.923424925
   -2.792526803    2.792526803    1.663470651  -17.489580077    4.346012492
   -2.617993878    2.792526803    0.096811142   -1.370653061    5.607900772
   -2.443460953    2.792526803    0.812027737    8.348756954    6.859590051
   -2.268928028    2.792526803    2.608298347   11.162646604    8.353350835
   -2.094395102    2.792526803    4.415778703    8.946824514   10.375005456
   -1.919862177    2.792526803    5.632627976    4.980111326   13.133072516
   -1.745329252    2.792526803    6.257574052    2.662507780   16.633566994
   -1.570796327    2.792526803    6.816020208    4.516081892   20.598831534
   -1.396263402    2.792526803    8.149586021   11.550058856   24.509745655
   -1.221730476    2.792526803   11.124063787   23.009897797   27.761854360
   -1.047197551    2.792526803   16.322710555   36.542967761   29.862589763
   -0.872664626    2.792526803   23.824272067   48.818504819   30.549262003
   -0.698131701    2.792526803   33.122471170   56.653585903   29.778421996
   -0.523598776    2.792526803   43.229268659   57.834208551   27.632614533
   -0.349065850    2.792526803   52.889688294   51.518199624   24.226938253
   -0.174532925    2.792526803   60.813209680   38.072427054   19.693215992
    0.000000000    2.792526803   65.874100937   19.096624940   14.205007306
    0.174532925    2.792526803   67.335157778   -2.607064096    8.010037710
    0.349065850    2.792526803   65.064145785  -22.894553556    1.468228726
    0.523598776    2.792526803   59.729039561  -36.876655703   -4.926853945
    0.698131701    2.792526803   52.823859580  -40.364174929  -10.564048044
    0.872664626    2.792526803   46.378424336  -31.614357663  -14.807036621
    1.047197551    2.792526803   42.402303131  -12.742861744  -17.186300644
    1.221730476    2.792526803   42.202187625   10.486561050  -17.601197730
    1.396263402    2.792526803   45.888292306   30.585619077  -16.385854153
    1.570796327    2.792526803   52.317599824   41.054920350  -14.188852733
    1.745329252    2.792526803   59.470074070   38.692993111  -11.706726193
    1.919862177    2.792526803   65.114879797   24.203301532   -9.448378056
    2.094395102    2.792526803   67.436839301    1.448486392   -7.617720844
    2.268928028    2.792526803   65.454477994  -24.185759246   -6.155060367
    2.443460953    2.792526803   59.141868773  -47.342609092   -4.859537209
    2.617993878    2.792526803   49.327101333  -63.749286615   -3.524861274
    2.792526803    2.792526803   37.449212370  -70.705500562   -2.027843752
    2.967059728    2.792526803   25.256041071  -67.406548655   -0.376257395
