#! FIELDS phi psi file.free der_phi der_psi
#! SET min_phi -pi
#! SET max_phi pi
#! SET nbins_phi  36
#! SET periodic_phi true
#! SET min_psi -pi
#! SET max_psi pi
#! SET nbins_psi  18
#! SET periodic_psi true
   -3.141592654   -3.141592654   17.384834018  -52.477950662   17.802925761
   -2.967059728   -3.141592654    9.677899834  -35.262258860   19.837660987
   -2.792526803   -3.141592654    5.172765312  -16.570195681   21.026586897
   -2.617993878   -3.141592654    3.736191826   -0.709457485   21.497069626
   -2.443460953   -3.141592654    4.587463506    9.351438705   21.596529723
   -2.268928028   -3.141592654    6.634628967   13.135289081   21.800203605
   -2.094395102   -3.141592654    8.912220224   12.437002309   22.563013518
   -1.919862177   -3.141592654   10.895139920   10.289723881   24.169817026
   -1.745329252   -3.141592654   12.598988637    9.653240991   26.623026131
   -1.570796327   -3.141592654   14.477251876   12.491030638   29.593774162
   -1.396263402   -3.141592654   17.205189068   19.336550853   32.482772081
   -1.221730476   -3.141592654   21.419753471   29.213725677   34.574403763
   -1.047197551   -3.141592654   27.466894298   39.884568494   35.244933350
   -0.872664626   -3.141592654   35.231443848   48.385747542   34.122504338
   -0.698131701   -3.141592654   44.087665382   51.995751178   31.149389916
   -0.523598776   -3.141592654   53.010381947   48.971899696   26.537268871
   -0.349065850   -3.141592654   60.789718162   38.954203645   20.666516809
   -0.174532925   -3.141592654   66.264361435   22.783890358   14.011557744
    0.000000000   -3.141592654   68.516092653    2.452115083    7.086534624
    0.174532925   -3.141592654   67.070018414  -18.990875021    0.395352050
    0.349065850   -3.141592654   62.082071030  -37.366737058   -5.588596600
    0.523598776   -3.141592654   54.497314906  -47.952640246  -10.444984252
    0.698131701   -3.141592654   46.037109876  -46.957268941  -13.832058987
    0.872664626   -3.141592654   38.866159113  -33.320877416  -15.533594112
    1.047197551   -3.141592654   34.988714998  -10.046766809  -15.545650765
    1.221730476   -3.141592654   35.551212253   16.278523758  -14.134472125
    1.396263402   -3.141592654   40.392573282   37.760302275  -11.777424160
    1.570796327   -3.141592654   48.079886321   48.108027160   -9.004055563
    1.745329252   -3.141592654   56.384431024   44.780076915   -6.196578565
    1.919862177   -3.141592654   62.995280785   29.232662891   -3.496140993
    2.094395102   -3.141592654   66.129782823    5.819159388   -0.827170738
    2.268928028   -3.141592654   64.889723558  -19.977511176    1.974645881
    2.443460953   -3.141592654   59.321147779  -43.011440739    5.032320213
    2.617993878   -3.141592654   50.272699356  -59.335790466    8.343513645
    2.792526803   -3.141592654   39.151190754  -66.528873202   11.763989830
    2.967059728   -3.141592654   27.638210056  -63.870976705   15.023910879

   -3.141592654   -2.792526803   25.143134578  -48.269576243   25.835983877
   -2.967059728   -2.792526803   17.993013409  -33.108185732   27.606515125
   -2.792526803   -2.792526803   13.693270163  -16.304728799   28.298706686
   -2.617993878   -2.792526803   12.180674414   -1.712496882   28.194522396
   -2.443460953   -2.792526803   12.813741028    8.022111091   27.773952393
   -2.268928028   -2.792526803   14.674628454   12.487117167   27.578152862
   -2.094395102   -2.792526803   16.960542992   13.284547712   28.035595153
   -1.919862177   -2.792526803   19.254547460   13.032621044   29.322437217
   -1.745329252   -2.792526803   21.593259674   14.104637397   31.295447861
   -1.570796327   -2.792526803   24.341306224   17.823637137   33.496650654
   -1.396263402   -2.792526803   27.980053286   24.188566390   35.253818649
   -1.221730476   -2.792526803   32.882325685   31.994928406   35.844945956
   -1.047197551   -2.792526803   39.128405937   39.203999376   34.706261214
   -0.872664626   -2.792526803   46.407961210   43.449298213   31.587702210
   -0.698131701   -2.792526803   54.023607649   42.793449576   26.611568028
   -0.523598776   -2.792526803   61.015627213   36.232307896   20.212551032
   -0.349065850   -2.792526803   66.352918911   23.963044544   13.004384471
   -0.174532925   -2.792526803   69.128907742    7.138484482    5.656247264
    0.000000000   -2.792526803   68.712190147  -12.215126311   -1.194976538
    0.174532925   -2.792526803   64.897751428  -31.247090367   -7.018208291
    0.349065850   -2.792526803   58.058247310  -46.189994454  -11.417657164
    0.523598776   -2.792526803   49.272816041  -52.843552766  -14.166671249
    0.698131701   -2.792526803   40.302051394  -47.957759748  -15.227370463
    0.872664626   -2.792526803   33.257299026  -30.990216583  -14.752570705
    1.047197551   -2.792526803   30.007318279   -5.360264249  -13.080905957
    1.221730476   -2.792526803   31.507651843   22.160488697  -10.675612283
    1.396263402   -2.792526803   37.402270078   43.814511987   -7.989458322
    1.570796327   -2.792526803   46.115319724   53.769300669   -5.318942278
    1.745329252   -2.792526803   55.368704972   50.034421013   -2.710309987
    1.919862177   -2.792526803   62.888644595   34.482353036   -0.001056880
    2.094395102   -2.792526803   66.976451042   11.561103341    3.051130899
    2.268928028   -2.792526803   66.805980743  -13.451300415    6.609982464
    2.443460953   -2.792526803   62.443456322  -35.773931604   10.658860202
    2.617993878   -2.792526803   54.691683771  -51.816578068   14.983713399
    2.792526803   -2.792526803   44.859465208  -59.411511450   19.227892857
    2.967059728   -2.792526803   34.500449942  -57.902156903   22.970938620

   -3.141592654   -2.443460953   33.953295348  -44.103696782   23.643586602
   -2.967059728   -2.443460953   27.353716428  -30.956193562   25.039547690
   -2.792526803   -2.443460953   23.274121879  -15.844886537   25.570654418
   -2.617993878   -2.443460953   21.743740564   -2.234696161   25.481817909
   -2.443460953   -2.443460953   22.267011341    7.440895646   25.127513251
   -2.268928028   -2.443460953   24.084057983   12.682220925   24.879161801
   -2.094395102   -2.443460953   26.509570734   14.724730638   25.004269835
   -1.919862177   -2.443460953   29.162499952   15.648619724   25.564693730
   -1.745329252   -2.443460953   32.016111695   17.239925306   26.376692401
   -1.570796327   -2.443460953   35.276743265   20.354250419   27.029795800
   -1.396263402   -2.443460953   39.206054852   24.770390201   26.989013796
   -1.221730476   -2.443460953   43.948040459   29.422844030   25.738443495
   -1.047197551   -2.443460953   49.412761770   32.776902183   22.950734923
   -0.872664626   -2.443460953   55.231732976   33.224271173   18.595107217
   -0.698131701   -2.443460953   60.784768664   29.584452052   12.957643650
   -0.523598776   -2.443460953   65.306476704   21.399000468    6.562044555
   -0.349065850   -2.443460953   68.027300164    9.085313012    0.035977043
   -0.174532925   -2.443460953   68.312901916   -6.280119497   -6.009567269
    0.000000000   -2.443460953   65.769492004  -23.001602555  -11.059992240
    0.174532925   -2.443460953   60.357595943  -38.678066726  -14.765898651
    0.349065850   -2.443460953   52.532651773  -50.042074941  -16.961206293
    0.523598776   -2.443460953   43.372866758  -53.342636539  -17.672880820
    0.698131701   -2.443460953   34.567412417  -45.669847414  -17.094789548
    0.872664626   -2.443460953   28.106560512  -26.718591209  -15.534280518
    1.047197551   -2.443460953   25.708339925   -0.009686571  -13.358319133
    1.221730476   -2.443460953   28.175048090   27.775599864  -10.917621836
    1.396263402   -2.443460953   35.031897108   49.176464489   -8.452226633
    1.570796327   -2.443460953   44.649800233   58.802544877   -6.028332879
    1.745329252   -2.443460953   54.774385635   55.058106532   -3.533198859
    1.919862177   -2.443460953   63.207565110   40.001476462   -0.764620515
    2.094395102   -2.443460953   68.333939370   17.980913524    2.450734095
    2.268928028   -2.443460953   69.372167397   -6.051379652    6.149470298
    2.443460953   -2.443460953   66.368381700  -27.697478207   10.192430040
    2.617993878   -2.443460953   60.043091932  -43.672540466   14.295600562
    2.792526803   -2.443460953   51.584065531  -51.959604035   18.110228755
    2.967059728   -2.443460953   42.414100292  -51.853572850   21.306094876

   -3.141592654   -2.094395102   40.441168981  -40.923398099   14.129055789
   -2.967059728   -2.094395102   34.279868321  -29.100989717   14.940805808
   -2.792526803   -2.094395102   30.422944098  -15.099812974   15.348254486
   -2.617993878   -2.094395102   28.952459585   -2.221608960   15.472916488
   -2.443460953   -2.094395102   29.448879278    7.197952914   15.431811150
   -2.268928028   -2.094395102   31.232003717   12.590629914   15.324775344
   -2.094395102   -2.094395102   33.668478717   14.939127254   15.199716707
   -1.919862177   -2.094395102   36.372284747   15.951480232   15.007700076
   -1.745329252   -2.094395102   39.244762279   17.030735960   14.583086396
   -1.570796327   -2.094395102   42.363570050   18.798301198   13.658835842
   -1.396263402   -2.094395102   45.841866652   21.042857770   11.945249189
   -1.221730476   -2.094395102   49.701306481   23.000828280    9.231975265
   -1.047197551   -2.094395102   53.804855128   23.661660681    5.498561284
   -0.872664626   -2.094395102   57.838240317   22.032908617    0.960894980
   -0.698131701   -2.094395102   61.334021596   17.421726705   -3.962106641
   -0.523598776   -2.094395102   63.744196056    9.599412069   -8.753705844
   -0.349065850   -2.094395102   64.529338174   -1.101207038  -12.930553815
   -0.174532925   -2.094395102   63.247894059  -13.922090625  -16.145569191
    0.000000000   -2.094395102   59.628861235  -27.649560701  -18.231548376
    0.174532925   -2.094395102   53.666254084  -40.379618678  -19.216766903
    0.349065850   -2.094395102   45.769111668  -49.261401072  -19.278123327
    0.523598776   -2.094395102   36.911801243  -50.776517234  -18.676772955
    0.698131701   -2.094395102   28.656371626  -42.038501106  -17.670463325
    0.872664626   -2.094395102   22.875821318  -22.632003473  -16.438041648
    1.047197551   -2.094395102   21.198433811    4.116734930  -15.056534967
    1.221730476   -2.094395102   24.374201592   31.767101493  -13.518735053
    1.396263402   -2.094395102   31.919749119   53.104170512  -11.758016630
    1.570796327   -2.094395102   42.237095108   62.942671629   -9.688611672
    1.745329252   -2.094395102   53.128814429   59.754083424   -7.238471285
    1.919862177   -2.094395102   62.450196377   45.497558661   -4.393338249
    2.094395102   -2.094395102   68.609389552   24.288537496   -1.221647510
    2.268928028   -2.094395102   70.803514114    0.813620426    2.117978928
    2.443460953   -2.094395102   69.015896278  -20.720708181    5.401290120
    2.617993878   -2.094395102   63.881153116  -37.096554349    8.390095716
    2.792526803   -2.094395102   56.501063442  -46.247990685   10.892208891
    2.967059728   -2.094395102   48.229152945  -47.335242537   12.807220954

   -3.141592654   -1.745329252   42.523333318  -39.829511138    5.179787471
   -2.967059728   -1.745329252   36.528777688  -28.259294200    5.558039310
   -2.792526803   -1.745329252   32.806627831  -14.396537389    5.872685218
   -2.617993878   -1.745329252   31.444327028   -1.705944629    6.090607423
   -2.443460953   -1.745329252   32.004747590    7.388080924    6.094842744
   -2.268928028   -1.745329252   33.779538071   12.274445503    5.737540289
   -2.094395102   -1.745329252   36.100102670   13.882858189    4.880358753
   -1.919862177   -1.745329252   38.532499947   13.838669701    3.414796829
   -1.745329252   -1.745329252   40.915817596   13.472748188    1.281196376
   -1.570796327   -1.745329252   43.261361662   13.457656147   -1.508539572
   -1.396263402   -1.745329252   45.641813496   13.820026121   -4.840163482
   -1.221730476   -1.745329252   48.096086594   14.222158571   -8.496174334
   -1.047197551   -1.745329252   50.586689418   14.130261756  -12.177874026
   -0.872664626   -1.745329252   52.974260937   12.912858387  -15.555085655
   -0.698131701   -1.745329252   55.004061774    9.936561542  -18.317643363
   -0.523598776   -1.745329252   56.322583663    4.700512912  -20.219785648
   -0.349065850   -1.745329252   56.512964746   -2.992910285  -21.119736408
   -0.174532925   -1.745329252   55.154476319  -12.983643887  -21.019412531
    0.000000000   -1.745329252   51.897749674  -24.588011700  -20.089608252
    0.174532925   -1.745329252   46.581010642  -36.219483938  -18.668770903
    0.349065850   -1.745329252   39.426140211  -45.078953980  -17.182453307
    0.523598776   -1.745329252   31.237773225  -47.395416818  -16.011497584
    0.698131701   -1.745329252   23.473608099  -39.800598351  -15.346948165
    0.872664626   -1.745329252   17.993537891  -21.355744581  -15.112744461
    1.047197551   -1.745329252   16.494752384    4.994267565  -15.010411525
    1.221730476   -1.745329252   19.840477908   32.939590045  -14.660089005
    1.396263402   -1.745329252   27.660281909   55.137691714  -13.746062208
    1.570796327   -1.745329252   38.431378098   66.116816095  -12.125645838
    1.745329252   -1.745329252   49.976275191   64.019726461   -9.849285884
    1.919862177   -1.745329252   60.116184271   50.529581719   -7.126669077
    2.094395102   -1.745329252   67.186421871   29.598249421   -4.251115886
    2.268928028   -1.745329252   70.293549365    5.874175888   -1.523814925
    2.443460953   -1.745329252   69.334480824  -16.354070576    0.811677076
    2.617993878   -1.745329252   64.880321821  -33.692148692    2.614909502
    2.792526803   -1.745329252   58.006459932  -43.840338249    3.868097557
    2.967059728   -1.745329252   50.081448802  -45.741741942    4.670704291

   -3.141592654   -1.396263402   41.697952680  -39.957534785    1.004268168
   -2.967059728   -1.396263402   35.703878640  -28.121706121    0.842053603
   -2.792526803   -1.396263402   32.025322067  -14.085119631    0.721363309
   -2.617993878   -1.396263402   30.705906361   -1.612103934    0.570176904
   -2.443460953   -1.396263402   31.225104881    6.729458714    0.200859153
   -2.268928028   -1.396263402   32.781068955   10.352146330   -0.634316465
   -2.094395102   -1.396263402   34.627689801   10.331559868   -2.183045747
   -1.919862177   -1.396263402   36.286118902    8.520016354   -4.620733164
   -1.745329252   -1.396263402   37.595706920    6.539538650   -7.970661303
   -1.570796327   -1.396263402   38.624160129    5.413602188  -12.036160407
   -1.396263402   -1.396263402   39.562600248    5.502793073  -16.395529477
   -1.221730476   -1.396263402   40.617030927    6.677716995  -20.489524151
   -1.047197551   -1.396263402   41.933682433    8.373602590  -23.767222225
   -0.872664626   -1.396263402   43.530649386    9.702393894  -25.818833779
   -0.698131701   -1.396263402   45.250292044    9.612938600  -26.442701768
   -0.523598776   -1.396263402   46.760360139    7.169332997  -25.644862188
   -0.349065850   -1.396263402   47.591569205    1.773779376  -23.617955030
   -0.174532925   -1.396263402   47.207077015   -6.747988614  -20.724682503
    0.000000000   -1.396263402   45.089012002  -17.974606014  -17.473155846
    0.174532925   -1.396263402   40.871939849  -30.429847818  -14.447598672
    0.349065850   -1.396263402   34.576613683  -41.163600627  -12.168633618
    0.523598776   -1.396263402   26.862642415  -45.915231787  -10.932264510
    0.698131701   -1.396263402   19.152291839  -40.576788997  -10.700594186
    0.872664626   -1.396263402   13.402018811  -23.484965797  -11.116076770
    1.047197551   -1.396263402   11.508993247    2.819280965  -11.645448031
    1.221730476   -1.396263402   14.565562511   31.965297941  -11.786484681
    1.396263402   -1.396263402   22.380694492   56.116936273  -11.224877632
    1.570796327   -1.396263402   33.503886757   69.117685513   -9.900640629
    1.745329252   -1.396263402   45.713824129   68.501807325   -7.972740766
    1.919862177   -1.396263402   56.702855860   55.610694205   -5.732794302
    2.094395102   -1.396263402   64.645860569   34.373099764   -3.507384932
    2.268928028   -1.396263402   68.508205105    9.663265491   -1.579845713
    2.443460953   -1.396263402   68.097836513  -13.876845534   -0.138145356
    2.617993878   -1.396263402   63.961838502  -32.488605256    0.749981569
    2.792526803   -1.396263402   57.210108562  -43.569934043    1.132164119
    2.967059728   -1.396263402   49.287806655  -45.910550827    1.156110905

   -3.141592654   -1.047197551   39.026457126  -42.015830710    2.285548477
   -2.967059728   -1.047197551   32.720894263  -29.601734156    1.138287810
   -2.792526803   -1.047197551   28.841605225  -14.929359637   -0.096374764
   -2.617993878   -1.047197551   27.410705833   -2.127159517   -1.380374659
   -2.443460953   -1.047197551   27.827238599    5.953094798   -2.792229283
   -2.268928028   -1.047197551   29.172311395    8.593063768   -4.520368855
   -2.094395102   -1.047197551   30.577642974    6.948866888   -6.817521428
   -1.919862177   -1.047197551   31.477118984    3.189224927   -9.888521836
   -1.745329252   -1.047197551   31.697554502   -0.523954259  -13.741971537
   -1.570796327   -1.047197551   31.399778587   -2.529052295  -18.070703660
   -1.396263402   -1.047197551   30.971396416   -1.967203689  -22.268739293
   -1.221730476   -1.047197551   30.872603621    1.161670722  -25.598614752
   -1.047197551   -1.047197551   31.485107536    5.962533365  -27.441502953
   -0.872664626   -1.047197551   32.975001493   10.905948812  -27.483158965
   -0.698131701   -1.047197551   35.210754472   14.231495765  -25.766103989
   -0.523598776   -1.047197551   37.772462041   14.430500281  -22.622912601
   -0.349065850   -1.047197551   40.018268485   10.504972882  -18.569987721
   -0.174532925   -1.047197551   41.185103887    2.053438633  -14.214732122
    0.000000000   -1.047197551   40.504661827  -10.532382693  -10.171993337
    0.174532925   -1.047197551   37.378789568  -25.528152923   -6.948617514
    0.349065850   -1.047197551   31.668055224  -39.403718865   -4.821877909
    0.523598776   -1.047197551   23.997234524  -47.079040262   -3.764691776
    0.698131701   -1.047197551   15.899259972  -43.644252806   -3.479397507
    0.872664626   -1.047197551    9.555601610  -26.970862021   -3.538038568
    1.047197551   -1.047197551    7.125823069    0.345678664   -3.554081512
    1.221730476   -1.047197551    9.912204072   31.425696175   -3.295263146
    1.396263402   -1.047197551   17.822101068   57.704686264   -2.690947126
    1.570796327   -1.047197551   29.378960797   72.371608468   -1.778258530
    1.745329252   -1.047197551   42.242357684   72.571367143   -0.644529421
    1.919862177   -1.047197551   53.944305644   59.557268133    0.601705134
    2.094395102   -1.047197551   62.507360713   37.423929766    1.831096149
    2.268928028   -1.047197551   66.787555235   11.353122611    2.896768479
    2.443460953   -1.047197551   66.541859310  -13.665806270    3.652594290
    2.617993878   -1.047197551   62.325253755  -33.572539614    3.984238963
    2.792526803   -1.047197551   55.301147823  -45.523783199    3.833854322
    2.967059728   -1.047197551   47.002112511  -48.191230393    3.233444427

   -3.141592654   -0.698131701   38.515189454  -45.883728626    2.313648644
   -2.967059728   -0.698131701   31.517388203  -33.601814308    0.205726377
   -2.792526803   -0.698131701   26.952464032  -18.749063283   -2.026064419
   -2.617993878   -0.698131701   24.877667324   -5.700065292   -4.241739757
   -2.443460953   -0.698131701   24.676602807    2.385647321   -6.427896329
   -2.268928028   -0.698131701   25.364070207    4.532440773   -8.719688618
   -2.094395102   -0.698131701   25.977137966    1.858092359  -11.347240533
   -1.919862177   -0.698131701   25.877478272   -3.162890420  -14.486951014
   -1.745329252   -0.698131701   24.903243194   -7.730616623  -18.079537869
   -1.570796327   -0.698131701   23.349838477   -9.475016130  -21.709366043
   -1.396263402   -0.698131701   21.841568328   -7.132107188  -24.672650791
   -1.221730476   -0.698131701   21.099683799   -0.860831151  -26.218000330
   -1.047197551   -0.698131701   21.689551170    7.766328029  -25.858578274
   -0.872664626   -0.698131701   23.820214250   16.340399117  -23.560135106
   -0.698131701   -0.698131701   27.258220279   22.369213275  -19.732324548
   -0.523598776   -0.698131701   31.381223238   23.939670888  -15.060155518
   -0.349065850   -0.698131701   35.301336463   19.945261986  -10.289529475
   -0.174532925   -0.698131701   38.012791690   10.110342458   -6.057566413
    0.000000000   -0.698131701   38.544451412   -4.820802945   -2.780058573
    0.174532925   -0.698131701   36.177021030  -22.557184116   -0.561027079
    0.349065850   -0.698131701   30.763587886  -38.861545743    0.812487303
    0.523598776   -0.698131701   23.041102875  -48.032672752    1.770624012
    0.698131701   -0.698131701   14.735056476  -44.893364514    2.750096638
    0.872664626   -0.698131701    8.225086740  -27.514514433    3.974355819
    1.047197551   -0.698131701    5.801759561    0.978406207    5.362655649
    1.221730476   -0.698131701    8.799263366   33.151603629    6.630896711
    1.396263402   -0.698131701   17.077162235   60.107402010    7.501482982
    1.570796327   -0.698131701   29.078161220   74.980592449    7.874520836
    1.745329252   -0.698131701   42.388070521   75.028747133    7.851723606
    1.919862177   -0.698131701   54.487577595   61.623879907    7.636973583
    2.094395102   -0.698131701   63.363447387   38.911632356    7.396762133
    2.268928028   -0.698131701   67.838892558   12.073791585    7.174431061
    2.443460953   -0.698131701   67.637352832  -13.902915060    6.887576605
    2.617993878   -0.698131701   63.284975011  -34.910275213    6.379169764
    2.792526803   -0.698131701   55.930971702  -47.952962215    5.484446376
    2.967059728   -0.698131701   47.125498399  -51.521166979    4.119523974

   -3.141592654   -0.349065850   39.067983175  -51.013639987    2.754703151
   -2.967059728   -0.349065850   31.128473751  -39.169729157   -0.031946077
   -2.792526803   -0.349065850   25.590083949  -24.256199134   -2.931797910
   -2.617993878   -0.349065850   22.583404332  -10.845332976   -5.734999940
   -2.443460953   -0.349065850   21.515110640   -2.440413309   -8.361246063
   -2.268928028   -0.349065850   21.363434617   -0.329208187  -10.893760750
   -2.094395102   -0.349065850   21.093509930   -3.447622593  -13.507018067
   -1.919862177   -0.349065850   20.019251403   -8.989449099  -16.295640426
   -1.745329252   -0.349065850   18.019554503  -13.493786918  -19.093703516
   -1.570796327   -0.349065850   15.551711642  -13.945550317  -21.402268182
   -1.396263402   -0.349065850   13.482060546   -8.861766049  -22.532746421
   -1.221730476   -0.349065850   12.757014452    1.163366512  -21.901268977
   -1.047197551   -0.349065850   14.040906354   13.617997110  -19.339047111
   -0.872664626   -0.349065850   17.464619132   25.075959363  -15.205919352
   -0.698131701   -0.349065850   22.565325516   32.382205775  -10.267480788
   -0.523598776   -0.349065850   28.420295796   33.491001519   -5.413885584
   -0.349065850   -0.349065850   33.859464020   27.604227857   -1.367958655
   -0.174532925   -0.349065850   37.677514064   15.046665085    1.494682162
    0.000000000   -0.349065850   38.824133928   -2.650159180    3.208371777
    0.174532925   -0.349065850   36.644332142  -22.391163248    4.196749597
    0.349065850   -0.349065850   31.181975065  -39.340323273    5.114263498
    0.523598776   -0.349065850   23.428835939  -47.702271136    6.586029019
    0.698131701   -0.349065850   15.325017247  -42.846263149    8.907556462
    0.872664626   -0.349065850    9.326925239  -23.804710992   11.862888620
    1.047197551   -0.349065850    7.633826065    5.425650401   14.804771869
    1.221730476   -0.349065850   11.381112285   37.094863091   16.979406378
    1.396263402   -0.349065850   20.233099408   62.643776429   17.892331756
    1.570796327   -0.349065850   32.533283859   75.894065429   17.509678055
    1.745329252   -0.349065850   45.886158752   74.706200832   16.193370695
    1.919862177   -0.349065850   57.865937645   60.678529964   14.467209102
    2.094395102   -0.349065850   66.557989811   37.802831387   12.766545831
    2.268928028   -0.349065850   70.836332777   10.915300808   11.294854173
    2.443460953   -0.349065850   70.413278103  -15.335086037   10.016236275
    2.617993878   -0.349065850   65.758567544  -37.021672704    8.731784659
    2.792526803   -0.349065850   57.951484275  -51.078179316    7.186932010
    2.967059728   -0.349065850   48.502044589  -55.757484281    5.203763967

   -3.141592654    0.000000000   40.235955444  -56.138943110    2.182473110
   -2.967059728    0.000000000   31.356675582  -44.730338746   -0.479664381
   -2.792526803    0.000000000   24.841727136  -29.806176191   -3.128501601
   -2.617993878    0.000000000   20.891679129  -16.070351840   -5.590373748
   -2.443460953    0.000000000   18.943175384   -7.319769647   -7.818239197
   -2.268928028    0.000000000   17.954208590   -5.087361537   -9.906132077
   -2.094395102    0.000000000   16.847969951   -8.279472623  -11.992608044
   -1.919862177    0.000000000   14.933867664  -13.696778229  -14.089175458
   -1.745329252    0.000000000   12.178244723  -17.257530287  -15.937462968
   -1.570796327    0.000000000    9.227169625  -15.489808379  -17.005683616
   -1.396263402    0.000000000    7.171090064   -7.001313797  -16.692208670
   -1.221730476    0.000000000    7.106148216    6.845215210  -14.634166941
   -1.047197551    0.000000000    9.670548075   22.391737713  -10.967907185
   -0.872664626    0.000000000   14.774834968   35.217936283   -6.347639957
   -0.698131701    0.000000000   21.613719888   41.811234881   -1.716228463
   -0.523598776    0.000000000   28.924377867   40.519897094    2.052731129
   -0.349065850    0.000000000   35.315732956   31.441513180    4.468295802
   -0.174532925    0.000000000   39.538055959   15.963439853    5.547148473
    0.000000000    0.000000000   40.673223839   -3.434268191    5.771388519
    0.174532925    0.000000000   38.335721325  -23.100198368    5.933259414
    0.349065850    0.000000000   32.887883378  -38.219218550    6.861346195
    0.523598776    0.000000000   25.574857168  -43.713273665    9.107151422
    0.698131701    0.000000000   18.413392770  -36.201861751   12.673714951
    0.872664626    0.000000000   13.708589456  -15.965705555   16.937184236
    1.047197551    0.000000000   13.336781454   12.375028269   20.868261626
    1.221730476    0.000000000   18.084245087   41.386020109   23.473985903
    1.396263402    0.000000000   27.390739126   63.545215896   24.206503243
    1.570796327    0.000000000   39.575964977   73.829346079   23.135197330
    1.745329252    0.000000000   52.391004502   70.832395420   20.809136544
    1.919862177    0.000000000   63.629626047   56.252825987   17.948729922
    2.094395102    0.000000000   71.568398974   33.696747774   15.147446769
    2.268928028    0.000000000   75.184571790    7.440695721   12.709652752
    2.443460953    0.000000000   74.199140189  -18.363583216   10.648660374
    2.617993878    0.000000000   69.021973348  -40.079138139    8.779515259
    2.792526803    0.000000000   60.643040486  -54.644322173    6.845756565
    2.967059728    0.000000000   50.502104005  -60.116604671    4.659518069

   -3.141592654    0.349065850   41.378110119  -60.624421328    1.193447000
   -2.967059728    0.349065850   31.692227535  -49.416328907   -0.462640598
   -2.792526803    0.349065850   24.368032182  -34.321029094   -1.965830224
   -2.617993878    0.349065850   19.666386603  -20.132698901   -3.286027552
   -2.443460953    0.349065850   17.052613142  -10.891755276   -4.469777755
   -2.268928028    0.349065850   15.471579976   -8.329954343   -5.629729078
   -2.094395102    0.349065850   13.817398144  -11.311626186   -6.859520568
   -1.919862177    0.349065850   11.404795728  -16.295741008   -8.114253895
   -1.745329252    0.349065850    8.280978493  -18.721636289   -9.136263429
   -1.570796327    0.349065850    5.242826893  -14.864753763   -9.499288554
   -1.396263402    0.349065850    3.532362076   -3.598390802   -8.798437373
   -1.221730476    0.349065850    4.302940978   12.915078649   -6.883453326
   -1.047197551    0.349065850    8.087392175   30.051661542   -4.012247028
   -0.872664626    0.349065850   14.543727547   42.742204788   -0.791406439
   -0.698131701    0.349065850   22.558883457   47.515814927    2.067676528
   -0.523598776    0.349065850   30.628268641   43.424297753    4.053884311
   -0.349065850    0.349065850   37.278112733   31.592258244    5.071387723
   -0.174532925    0.349065850   41.356563410   14.397506948    5.451980978
    0.000000000    0.349065850   42.190577631   -5.001209112    5.823241482
    0.174532925    0.349065850   39.717280796  -22.796709376    6.896380095
    0.349065850    0.349065850   34.595500705  -34.632005396    9.207184910
    0.523598776    0.349065850   28.230847162  -36.499317703   12.887982463
    0.698131701    0.349065850   22.578919550  -26.418358524   17.537375950
    0.872664626    0.349065850   19.652078228   -5.809348165   22.274643789
    1.047197551    0.349065850   20.900357446   20.399236104   26.032144635
    1.221730476    0.349065850   26.720883571   45.462598197   27.965520541
    1.396263402    0.349065850   36.348949321   63.200591527   27.753762228
    1.570796327    0.349065850   48.141011175   69.894141153   25.661763914
    1.745329252    0.349065850   60.067592238   64.872186146   22.344945255
    1.919862177    0.349065850   70.206002687   49.839399012   18.554351255
    2.094395102    0.349065850   77.068259142   27.894611400   14.888004786
    2.268928028    0.349065850   79.759045175    2.652120915   11.675619267
    2.443460953    0.349065850   78.017991655  -22.293009523    8.993980579
    2.617993878    0.349065850   72.197841662  -43.613113247    6.749475983
    2.792526803    0.349065850   63.200205709  -58.271488238    4.778206043
    2.967059728    0.349065850   52.390896448  -64.150941363    2.944385567

   -3.141592654    0.698131701   42.779364821  -62.956809783   -0.531304873
   -2.967059728    0.698131701   32.677603621  -51.825883330   -0.902217885
   -2.792526803    0.698131701   24.931700516  -36.714142744   -0.994192509
   -2.617993878    0.698131701   19.820567755  -22.413744324   -0.936313575
   -2.443460953    0.698131701   16.819855308  -13.043058672   -0.874773711
   -2.268928028    0.698131701   14.872100646  -10.381682024   -0.944468989
   -2.094395102    0.698131701   12.870023424  -13.224079106   -1.217765393
   -1.919862177    0.698131701   10.151387593  -17.825176204   -1.656810259
   -1.745329252    0.698131701    6.826403194  -19.403703398   -2.106487708
   -1.570796327    0.698131701    3.779976213  -14.207147920   -2.343645281
   -1.396263402    0.698131701    2.319100521   -1.400254009   -2.185738901
   -1.221730476    0.698131701    3.586913221   16.307352694   -1.590853001
   -1.047197551    0.698131701    8.007515849   33.775146476   -0.693507381
   -0.872664626    0.698131701   15.065433639   45.747831392    0.266209889
   -0.698131701    0.698131701   23.485462871   49.071945502    1.086609224
   -0.523598776    0.698131701   31.691474204   43.494761106    1.740108438
   -0.349065850    0.698131701   38.272143083   30.901232013    2.432886193
   -0.174532925    0.698131701   42.253554243   14.206489989    3.535217296
    0.000000000    0.698131701   43.199935567   -3.303566758    5.450272271
    0.174532925    0.698131701   41.268004408  -18.168809186    8.460746755
    0.349065850    0.698131701   37.237466680  -26.798096704   12.579156122
    0.523598776    0.698131701   32.473296420  -26.213438025   17.459372213
    0.698131701    0.698131701   28.709373875  -15.430513370   22.406197193
    0.872664626    0.698131701   27.597749396    3.616761058   26.519090847
    1.047197551    0.698131701   30.203211025   26.260314872   28.976187019
    1.221730476    0.698131701   36.650462762   46.718782448   29.327988152
    1.396263402    0.698131701   46.103238730   60.076595008   27.630072505
    1.570796327    0.698131701   57.052768036   63.625532983   24.374596373
    1.745329252    0.698131701   67.732557373   57.136363028   20.255436800
    1.919862177    0.698131701   76.506867737   42.160920966   15.931978762
    2.094395102    0.698131701   82.111857040   21.278144978   11.877492124
    2.268928028    0.698131701   83.773391382   -2.508201465    8.350646486
    2.443460953    0.698131701   81.253313189  -26.108550262    5.443230728
    2.617993878    0.698131701   74.856542325  -46.484162745    3.150136733
    2.792526803    0.698131701   65.405805782  -60.656248432    1.426358378
    2.967059728    0.698131701   54.192806381  -66.410079782    0.217179969

   -3.141592654    1.047197551   41.448439130  -62.754273452   -5.231830566
   -2.967059728    1.047197551   31.472821142  -50.637445403   -4.366910052
   -2.792526803    1.047197551   23.987107714  -34.998448836   -3.172447190
   -2.617993878    1.047197551   19.184660980  -20.664726203   -1.916012811
   -2.443460953    1.047197551   16.461042565  -11.665351874   -0.809493487
   -2.268928028    1.047197551   14.704695936   -9.579753447    0.024946012
   -2.094395102    1.047197551   12.791557797  -12.985994661    0.561513005
   -1.919862177    1.047197551   10.076124739  -17.992214875    0.837204613
   -1.745329252    1.047197551    6.701322990  -19.776722507    0.894267993
   -1.570796327    1.047197551    3.582090363  -14.657608772    0.742767428
   -1.396263402    1.047197551    2.037917355   -1.915850308    0.363742302
   -1.221730476    1.047197551    3.205562454   15.655690417   -0.235622816
   -1.047197551    1.047197551    7.496657773   32.936819223   -0.957985888
   -0.872664626    1.047197551   14.397401865   44.816745248   -1.587692438
   -0.698131701    1.047197551   22.670186898   48.393683490   -1.814422559
   -0.523598776    1.047197551   30.822190073   43.675346949   -1.301700705
   -0.349065850    1.047197551   37.563572874   32.685436841    0.238164161
   -0.174532925    1.047197551   42.046581940   18.257358368    2.965972614
    0.000000000    1.047197551   43.924762899    3.338565464    6.862489044
    0.174532925    1.047197551   43.365680860   -9.174734620   11.691725570
    0.349065850    1.047197551   41.049319548  -16.360545114   16.977016887
    0.523598776    1.047197551   38.126334501  -15.840425025   22.033561541
    0.698131701    1.047197551   36.035615290   -6.930988729   26.076758864
    0.872664626    1.047197551   36.125026538    8.663959654   28.407835137
    1.047197551    1.047197551   39.243238633   27.038752149   28.637389475
    1.221730476    1.047197551   45.460434237   43.417493521   26.819282362
    1.396263402    1.047197551   54.052175660   53.731665661   23.397308450
    1.570796327    1.047197551   63.730108430   55.628342701   19.016697796
    1.745329252    1.047197551   72.964357141   48.744618716   14.289895078
    1.919862177    1.047197551   80.304308246   34.213456387    9.667349316
    2.094395102    1.047197551   84.593860963   14.192863262    5.419886939
    2.268928028    1.047197551   85.106296939   -8.575015175    1.711684374
    2.443460953    1.047197551   81.621352638  -31.082448258   -1.331577831
    2.617993878    1.047197551   74.458338848  -50.263976365   -3.595358978
    2.792526803    1.047197551   64.460204831  -63.117284320   -4.991574868
    2.967059728    1.047197551   52.936159777  -67.485152945   -5.507916229

   -3.141592654    1.396263402   36.561602188  -61.393654901  -10.741148959
   -2.967059728    1.396263402   26.972903172  -47.649499536   -9.138110321
   -2.792526803    1.396263402   20.105521509  -31.015153382   -7.184552656
   -2.617993878    1.396263402   16.034380285  -16.374643138   -5.226280174
   -2.443460953    1.396263402   14.041693214   -7.659010045   -3.479390738
   -2.268928028    1.396263402   12.931398598   -6.223275770   -1.997706849
   -2.094395102    1.396263402   11.534892404  -10.435709935   -0.720420454
   -1.919862177    1.396263402    9.188927622  -16.326831364    0.411972638
   -1.745329252    1.396263402    6.018324427  -19.140550013    1.347858321
   -1.570796327    1.396263402    2.904489809  -15.274768989    1.910939261
   -1.396263402    1.396263402    1.133476480   -3.903310367    1.907554833
   -1.221730476    1.396263402    1.850586593   12.555329215    1.305798262
   -1.047197551    1.396263402    5.557232364   29.501039921    0.356687066
   -0.872664626    1.396263402   11.912931300   42.214987957   -0.439833053
   -0.698131701    1.396263402   19.895892525   47.863667329   -0.504100029
   -0.523598776    1.396263402   28.207338938   46.146651244    0.612713296
   -0.349065850    1.396263402   35.673636809   38.523521722    3.094170905
   -0.174532925    1.396263402   41.452039465   27.153641903    6.832257203
    0.000000000    1.396263402   45.084234727   14.334170220   11.468888160
    0.174532925    1.396263402   46.521891387    2.422549581   16.454201461
    0.349065850    1.396263402   46.151910750   -5.968023451   21.095358239
    0.523598776    1.396263402   44.806768374   -8.413002559   24.645838637
    0.698131701    1.396263402   43.655910952   -3.726223675   26.455959603
    0.872664626    1.396263402   43.904308007    7.314957582   26.162151707
    1.047197551    1.396263402   46.435065680   21.850479543   23.833897955
    1.221730476    1.396263402   51.513411411   35.816426816   19.960852916
    1.396263402    1.396263402   58.681823753   45.248242418   15.253381399
    1.570796327    1.396263402   66.884327395   47.317720339   10.378749848
    1.745329252    1.396263402   74.716083810   40.995371745    5.761569763
    1.919862177    1.396263402   80.748156265   26.938507574    1.565162013
    2.094395102    1.396263402   83.795860561    7.225346318   -2.204872858
    2.268928028    1.396263402   83.120452034  -15.176770605   -5.541188404
    2.443460953    1.396263402   78.539612215  -36.950218211   -8.343526786
    2.617993878    1.396263402   70.455874606  -54.835262567  -10.417299005
    2.792526803    1.396263402   59.810620740  -65.874129032  -11.549575272
    2.967059728    1.396263402   47.984880049  -68.145064725  -11.633720620

   -3.141592654    1.745329252   30.348972984  -58.765725769  -17.044157020
   -2.967059728    1.745329252   21.362675270  -43.503213992  -15.644563475
   -2.792526803    1.745329252   15.289207945  -26.209697766  -13.730515626
   -2.617993878    1.745329252   12.056601827  -11.676968847  -11.567891087
   -2.443460953    1.745329252   10.838701624   -3.522786332   -9.324809394
   -2.268928028    1.745329252   10.393042534   -2.736771433   -7.042483374
   -2.094395102    1.745329252    9.555270797   -7.505770959   -4.675250236
   -1.919862177    1.745329252    7.673705628  -13.964175664   -2.205158290
   -1.745329252    1.745329252    4.847773849  -17.628756125    0.240975388
   -1.570796327    1.745329252    1.892118816  -15.050151135    2.370272658
   -1.396263402    1.745329252    0.031639619   -5.152249239    3.851630575
   -1.221730476    1.745329252    0.430404773   10.281819190    4.533948087
   -1.047197551    1.745329252    3.731402634   27.350420662    4.607181543
   -0.872664626    1.745329252    9.830053067   41.658285076    4.570509622
   -0.698131701    1.745329252   17.946644729   50.103161543    5.021494283
   -0.523598776    1.745329252   26.932954288   51.643224160    6.392883019
   -0.349065850    1.745329252   35.619998342   46.878185775    8.784823537
   -0.174532925    1.745329252   43.028778535   37.248114084   11.957858569
    0.000000000    1.745329252   48.463090439   24.607669784   15.417168189
    0.174532925    1.745329252   51.584442163   11.150582905   18.526609186
    0.349065850    1.745329252   52.485303403   -0.370699311   20.614681908
    0.523598776    1.745329252   51.758032399   -7.045243560   21.108936942
    0.698131701    1.745329252   50.449872607   -6.848912268   19.701023972
    0.872664626    1.745329252   49.809225218    0.455978226   16.493527041
    1.047197551    1.745329252   50.926764774   12.809548332   12.023931540
    1.221730476    1.745329252   54.367436394   26.359872620    7.094157677
    1.396263402    1.745329252   59.951001095   36.696543942    2.459380072
    1.570796327    1.745329252   66.781799831   40.155654882   -1.441587130
    1.745329252    1.745329252   73.468895509   34.952754618   -4.580598292
    1.919862177    1.745329252   78.499360460   21.400732621   -7.210646095
    2.094395102    1.745329252   80.586858508    1.722582910   -9.639254930
    2.268928028    1.745329252   78.947897110  -20.666096199  -12.020501932
    2.443460953    1.745329252   73.440744033  -41.957902900  -14.280923657
    2.617993878    1.745329252   64.578485289  -58.598283865  -16.166699850
    2.792526803    1.745329252   53.436896761  -67.686381684  -17.367441063
    2.967059728    1.745329252   41.493468284  -67.653302371  -17.671536474

   -3.141592654    2.094395102   23.347592750  -57.215515169  -18.582362954
   -2.967059728    2.094395102   14.751476607  -40.660824283  -17.263226030
   -2.792526803    2.094395102    9.251262638  -22.571967854  -15.356099182
   -2.617993878    2.094395102    6.691719871   -7.659322308  -13.076352068
   -2.443460953    2.094395102    6.191540028    0.665884167  -10.560979253
   -2.268928028    2.094395102    6.492471082    1.641181221   -7.828621151
   -2.094395102    2.094395102    6.443185084   -2.842621536   -4.809525292
   -1.919862177    2.094395102    5.398978219   -9.071199168   -1.461044909
   -1.745329252    2.094395102    3.423730209  -12.866484774    2.097432796
   -1.570796327    2.094395102    1.247157868  -10.991550857    5.538403585
   -1.396263402    2.094395102    0.000000000   -2.235689016    8.442310865
   -1.221730476    2.094395102    0.809591395   12.126272762   10.522502674
   -1.047197551    2.094395102    4.385704125   28.804327516   11.805534509
   -0.872664626    2.094395102   10.777195462   43.726775473   12.622355497
   -0.698131701    2.094395102   19.371984741   53.613875063   13.409148210
   -0.523598776    2.094395102   29.118850121   56.819579316   14.456168092
   -0.349065850    2.094395102   38.825149577   53.242663798   15.753675732
   -0.174532925    2.094395102   47.375159180   43.750205120   17.011276634
    0.000000000    2.094395102   53.859676133   29.902939374   17.766903883
    0.174532925    2.094395102   57.700831049   13.886411274   17.521825855
    0.349065850    2.094395102   58.775334280   -1.252286471   15.870736531
    0.523598776    2.094395102   57.540262956  -11.978415278   12.641903056
    0.698131701    2.094395102   55.043727923  -15.363562628    8.026189388
    0.872664626    2.094395102   52.700449700  -10.238984840    2.621914571
    1.047197551    2.094395102   51.901647544    1.877845111   -2.697556684
    1.221730476    2.094395102   53.547868701   16.970516558   -7.088454790
    1.396263402    2.094395102   57.705038767   29.813934087  -10.068434149
    1.570796327    2.094395102   63.553177431   35.683468145  -11.682476166
    1.745329252    2.094395102   69.608459467   32.006118859  -12.412694719
    1.919862177    2.094395102   74.175735739   18.874279696  -12.899148164
    2.094395102    2.094395102   75.797070508   -1.164940412  -13.643699715
    2.268928028    2.094395102   73.604053550  -24.094513880  -14.832671753
    2.443460953    2.094395102   67.476334931  -45.530874061  -16.331683254
    2.617993878    2.094395102   58.028365552  -61.594222558  -17.796015299
    2.792526803    2.094395102   46.464729669  -69.420206406  -18.826961004
    2.967059728    2.094395102   34.359728467  -67.733500027  -19.128270683

   -3.141592654    2.443460953   17.125483784  -56.324055761  -12.531460712
   -2.967059728    2.443460953    8.795668312  -38.531347907  -11.224156087
   -2.792526803    2.443460953    3.762165050  -19.399262447   -9.532975478
   -2.617993878    2.443460953    1.833116080   -3.638712416   -7.580017878
   -2.443460953    2.443460953    2.100689208    5.432471715   -5.407361182
   -2.268928028    2.443460953    3.300460030    7.180789722   -2.947937370
   -2.094395102    2.443460953    4.291162785    3.533627629   -0.053443189
   -1.919862177    2.443460953    4.428400361   -1.954984120    3.399611693
   -1.745329252    2.443460953    3.732188026   -5.432193026    7.368080806
   -1.570796327    2.443460953    2.831575444   -3.939953062   11.558926429
   -1.396263402    2.443460953    2.730896646    3.748259670   15.493559926
   -1.221730476    2.443460953    4.466160005   16.734089420   18.696195793
   -1.047197551    2.443460953    8.739204234   32.250680571   20.893219319
   -0.872664626    2.443460953   15.669097629   46.541072310   22.082239908
   -0.698131701    2.443460953   24.733592380   56.224756735   22.433239536
   -0.523598776    2.443460953   34.920767624   59.200069417   22.113452113
   -0.349065850    2.443460953   44.987687905   54.867422385   21.153607646
   -0.174532925    2.443460953   53.694487729   43.766399858   19.443007643
    0.000000000    2.443460953   59.976381135   27.426370813   16.797838708
    0.174532925    2.443460953   63.119740889    8.294015486   13.061067264
    0.349065850    2.443460953   62.933962477  -10.060686541    8.209763876
    0.523598776    2.443460953   59.920394745  -23.369009198    2.460218532
    0.698131701    2.443460953   55.308090282  -27.912787797   -3.668191117
    0.872664626    2.443460953   50.812881313  -22.000794539   -9.393524154
    1.047197551    2.443460953   48.169250281   -7.230773005  -13.878998599
    1.221730476    2.443460953   48.544436629   11.606392531  -16.544102668
    1.396263402    2.443460953   52.094381977   28.113277129  -17.304664654
    1.570796327    2.443460953   57.888372354   36.525374380  -16.602050284
    1.745329252    2.443460953   64.195557374   33.790604559  -15.187842087
    1.919862177    2.443460953   69.049481103   20.192468672  -13.809837267
    2.094395102    2.443460953   70.797118875   -1.091702456  -12.952003747
    2.268928028    2.443460953   68.498607537  -25.324260975  -12.740448166
    2.443460953    2.443460953   62.075268902  -47.573100529  -13.002656277
    2.617993878    2.443460953   52.252901550  -63.706109020  -13.405085688
    2.792526803    2.443460953   40.366210857  -70.908548120  -13.598367984
    2.967059728    2.443460953   28.093023779  -68.124455652  -13.338660242

   -3.141592654    2.792526803   14.453801625  -55.032334952    1.245346153
   -2.967059728    2.792526803    6.385037604  -36.845195220    2.807613643
   -2.792526803    2.792526803    1.679789721  -17.328124786    4.220270756
   -2.617993878    2.792526803    0.151228399   -1.101808645    5.503000861
   -2.443460953    2.792526803    0.916337322    8.635355595    6.799872776
   -2.268928028    2.792526803    2.755406001   11.353716600    8.353258869
   -2.094395102    2.792526803    4.583245195    8.992830844   10.434633751
   -1.919862177    2.792526803    5.798304946    4.930692559   13.235498279
   -1.745329252    2.792526803    6.414335029    2.635723735   16.744028074
   -1.570796327    2.792526803    6.977730748    4.614906200   20.666877698
   -1.396263402    2.792526803    8.341963892   11.804186484   24.474563857
   -1.221730476    2.792526803   11.368839290   23.338954633   27.560190307
   -1.047197551    2.792526803   16.618943110   36.771393695   29.440695418
   -0.872664626    2.792526803   24.134990966   48.721096021   29.878704566
   -0.698131701    2.792526803   33.372182867   56.026925687   28.873518566
   -0.523598776    2.792526803   43.315078655   56.582915022   26.561241922
   -0.349065850    2.792526803   52.706586539   49.720910211   23.105821116
   -0.174532925    2.792526803   60.285989085   35.987181777   18.663552860
    0.000000000    2.792526803   64.983836269   17.089084277   13.393957998
    0.174532925    2.792526803   66.127883856   -4.175438383    7.491463918
    0.349065850    2.792526803   63.640334155  -23.774849722    1.239449128
    0.523598776    2.792526803   58.219552249  -36.973089310   -4.941800366
    0.698131701    2.792526803   51.362434992  -39.732812971  -10.484381544
    0.872664626    2.792526803   45.078069115  -30.436894296  -14.750415596
    1.047197551    2.792526803   41.335653402  -11.288229555  -17.227683253
    1.221730476    2.792526803   41.390980029   11.913339392  -17.752465601
    1.396263402    2.792526803   45.304001360   31.731409621  -16.604245607
    1.570796327    2.792526803   51.898050586   41.793147129  -14.406465604
    1.745329252    2.792526803   59.144932408   39.059017740  -11.863664988
    1.919862177    2.792526803   64.831527059   24.349344724   -9.514070892
    2.094395102    2.792526803   67.173469226    1.560933292   -7.593855061
    2.268928028    2.792526803   65.217859542  -23.975772948   -6.067231505
    2.443460953    2.792526803   58.952855225  -47.012012456   -4.746037798
    2.617993878    2.792526803   49.200968990  -63.375899889   -3.426291858
    2.792526803    2.792526803   37.383184766  -70.406555602   -1.977195271
    2.967059728    2.792526803   25.230074123  -67.248499715   -0.390461683
