#! FIELDS phi psi file.free der_phi der_psi
#! SET min_phi -pi
#! SET max_phi pi
#! SET nbins_phi  36
#! SET periodic_phi true
#! SET min_psi -pi
#! SET max_psi pi
#! SET nbins_psi  18
#! SET periodic_psi true
   -3.141592654   -3.141592654   19.776064451  -37.130405782    6.594864554
   -2.967059728   -3.141592654   13.621224560  -32.362133527    8.523980159
   -2.792526803   -3.141592654    8.799492006  -22.161962645   10.305417918
   -2.617993878   -3.141592654    6.038319438   -9.355961821   11.820169388
   -2.443460953   -3.141592654    5.465282495    2.307204869   13.084636530
   -2.268928028   -3.141592654    6.605777720    9.958173470   14.228959973
   -2.094395102   -3.141592654    8.660930728   12.865755518   15.406039937
   -1.919862177   -3.141592654   10.900670937   12.438422760   16.675973165
   -1.745329252   -3.141592654   12.951707544   11.119176559   17.923126221
   -1.570796327   -3.141592654   14.853713291   10.989339492   18.852267790
   -1.396263402   -3.141592654   16.908103846   12.882953679   19.079324218
   -1.221730476   -3.141592654   19.440122979   16.279383055   18.286617643
   -1.047197551   -3.141592654   22.600965741   19.818710235   16.377620423
   -0.872664626   -3.141592654   26.281684313   21.983299378   13.544140378
   -0.698131701   -3.141592654   30.142017696   21.750773595   10.209407261
   -0.523598776   -3.141592654   33.727556776   18.849975324    6.861940435
   -0.349065850   -3.141592654   36.602539328   13.755899553    3.864290593
   -0.174532925   -3.141592654   38.458497114    7.339838703    1.340597262
    0.000000000   -3.141592654   39.151222379    0.619656511   -0.816657137
    0.174532925   -3.141592654   38.716946647   -5.428284025   -2.835888954
    0.349065850   -3.141592654   37.364040166   -9.734043666   -4.889502093
    0.523598776   -3.141592654   35.487244020  -11.260894250   -6.953260210
    0.698131701   -3.141592654   33.637331647   -9.398415918   -8.773334315
    0.872664626   -3.141592654   32.395698076   -4.433108951   -9.958658107
    1.047197551   -3.141592654   32.191354785    2.177121801  -10.182966311
    1.221730476   -3.141592654   33.128266287    8.279346047   -9.369709041
    1.396263402   -3.141592654   34.942379182   12.017575730   -7.745173076
    1.570796327   -3.141592654   37.133441814   12.579242690   -5.740976431
    1.745329252   -3.141592654   39.166745878   10.343561200   -3.796575979
    1.919862177   -3.141592654   40.634077303    6.246404443   -2.193566282
    2.094395102   -3.141592654   41.280425349    1.004959946   -0.992957545
    2.268928028   -3.141592654   40.925827210   -5.248868602   -0.074293518
    2.443460953   -3.141592654   39.376176441  -12.714621594    0.776939595
    2.617993878   -3.141592654   36.423950567  -21.221334168    1.778237037
    2.792526803   -3.141592654   31.972820245  -29.629375754    3.080722183
    2.967059728   -3.141592654   26.217222684  -35.745087186    4.718279091

   -3.141592654   -2.792526803   22.817557943  -32.369087743   10.118641899
   -2.967059728   -2.792526803   17.464303034  -28.047915895   12.732339659
   -2.792526803   -2.792526803   13.316711209  -18.817548283   14.894982454
   -2.617993878   -2.792526803   11.037376679   -7.178332844   16.403772949
   -2.443460953   -2.792526803   10.753498742    3.500032727   17.280085153
   -2.268928028   -2.792526803   12.045960890   10.582973023   17.729878386
   -2.094395102   -2.792526803   14.191001501   13.323435952   18.005485027
   -1.919862177   -2.792526803   16.510291666   12.892417591   18.251163167
   -1.745329252   -2.792526803   18.630497192   11.404339858   18.416377632
   -1.570796327   -2.792526803   20.537812749   10.682356390   18.278467030
   -1.396263402   -2.792526803   22.450898482   11.496718829   17.555720950
   -1.221730476   -2.792526803   24.621147211   13.494669619   16.050020413
   -1.047197551   -2.792526803   27.172287789   15.657154068   13.756998804
   -0.872664626   -2.792526803   30.032450331   16.842224833   10.888278190
   -0.698131701   -2.792526803   32.954512708   16.263114262    7.803868478
   -0.523598776   -2.792526803   35.597822759   13.634434804    4.870734914
   -0.349065850   -2.792526803   37.614864238    9.173729592    2.321362692
   -0.174532925   -2.792526803   38.727585700    3.380079328    0.172637472
    0.000000000   -2.792526803   38.761983689   -3.026453537   -1.750351419
    0.174532925   -2.792526803   37.691764721   -9.111027609   -3.703083299
    0.349065850   -2.792526803   35.681339223  -13.563559289   -5.845970385
    0.523598776   -2.792526803   33.141900610  -14.932989489   -8.107268426
    0.698131701   -2.792526803   30.711091605  -12.247375463  -10.155925370
    0.872664626   -2.792526803   29.097208388   -5.736499394  -11.513472081
    1.047197551   -2.792526803   28.832703288    2.818206105  -11.785718084
    1.221730476   -2.792526803   30.043764629   10.709449530  -10.870742806
    1.396263402   -2.792526803   32.392485348   15.574493406   -9.018212550
    1.570796327   -2.792526803   35.240568639   16.410120293   -6.714216382
    1.745329252   -2.792526803   37.914173150   13.763400620   -4.456011053
    1.919862177   -2.792526803   39.918145340    8.962888637   -2.559252376
    2.094395102   -2.792526803   40.983812279    3.141021388   -1.081207254
    2.268928028   -2.792526803   40.979596930   -3.289877678    0.140152283
    2.443460953   -2.792526803   39.792943783  -10.436122334    1.383300683
    2.617993878   -2.792526803   37.297340667  -18.218239640    2.924592751
    2.792526803   -2.792526803   33.447515320  -25.751682847    4.935686342
    2.967059728   -2.792526803   28.435153801  -31.177998818    7.404875421

   -3.141592654   -2.443460953   26.566253614  -26.609730708   10.650737096
   -2.967059728   -2.443460953   22.172580143  -22.953985678   13.339879561
   -2.792526803   -2.443460953   18.804695447  -15.060857276   15.479724726
   -2.617993878   -2.443460953   17.042471484   -5.007013170   16.809842320
   -2.443460953   -2.443460953   17.013910075    4.328712358   17.304561549
   -2.268928028   -2.443460953   18.372060947   10.602809580   17.151486074
   -2.094395102   -2.443460953   20.487313971   13.023471901   16.621920347
   -1.919862177   -2.443460953   22.741966581   12.447722390   15.917357015
   -1.745329252   -2.443460953   24.759574919   10.614086414   15.081240306
   -1.570796327   -2.443460953   26.468343373    9.121468573   14.018585838
   -1.396263402   -2.443460953   28.011872779    8.773884041   12.594169596
   -1.221730476   -2.443460953   29.593098172    9.478890643   10.740993983
   -1.047197551   -2.443460953   31.344184377   10.576975758    8.524766249
   -0.872664626   -2.443460953   33.261679759   11.236096949    6.134812649
   -0.698131701   -2.443460953   35.205478517   10.772711567    3.820173044
   -0.523598776   -2.443460953   36.938566081    8.763273280    1.785221731
   -0.349065850   -2.443460953   38.173336286    5.077641552    0.102836405
   -0.174532925   -2.443460953   38.623415760   -0.179113501   -1.332251368
    0.000000000   -2.443460953   38.047351425   -6.552106958   -2.767955352
    0.174532925   -2.443460953   36.328422747  -13.069682352   -4.488500821
    0.349065850   -2.443460953   33.576611970  -18.065238822   -6.646439909
    0.523598776   -2.443460953   30.231896496  -19.531718593   -9.124036074
    0.698131701   -2.443460953   27.054768664  -16.015441782  -11.500754248
    0.872664626   -2.443460953   24.930972924   -7.653888772  -13.178141038
    1.047197551   -2.443460953   24.542606005    3.366597066  -13.645560250
    1.221730476   -2.443460953   26.061579489   13.606642632  -12.728602349
    1.396263402   -2.443460953   29.066423031   20.020581528  -10.676834764
    1.570796327   -2.443460953   32.746268645   21.311455386   -8.037982888
    1.745329252   -2.443460953   36.245897053   18.208922322   -5.399494788
    1.919862177   -2.443460953   38.951447182   12.532140506   -3.154687101
    2.094395102   -2.443460953   40.568945159    5.951153680   -1.401835197
    2.268928028   -2.443460953   41.022994468   -0.749092132    0.019732388
    2.443460953   -2.443460953   40.301888439   -7.543829034    1.411671931
    2.617993878   -2.443460953   38.380763359  -14.466366284    3.079817514
    2.792526803   -2.443460953   35.277966780  -20.954787805    5.216929187
    2.967059728   -2.443460953   31.180929000  -25.582120941    7.817326587

   -3.141592654   -2.094395102   29.968266691  -21.483787372    8.439229317
   -2.967059728   -2.094395102   26.418841760  -18.546157627   10.503396413
   -2.792526803   -2.094395102   23.706304687  -12.048220537   12.082746816
   -2.617993878   -2.094395102   22.322435063   -3.693942996   12.948087899
   -2.443460953   -2.094395102   22.383679930    4.106804655   13.052762863
   -2.268928028   -2.094395102   23.603045964    9.325208268   12.530170225
   -2.094395102   -2.094395102   25.440333287   11.184069998   11.602082702
   -1.919862177   -2.094395102   27.345920151   10.303758643   10.461091655
   -1.745329252   -2.094395102   28.961907966    8.131547916    9.197711616
   -1.570796327   -2.094395102   30.194974393    6.123846396    7.809494654
   -1.396263402   -2.094395102   31.161944705    5.165265921    6.267552798
   -1.221730476   -2.094395102   32.067410016    5.389736928    4.585976375
   -1.047197551   -2.094395102   33.086698748    6.355884878    2.853917092
   -0.872664626   -2.094395102   34.287951130    7.331768509    1.216926870
   -0.698131701   -2.094395102   35.604154067    7.535959819   -0.173185027
   -0.523598776   -2.094395102   36.840351737    6.307853198   -1.233562756
   -0.349065850   -2.094395102   37.700803570    3.186776762   -2.003232979
   -0.174532925   -2.094395102   37.834326081   -2.014507899   -2.672923215
    0.000000000   -2.094395102   36.895452144   -8.979598342   -3.547279464
    0.174532925   -2.094395102   34.661383706  -16.595136451   -4.941921348
    0.349065850   -2.094395102   31.189379562  -22.741386388   -7.018062404
    0.523598776   -2.094395102   26.967297639  -24.747618910   -9.633609616
    0.698131701   -2.094395102   22.916468111  -20.577704905  -12.297220742
    0.872664626   -2.094395102   20.151721055  -10.233123319  -14.299956843
    1.047197551   -2.094395102   19.555202392    3.638114721  -15.010223603
    1.221730476   -2.094395102   21.376149034   16.710531978  -14.169142897
    1.396263402   -2.094395102   25.110797879   25.077810838  -12.009630643
    1.570796327   -2.094395102   29.750231835   27.028608897   -9.128227828
    1.745329252   -2.094395102   34.220172712   23.459416501   -6.196824623
    1.919862177   -2.094395102   37.755126395   16.742188071   -3.690739830
    2.094395102   -2.094395102   40.016432460    9.170278164   -1.766033423
    2.268928028   -2.094395102   40.979230657    1.964040909   -0.294513812
    2.443460953   -2.094395102   40.734444206   -4.695751876    1.006366928
    2.617993878   -2.094395102   39.362676981  -10.954382799    2.429336095
    2.792526803   -2.094395102   36.949601903  -16.568808272    4.163854028
    2.967059728   -2.094395102   33.683933882  -20.534267884    6.226573498

   -3.141592654   -1.745329252   31.932645991  -18.586590678    5.855786802
   -2.967059728   -1.745329252   28.858998058  -16.077451744    7.166533859
   -2.792526803   -1.745329252   26.508404273  -10.431291662    8.059791679
   -2.617993878   -1.745329252   25.311029353   -3.198921899    8.357612924
   -2.443460953   -1.745329252   25.356563528    3.445871394    8.004165167
   -2.268928028   -1.745329252   26.370589228    7.670595227    7.070156729
   -2.094395102   -1.745329252   27.849612607    8.772663817    5.700796258
   -1.919862177   -1.745329252   29.283546163    7.338715251    4.051644375
   -1.745329252   -1.745329252   30.344747106    4.762571929    2.255611491
   -1.570796327   -1.745329252   30.966043819    2.515933712    0.436160937
   -1.396263402   -1.745329252   31.300327261    1.575427295   -1.266373199
   -1.221730476   -1.745329252   31.606006573    2.172662161   -2.696012979
   -1.047197551   -1.745329252   32.122880346    3.873731161   -3.719336885
   -0.872664626   -1.745329252   32.974540700    5.840261672   -4.271579276
   -0.698131701   -1.745329252   34.120030328    7.057151641   -4.376747815
   -0.523598776   -1.745329252   35.344887048    6.599109103   -4.152147298
   -0.349065850   -1.745329252   36.287708301    3.741286291   -3.788385700
   -0.174532925   -1.745329252   36.491710141   -1.881277253   -3.546273664
    0.000000000   -1.745329252   35.486450990   -9.985134690   -3.733552973
    0.174532925   -1.745329252   32.937164242  -19.250374867   -4.635832544
    0.349065850   -1.745329252   28.851085236  -27.067574064   -6.387414061
    0.523598776   -1.745329252   23.772817845  -30.056374820   -8.831872443
    0.698131701   -1.745329252   18.803382566  -25.538075333  -11.465083428
    0.872664626   -1.745329252   15.315835196  -13.321051578  -13.553680616
    1.047197551   -1.745329252   14.427569501    3.486974950  -14.422452638
    1.221730476   -1.745329252   16.494614734   19.606576665  -13.761678916
    1.396263402   -1.745329252   20.944036190   30.165296762  -11.762415228
    1.570796327   -1.745329252   26.564050240   32.938737543   -9.001001949
    1.745329252   -1.745329252   32.043363335   28.943336854   -6.150931747
    1.919862177   -1.745329252   36.442688800   21.099580004   -3.705734576
    2.094395102   -1.745329252   39.357540708   12.335361947   -1.850432370
    2.268928028   -1.745329252   40.793827860    4.308816766   -0.493428961
    2.443460953   -1.745329252   40.925300929   -2.642629177    0.605561858
    2.617993878   -1.745329252   39.920144023   -8.749044066    1.698529361
    2.792526803   -1.745329252   37.923341236  -13.995342889    2.948279084
    2.967059728   -1.745329252   35.138336066  -17.656293950    4.377906345

   -3.141592654   -1.396263402   33.012083957  -17.287131482    3.352555297
   -2.967059728   -1.396263402   30.128319442  -15.258651104    3.924143704
   -2.792526803   -1.396263402   27.858283917  -10.368601765    4.127964789
   -2.617993878   -1.396263402   26.590854420   -4.084872583    3.850477740
   -2.443460953   -1.396263402   26.393707444    1.553587287    3.060906794
   -2.268928028   -1.396263402   26.994352846    4.848660961    1.802610418
   -2.094395102   -1.396263402   27.912627079    5.208963301    0.153491598
   -1.919862177   -1.396263402   28.680119053    3.322580752   -1.798660552
   -1.745329252   -1.396263402   29.029126184    0.693753563   -3.936825396
   -1.570796327   -1.396263402   28.971660115   -1.104676221   -6.067574757
   -1.396263402   -1.396263402   28.751381394   -1.078232239   -7.907830717
   -1.221730476   -1.396263402   28.707955532    0.871578195   -9.148130133
   -1.047197551   -1.396263402   29.125526067    4.029948435   -9.571947564
   -0.872664626   -1.396263402   30.118568661    7.252444049   -9.151367146
   -0.698131701   -1.396263402   31.588525572    9.278129355   -8.057238409
   -0.523598776   -1.396263402   33.231860902    9.080156319   -6.597981429
   -0.349065850   -1.396263402   34.588190170    5.906395913   -5.120585099
   -0.174532925   -1.396263402   35.100774928   -0.604538031   -3.953410800
    0.000000000   -1.396263402   34.201824568  -10.124576010   -3.379552695
    0.174532925   -1.396263402   31.476342773  -21.162761447   -3.606306426
    0.349065850   -1.396263402   26.900922523  -30.708141801   -4.697785927
    0.523598776   -1.396263402   21.079645884  -34.768362230   -6.485481737
    0.698131701   -1.396263402   15.281805767  -30.085517904   -8.529603648
    0.872664626   -1.396263402   11.120622538  -16.274271606  -10.212944946
    1.047197551   -1.396263402    9.936111120    3.146066809  -10.968411824
    1.221730476   -1.396263402   12.189836866   22.026158758  -10.526684334
    1.396263402   -1.396263402   17.253183490   34.595733790   -9.025573532
    1.570796327   -1.396263402   23.733208158   38.147026947   -6.915771231
    1.745329252   -1.396263402   30.103760310   33.789772196   -4.728930429
    1.919862177   -1.396263402   35.265603678   24.928849136   -2.856846288
    2.094395102   -1.396263402   38.749644410   15.051861213   -1.451301494
    2.268928028   -1.396263402   40.582061419    6.197690858   -0.452044424
    2.443460953   -1.396263402   41.001061208   -1.168496395    0.311752867
    2.617993878   -1.396263402   40.242549526   -7.354692621    1.017009519
    2.792526803   -1.396263402   38.494974389  -12.528510728    1.771896682
    2.967059728   -1.396263402   35.971177439  -16.175532030    2.584496375

   -3.141592654   -1.047197551   33.006314070  -17.811545490    2.270233003
   -2.967059728   -1.047197551   29.996287968  -16.192813019    2.257599790
   -2.792526803   -1.047197551   27.525877560  -11.729197527    1.749408392
   -2.617993878   -1.047197551   25.985363484   -5.845663871    0.690933349
   -2.443460953   -1.047197551   25.449049380   -0.566102495   -0.869006218
   -2.268928028   -1.047197551   25.649753136    2.384236923   -2.819296379
   -2.094395102   -1.047197551   26.106658961    2.384567494   -5.045818306
   -1.919862177   -1.047197551   26.351235038    0.171023300   -7.447018950
   -1.745329252   -1.047197551   26.135080619   -2.575236311   -9.881052375
   -1.570796327   -1.047197551   25.528845921   -4.027721513  -12.092333558
   -1.396263402   -1.047197551   24.874183386   -3.025276036  -13.709804517
   -1.221730476   -1.047197551   24.618191816    0.452605570  -14.361156234
   -1.047197551   -1.047197551   25.114072882    5.344117390  -13.849180322
   -0.872664626   -1.047197551   26.472879803   10.056243015  -12.267316675
   -0.698131701   -1.047197551   28.520147952   12.968839107   -9.971364944
   -0.523598776   -1.047197551   30.832349170   12.932229700   -7.442585183
   -0.349065850   -1.047197551   32.825472955    9.252083484   -5.116441864
   -0.174532925   -1.047197551   33.838818226    1.709760403   -3.290602459
    0.000000000   -1.047197551   33.226311970   -9.205714267   -2.117368717
    0.174532925   -1.047197551   30.524824240  -21.816023492   -1.631997813
    0.349065850   -1.047197551   25.704085468  -32.813819843   -1.775226558
    0.523598776   -1.047197551   19.424119290  -37.798915077   -2.387071933
    0.698131701   -1.047197551   13.081529332  -33.132581411   -3.203700594
    0.872664626   -1.047197551    8.463036504  -18.316213376   -3.907622513
    1.047197551   -1.047197551    7.066748608    2.830134992   -4.228999219
    1.221730476   -1.047197551    9.429343618   23.548353004   -4.051068290
    1.396263402   -1.047197551   14.885611545   37.451111376   -3.442282806
    1.570796327   -1.047197551   21.920557545   41.506119863   -2.600228403
    1.745329252   -1.047197551   28.864143848   36.891644921   -1.741062596
    1.919862177   -1.047197551   34.510216452   27.333505606   -1.008097686
    2.094395102   -1.047197551   38.344953461   16.677008042   -0.438350109
    2.268928028   -1.047197551   40.402738912    7.190486568    0.017131797
    2.443460953   -1.047197551   40.955218842   -0.597225895    0.444057994
    2.617993878   -1.047197551   40.271396043   -7.053530491    0.912841357
    2.792526803   -1.047197551   38.557228210  -12.448009176    1.433872206
    2.967059728   -1.047197551   36.026412275  -16.362958439    1.937172050

   -3.141592654   -0.698131701   33.174188356  -18.506246740    0.617449303
   -2.967059728   -0.698131701   29.972384139  -17.721233235    0.042408896
   -2.792526803   -0.698131701   27.156185466  -14.157560363   -1.049284910
   -2.617993878   -0.698131701   25.120908613   -9.052709674   -2.669037376
   -2.443460953   -0.698131701   23.973884374   -4.314941010   -4.730139440
   -2.268928028   -0.698131701   23.489739459   -1.684803251   -7.095986174
   -2.094395102   -0.698131701   23.218960728   -1.867143488   -9.631509676
   -1.919862177   -0.698131701   22.714743372   -4.124748858  -12.203984212
   -1.745329252   -0.698131701   21.766795301   -6.585464197  -14.620457590
   -1.570796327   -0.698131701   20.529427551   -7.123497561  -16.564134464
   -1.396263402   -0.698131701   19.471766131   -4.420610849  -17.622835950
   -1.221730476   -0.698131701   19.166452059    1.342124621  -17.439538549
   -1.047197551   -0.698131701   20.024206832    8.552042586  -15.907497918
   -0.872664626   -0.698131701   22.105835885   14.990656678  -13.269535230
   -0.698131701   -0.698131701   25.094361961   18.641160810  -10.041187522
   -0.523598776   -0.698131701   28.387724725   18.356564568   -6.809598279
   -0.349065850   -0.698131701   31.253155045   13.741174702   -4.015615937
   -0.174532925   -0.698131701   32.944863049    4.969111150   -1.847210595
    0.000000000   -0.698131701   32.794077632   -7.155392340   -0.262416071
    0.174532925   -0.698131701   30.358028299  -20.784973259    0.918324996
    0.349065850   -0.698131701   25.647317126  -32.538631761    1.888461866
    0.523598776   -0.698131701   19.371498535  -37.981374153    2.765087457
    0.698131701   -0.698131701   12.980070544  -33.472356703    3.549288346
    0.872664626   -0.698131701    8.308087295  -18.566465633    4.139089572
    1.047197551   -0.698131701    6.886840263    2.796503625    4.397731424
    1.221730476   -0.698131701    9.262739968   23.720397440    4.238747041
    1.396263402   -0.698131701   14.759936935   37.726508272    3.689633839
    1.570796327   -0.698131701   21.843769423   41.775479325    2.890669417
    1.745329252   -0.698131701   28.829434056   37.100703641    2.038280981
    1.919862177   -0.698131701   34.507106330   27.493273695    1.305732026
    2.094395102   -0.698131701   38.368959356   16.839145985    0.793338304
    2.268928028   -0.698131701   40.459360802    7.411076741    0.524225056
    2.443460953   -0.698131701   41.057545819   -0.292765877    0.468092293
    2.617993878   -0.698131701   40.431609643   -6.709427661    0.562402828
    2.792526803   -0.698131701   38.771686095  -12.200485052    0.712491281
    2.967059728   -0.698131701   36.259030749  -16.450015912    0.786252779

   -3.141592654   -0.349065850   33.095288928  -19.692828504   -0.437391373
   -2.967059728   -0.349065850   29.607252491  -19.834717561   -1.310327512
   -2.792526803   -0.349065850   26.335640889  -17.253151444   -2.672485339
   -2.617993878   -0.349065850   23.684092414  -12.979633332   -4.513468818
   -2.443460953   -0.349065850   21.799053840   -8.794550277   -6.734375761
   -2.268928028   -0.349065850   20.506141191   -6.428737722   -9.190368734
   -2.094395102   -0.349065850   19.402531525   -6.626119464  -11.726976713
   -1.919862177   -0.349065850   18.086901419   -8.601820748  -14.172312391
   -1.745329252   -0.349065850   16.416369036  -10.283952489  -16.284073684
   -1.570796327   -0.349065850   14.653460157   -9.314255441  -17.715202438
   -1.396263402   -0.349065850   13.400725463   -4.359680863  -18.074847448
   -1.221730476   -0.349065850   13.334165920    4.028310942  -17.092758127
   -1.047197551   -0.349065850   14.873892934   13.571832090  -14.795725402
   -0.872664626   -0.349065850   17.971167505   21.418077875  -11.562195048
   -0.698131701   -0.349065850   22.117285751   25.277578508   -7.995916180
   -0.523598776   -0.349065850   26.511705213   24.205816595   -4.686283841
   -0.349065850   -0.349065850   30.290316710   18.324609636   -1.982024973
   -0.174532925   -0.349065850   32.674395533    8.365037570    0.098860203
    0.000000000   -0.349065850   33.045012980   -4.486471412    1.810292823
    0.174532925   -0.349065850   31.051728808  -18.299602741    3.526368955
    0.349065850   -0.349065850   26.787259360  -29.883538276    5.534235194
    0.523598776   -0.349065850   20.992105254  -35.173593888    7.862337920
    0.698131701   -0.349065850   15.077601830  -30.921465562   10.212005531
    0.872664626   -0.349065850   10.784324779  -16.893556609   12.042980198
    1.047197551   -0.349065850    9.538533553    3.066488255   12.816030608
    1.221730476   -0.349065850   11.825561472   22.449694865   12.262091747
    1.396263402   -0.349065850   16.988241201   35.255154333   10.527751055
    1.570796327   -0.349065850   23.583111551   38.766135304    8.102641409
    1.745329252   -0.349065850   30.047716819   34.240261540    5.589752733
    1.919862177   -0.349065850   35.275059877   25.245773355    3.461810150
    2.094395102   -0.349065850   38.811441212   15.361250721    1.940145400
    2.268928028   -0.349065850   40.706268456    6.622259674    1.015036870
    2.443460953   -0.349065850   41.212469067   -0.595347401    0.544312961
    2.617993878   -0.349065850   40.557890861   -6.779669837    0.344447187
    2.792526803   -0.349065850   38.885425800  -12.321344785    0.231483124
    2.967059728   -0.349065850   36.323081805  -16.942093706    0.026935946

   -3.141592654    0.000000000   33.002111000  -20.794311962   -1.350795971
   -2.967059728    0.000000000   29.247401931  -21.810148186   -2.280528419
   -2.792526803    0.000000000   25.546460121  -20.195759589   -3.557269858
   -2.617993878    0.000000000   22.303172352  -16.786653835   -5.164349713
   -2.443460953    0.000000000   19.695761791  -13.215828665   -7.030866878
   -2.268928028    0.000000000   17.600717836  -11.142657587   -9.054601357
   -2.094395102    0.000000000   15.674702429  -11.271759896  -11.109355892
   -1.919862177    0.000000000   13.585858716  -12.729556229  -13.024800893
   -1.745329252    0.000000000   11.283201330  -13.284551852  -14.551246466
   -1.570796327    0.000000000    9.147478603  -10.466704733  -15.361425888
   -1.396263402    0.000000000    7.900141236   -3.077247164  -15.134226396
   -1.221730476    0.000000000    8.282780360    7.855729729  -13.706018733
   -1.047197551    0.000000000   10.676590860   19.381810430  -11.203466831
   -0.872664626    0.000000000   14.882645658   28.102729816   -8.051921273
   -0.698131701    0.000000000   20.182499488   31.624385598   -4.828755652
   -0.523598776    0.000000000   25.590622449   29.387044931   -2.029067041
   -0.349065850    0.000000000   30.155128418   22.180516645    0.133987197
   -0.174532925    0.000000000   33.128615543   11.378913790    1.790774958
    0.000000000    0.000000000   34.013482958   -1.457843480    3.333381917
    0.174532925    0.000000000   32.611071723  -14.454197388    5.234810778
    0.349065850    0.000000000   29.118360890  -24.895229533    7.803885096
    0.523598776    0.000000000   24.268413218  -29.478143113   10.976615563
    0.698131701    0.000000000   19.329306124  -25.690668504   14.241281076
    0.872664626    0.000000000   15.801647597  -13.594283676   16.776729355
    1.047197551    0.000000000   14.878392508    3.344580722   17.803729097
    1.221730476    0.000000000   16.930695794   19.547724929   16.959908841
    1.396263402    0.000000000   21.365074990   30.020855964   14.481479644
    1.570796327    0.000000000   26.945438007   32.628130421   11.076475790
    1.745329252    0.000000000   32.362100179   28.561974393    7.586359320
    1.919862177    0.000000000   36.704046670   20.863963895    4.648038928
    2.094395102    0.000000000   39.607712645   12.484246048    2.538046995
    2.268928028    0.000000000   41.117011737    5.022645976    1.213818638
    2.443460953    0.000000000   41.426224510   -1.322751519    0.460298202
    2.617993878    0.000000000   40.690153729   -7.051984713    0.025251887
    2.792526803    0.000000000   38.981795607  -12.516216400   -0.312322422
    2.967059728    0.000000000   36.364019715  -17.417494499   -0.728292497

   -3.141592654    0.349065850   32.576319538  -22.012410844   -2.245424193
   -2.967059728    0.349065850   28.565264137  -23.531859452   -3.037241152
   -2.792526803    0.349065850   24.516853277  -22.450861044   -3.934929641
   -2.617993878    0.349065850   20.838080185  -19.504229603   -4.935393614
   -2.443460953    0.349065850   17.725768840  -16.257543561   -6.033888154
   -2.268928028    0.349065850   15.084317891  -14.329322716   -7.215539999
   -2.094395102    0.349065850   12.605677430  -14.373183083   -8.429738209
   -1.919862177    0.349065850   10.006195956  -15.412115110   -9.560502427
   -1.745329252    0.349065850    7.305722238  -15.070054059  -10.410706643
   -1.570796327    0.349065850    4.977387243  -10.798246322  -10.728780066
   -1.396263402    0.349065850    3.832267124   -1.528856662  -10.289294182
   -1.221730476    0.349065850    4.655421259   11.315543854   -9.002587060
   -1.047197551    0.349065850    7.787780647   24.258878633   -6.995357016
   -0.872664626    0.349065850   12.904586939   33.490055012   -4.598107408
   -0.698131701    0.349065850   19.118989736   36.570644431   -2.230132483
   -0.523598776    0.349065850   25.304438571   33.294038618   -0.222128394
   -0.349065850    0.349065850   30.455623166   25.048110627    1.332181888
   -0.174532925    0.349065850   33.878880045   13.797980379    2.619311381
    0.000000000    0.349065850   35.214119535    1.445661286    4.037180239
    0.174532925    0.349065850   34.425208691  -10.222534099    6.023484555
    0.349065850    0.349065850   31.813920606  -19.054971641    8.819209714
    0.523598776    0.349065850   28.085795080  -22.652878826   12.264018764
    0.698131701    0.349065850   24.320356131  -19.375996689   15.738791010
    0.872664626    0.349065850   21.717047264   -9.612150016   18.335411872
    1.047197551    0.349065850   21.181950373    3.673022584   19.242359517
    1.221730476    0.349065850   22.950870165   16.056332289   18.132934547
    1.396263402    0.349065850   26.512236912   23.765378327   15.322404451
    1.570796327    0.349065850   30.883889772   25.335890439   11.602807406
    1.745329252    0.349065850   35.058492319   21.845510296    7.866364431
    1.919862177    0.349065850   38.353552581   15.677800872    4.756507890
    2.094395102    0.349065850   40.504332250    9.023700683    2.523265040
    2.268928028    0.349065850   41.539281403    2.970671384    1.083879021
    2.443460953    0.349065850   41.576605302   -2.471173048    0.188175675
    2.617993878    0.349065850   40.683793421   -7.768682300   -0.430569637
    2.792526803    0.349065850   38.860734299  -13.159218275   -0.975073057
    2.967059728    0.349065850   36.115377365  -18.244948737   -1.564994746

   -3.141592654    0.698131701   32.080922986  -22.911445956   -3.411487125
   -2.967059728    0.698131701   27.902035169  -24.549558507   -4.153940396
   -2.792526803    0.698131701   23.663822483  -23.611719570   -4.714602641
   -2.617993878    0.698131701   19.767791292  -20.840032711   -5.074560332
   -2.443460953    0.698131701   16.404810567  -17.797340915   -5.289560407
   -2.268928028    0.698131701   13.477442371  -16.056478653   -5.456451902
   -2.094395102    0.698131701   10.688519576  -16.171971267   -5.648983439
   -1.919862177    0.698131701    7.786136892  -17.030400764   -5.863208826
   -1.745329252    0.698131701    4.845775954  -16.131067710   -6.003677982
   -1.570796327    0.698131701    2.411128914  -10.892434442   -5.921084503
   -1.396263402    0.698131701    1.356247636   -0.373244819   -5.481108220
   -1.221730476    0.698131701    2.492752673   13.719984044   -4.630405778
   -1.047197551    0.698131701    6.131308561   27.569338301   -3.431234551
   -0.872664626    0.698131701   11.862838958   37.110114737   -2.048178787
   -0.698131701    0.698131701   18.691512881   39.899056969   -0.690374269
   -0.523598776    0.698131701   25.404485625   35.988815372    0.484112530
   -0.349065850    0.698131701   30.974393798   27.205971722    1.456197064
   -0.174532925    0.698131701   34.764488910   15.960972495    2.386108749
    0.000000000    0.698131701   36.534167444    4.392376271    3.583896632
    0.174532925    0.698131701   36.377592514   -5.853184010    5.382270662
    0.349065850    0.698131701   34.664587817  -13.191244654    7.943058515
    0.523598776    0.698131701   32.040783303  -16.065065044   11.076480121
    0.698131701    0.698131701   29.381558400  -13.584724402   14.195527714
    0.872664626    0.698131701   27.593944345   -6.318834322   16.474283822
    1.047197551    0.698131701   27.327752931    3.363287965   17.198691106
    1.221730476    0.698131701   28.721556229   12.176713928   16.109748810
    1.396263402    0.698131701   31.371348125   17.458508371   13.524058076
    1.570796327    0.698131701   34.551537745   18.273695603   10.170147088
    1.745329252    0.698131701   37.538665431   15.497902031    6.840189023
    1.919862177    0.698131701   39.852258185   10.850926324    4.084202550
    2.094395102    0.698131701   41.304492458    5.815258372    2.091646012
    2.268928028    0.698131701   41.896708907    1.026690680    0.754958057
    2.443460953    0.698131701   41.668924485   -3.644920736   -0.176304888
    2.617993878    0.698131701   40.606554208   -8.594824653   -0.952076286
    2.792526803    0.698131701   38.648478156  -13.903984301   -1.735561345
    2.967059728    0.698131701   35.767893039  -19.036514203   -2.574710770

   -3.141592654    1.047197551   30.765653406  -24.411160533   -5.563398371
   -2.967059728    1.047197551   26.367742617  -25.517074490   -6.492787909
   -2.792526803    1.047197551   22.016909939  -23.932701951   -6.906144420
   -2.617993878    1.047197551   18.114895261  -20.625424332   -6.747070546
   -2.443460953    1.047197551   14.815969196  -17.332776094   -6.128133830
   -2.268928028    1.047197551   11.969095272  -15.639408497   -5.269127146
   -2.094395102    1.047197551    9.236814494  -15.945877898   -4.384980603
   -1.919862177    1.047197551    6.361143641  -16.922014621   -3.598181182
   -1.745329252    1.047197551    3.445091062  -15.918826298   -2.925108219
   -1.570796327    1.047197551    1.073852864  -10.346173900   -2.327127365
   -1.396263402    1.047197551    0.153537379    0.630934438   -1.769557006
   -1.221730476    1.047197551    1.504877364   15.160591160   -1.242211733
   -1.047197551    1.047197551    5.423712378   29.306480611   -0.745492130
   -0.872664626    1.047197551   11.469366689   38.928332182   -0.274361987
   -0.698131701    1.047197551   18.607622624   41.596332888    0.178341683
   -0.523598776    1.047197551   25.598011757   37.469572420    0.628899059
   -0.349065850    1.047197551   31.414271980   28.587975041    1.123134834
   -0.174532925    1.047197551   35.462388828   17.616207382    1.773157776
    0.000000000    1.047197551   37.582535144    6.841804464    2.766890173
    0.174532925    1.047197551   37.955235454   -2.198263317    4.299032667
    0.349065850    1.047197551   36.988245945   -8.360471318    6.436448690
    0.523598776    1.047197551   35.265063491  -10.746397759    8.981632506
    0.698131701    1.047197551   33.487636921   -9.037442052   11.443729869
    0.872664626    1.047197551   32.326088400   -3.894046446   13.170662679
    1.047197551    1.047197551   32.232054583    2.848624417   13.626690553
    1.221730476    1.047197551   33.281060897    8.841181585   12.651400846
    1.396263402    1.047197551   35.169731052   12.287694913   10.530728978
    1.570796327    1.047197551   37.385283861   12.614535185    7.852936273
    1.745329252    1.047197551   39.427336186   10.472847958    5.227664593
    1.919862177    1.047197551   40.963878245    7.011866157    3.054370525
    2.094395102    1.047197551   41.850828126    3.134553753    1.438359656
    2.268928028    1.047197551   42.049887524   -0.876103788    0.247834512
    2.443460953    1.047197551   41.523666006   -5.233019431   -0.758842509
    2.617993878    1.047197551   40.185156171  -10.208457055   -1.805509954
    2.792526803    1.047197551   37.932884510  -15.651972047   -3.006310470
    2.967059728    1.047197551   34.741484514  -20.790984250   -4.320956965

   -3.141592654    1.396263402   28.195318979  -27.512153259   -7.494357411
   -2.967059728    1.396263402   23.349252431  -27.438651673   -8.701532221
   -2.792526803    1.396263402   18.803864217  -24.194955657   -9.157341052
   -2.617993878    1.396263402   15.005215582  -19.221271862   -8.750452306
   -2.443460953    1.396263402   12.066188510  -14.716598472   -7.597870461
   -2.268928028    1.396263402    9.732957120  -12.482525113   -5.974294164
   -2.094395102    1.396263402    7.554620996  -12.833384368   -4.177809196
   -1.919862177    1.396263402    5.192097951  -14.188806650   -2.426891128
   -1.745329252    1.396263402    2.709987771  -13.690138008   -0.847067276
   -1.570796327    1.396263402    0.679959894   -8.672631242    0.474844490
   -1.396263402    1.396263402    0.000000000    1.706334501    1.449331591
   -1.221730476    1.396263402    1.487171321   15.651289660    2.007590272
   -1.047197551    1.396263402    5.450431251   29.357292590    2.160500770
   -0.872664626    1.396263402   11.485048993   38.789133024    2.023720066
   -0.698131701    1.396263402   18.602689586   41.533342121    1.770237111
   -0.523598776    1.396263402   25.603059131   37.667840289    1.567854385
   -0.349065850    1.396263402   31.485785259   29.166355648    1.537099878
   -0.174532925    1.396263402   35.676700932   18.699351620    1.779909627
    0.000000000    1.396263402   38.040702724    8.578388989    2.412696579
    0.174532925    1.396263402   38.781018274    0.274519057    3.545349996
    0.349065850    1.396263402   38.301755983   -5.302548531    5.193726491
    0.523598776    1.396263402   37.129647300   -7.598918983    7.177202602
    0.698131701    1.396263402   35.854374190   -6.565107646    9.094187934
    0.872664626    1.396263402   35.010406189   -2.826555914   10.427418637
    1.047197551    1.396263402   34.951084152    2.169076848   10.760009185
    1.221730476    1.396263402   35.741079231    6.630329619    9.974065794
    1.396263402    1.396263402   37.156615651    9.210092932    8.298461446
    1.570796327    1.396263402   38.815970018    9.438979478    6.190582653
    1.745329252    1.396263402   40.337541462    7.746705785    4.115757559
    1.919862177    1.396263402   41.452236476    4.899501095    2.368460106
    2.094395102    1.396263402   42.012371920    1.448726173    1.005221262
    2.268928028    1.396263402   41.926757342   -2.525646927   -0.112630893
    2.443460953    1.396263402   41.084848475   -7.262879627   -1.216043793
    2.617993878    1.396263402   39.337333587  -12.887708634   -2.512171723
    2.792526803    1.396263402   36.559502669  -18.956095640   -4.085584819
    2.967059728    1.396263402   32.761718381  -24.329759762   -5.838114330

   -3.141592654    1.745329252   25.116429853  -31.109431129   -8.983110263
   -2.967059728    1.745329252   19.756407811  -29.598831652  -10.575115027
   -2.792526803    1.745329252   15.003884618  -24.352137578  -11.265766708
   -2.617993878    1.745329252   11.360317043  -17.324993468  -10.840131184
   -2.443460953    1.745329252    8.901673312  -11.213199464   -9.359499352
   -2.268928028    1.745329252    7.269928605   -8.067374514   -7.107229046
   -2.094395102    1.745329252    5.892979773   -8.160456260   -4.447142667
   -1.919862177    1.745329252    4.332694631   -9.734147791   -1.699720267
   -1.745329252    1.745329252    2.582972367   -9.807780822    0.887033762
   -1.570796327    1.745329252    1.156059837   -5.700354018    3.091022102
   -1.396263402    1.745329252    0.892611646    3.466875645    4.686934809
   -1.221730476    1.745329252    2.571530859   16.093372815    5.498609551
   -1.047197551    1.745329252    6.511213750   28.706699004    5.497245652
   -0.872664626    1.745329252   12.373241467   37.550000502    4.850939348
   -0.698131701    1.745329252   19.265708118   40.275561314    3.862960822
   -0.523598776    1.745329252   26.076158496   36.790826189    2.858931631
   -0.349065850    1.745329252   31.853852181   28.850588815    2.078392094
   -0.174532925    1.745329252   36.041831449   18.984202537    1.662978050
    0.000000000    1.745329252   38.507931001    9.463959574    1.684089913
    0.174532925    1.745329252   39.453952181    1.731643266    2.162924463
    0.349065850    1.745329252   39.270141509   -3.417083955    3.047419733
    0.523598776    1.745329252   38.441235469   -5.621934989    4.172851029
    0.698131701    1.745329252   37.483184223   -4.989101447    5.257716339
    0.872664626    1.745329252   36.843903065   -2.118407445    5.977436660
    1.047197551    1.745329252   36.813294885    1.781714062    6.093958157
    1.221730476    1.745329252   37.445774730    5.257022803    5.564171200
    1.396263402    1.745329252   38.562134199    7.233489009    4.548893616
    1.570796327    1.745329252   39.857287610    7.315535746    3.324584702
    1.745329252    1.745329252   41.020755847    5.805710089    2.144833704
    1.919862177    1.745329252   41.820912696    3.229914116    1.141545641
    2.094395102    1.745329252   42.102966290   -0.112998094    0.293081248
    2.268928028    1.745329252   41.730566381   -4.314455722   -0.545032368
    2.443460953    1.745329252   40.529197176   -9.648343980   -1.574785991
    2.617993878    1.745329252   38.294918534  -16.094162098   -2.970957641
    2.792526803    1.745329252   34.889138149  -22.891278793   -4.791554426
    2.967059728    1.745329252   30.373656183  -28.500181609   -6.906647606

   -3.141592654    2.094395102   21.888917833  -35.235721548   -7.995998806
   -2.967059728    2.094395102   15.915423878  -32.346656945   -9.364300684
   -2.792526803    2.094395102   10.861121649  -24.973556031   -9.870905735
   -2.617993878    2.094395102    7.316427149  -15.581774068   -9.283906173
   -2.443460953    2.094395102    5.347501788   -7.440730325   -7.609347946
   -2.268928028    2.094395102    4.501202580   -2.970747440   -5.053588150
   -2.094395102    2.094395102    4.073005390   -2.503903272   -1.916686549
   -1.919862177    2.094395102    3.502136168   -4.143174843    1.492004290
   -1.745329252    2.094395102    2.686204141   -4.774858424    4.857174071
   -1.570796327    2.094395102    2.055815719   -1.681308647    7.813387562
   -1.396263402    2.094395102    2.374096130    6.053674631    9.951289405
   -1.221730476    2.094395102    4.360724559   17.018132037   10.930034086
   -1.047197551    2.094395102    8.323471412   28.097640075   10.638357112
   -0.872664626    2.094395102   13.979212497   35.890454870    9.280453994
   -0.698131701    2.094395102   20.538895881   38.229679268    7.302020804
   -0.523598776    2.094395102   27.002869152   34.938251905    5.215462018
   -0.349065850    2.094395102   32.503025310   27.559266395    3.410637795
   -0.174532925    2.094395102   36.526037841   18.393920638    2.083403199
    0.000000000    2.094395102   38.949662922    9.555625991    1.253797625
    0.174532925    2.094395102   39.962958922    2.377844040    0.834183256
    0.349065850    2.094395102   39.924954523   -2.440626097    0.690645391
    0.523598776    2.094395102   39.272604054   -4.630915647    0.685148027
    0.698131701    2.094395102   38.463286979   -4.322284869    0.697085400
    0.872664626    2.094395102   37.892619397   -2.019879219    0.649854336
    1.047197551    2.094395102   37.824290207    1.262968939    0.523371616
    1.221730476    2.094395102   38.322413133    4.275199796    0.349006490
    1.396263402    2.094395102   39.245712499    6.050959291    0.177838719
    1.570796327    2.094395102   40.334599642    6.167625240    0.044892985
    1.745329252    2.094395102   41.309497584    4.800071043   -0.055184752
    1.919862177    2.094395102   41.943585015    2.310724826   -0.169549193
    2.094395102    2.094395102   42.058527519   -1.153954617   -0.380623569
    2.268928028    2.094395102   41.471691187   -5.788286859   -0.797889215
    2.443460953    2.094395102   39.950853226  -11.884656888   -1.542312010
    2.617993878    2.094395102   37.242811618  -19.301887623   -2.707632030
    2.792526803    2.094395102   33.194742879  -26.997397825   -4.298287764
    2.967059728    2.094395102   27.915234645  -33.031234982   -6.167058616

   -3.141592654    2.443460953   19.445993865  -38.291365552   -4.682993652
   -2.967059728    2.443460953   13.029736309  -34.235020259   -5.361871972
   -2.792526803    2.443460953    7.798150910  -25.032572089   -5.404104643
   -2.617993878    2.443460953    4.427017860  -13.524643353   -4.619484677
   -2.443460953    2.443460953    2.993026376   -3.428016696   -2.965852023
   -2.268928028    2.443460953    2.983716009    2.510124266   -0.536047250
   -2.094395102    2.443460953    3.595637097    3.829083911    2.492629566
   -1.919862177    2.443460953    4.158661831    2.411210526    5.887059849
   -1.745329252    2.443460953    4.457962441    1.331958207    9.333266022
   -1.570796327    2.443460953    4.800049804    3.225574200   12.399328974
   -1.396263402    2.443460953    5.815231761    9.023385354   14.572380444
   -1.221730476    2.443460953    8.114290394   17.589216719   15.408768989
   -1.047197551    2.443460953   11.968237742   26.339925932   14.731160000
   -0.872664626    2.443460953   17.156740601   32.430488881   12.739307862
   -0.698131701    2.443460953   23.032531226   34.015927612    9.943039460
   -0.523598776    2.443460953   28.762312778   30.857928607    6.959650881
   -0.349065850    2.443460953   33.606397362   24.176932988    4.276684169
   -0.174532925    2.443460953   37.114253174   15.871482280    2.130023163
    0.000000000    2.443460953   39.163968680    7.756587546    0.506128209
    0.174532925    2.443460953   39.908002884    1.045057210   -0.757672480
    0.349065850    2.443460953   39.661265138   -3.527025397   -1.842287636
    0.523598776    2.443460953   38.832150325   -5.571671864   -2.840252723
    0.698131701    2.443460953   37.872691368   -5.077282561   -3.719327558
    0.872664626    2.443460953   37.194500547   -2.465687918   -4.344881639
    1.047197551    2.443460953   37.083766276    1.240695638   -4.568548135
    1.221730476    2.443460953   37.616740336    4.690140949   -4.323945425
    1.396263402    2.443460953   38.642484482    6.781604339   -3.677216728
    1.570796327    2.443460953   39.870967066    6.998654945   -2.809581417
    1.745329252    2.443460953   40.982333056    5.498537000   -1.940976616
    1.919862177    2.443460953   41.712161756    2.681890427   -1.251941155
    2.094395102    2.443460953   41.851850927   -1.266426685   -0.848746312
    2.268928028    2.443460953   41.192561324   -6.531839090   -0.776588216
    2.443460953    2.443460953   39.476308457  -13.401648777   -1.050253751
    2.617993878    2.443460953   36.429878193  -21.662421807   -1.665288244
    2.792526803    2.443460953   31.902720890  -30.087430194   -2.575736401
    2.967059728    2.443460953   26.047680704  -36.444656478   -3.656747468

   -3.141592654    2.792526803   18.587497690  -39.173109910    0.525964860
   -2.967059728    2.792526803   12.067530697  -34.481213616    1.053351372
   -2.792526803    2.792526803    6.874464383  -24.296287083    1.891562229
   -2.617993878    2.792526803    3.735263913  -11.577845363    3.109419964
   -2.443460953    2.792526803    2.753106327   -0.197915198    4.746927644
   -2.268928028    2.792526803    3.415144001    6.949448521    6.807237374
   -2.094395102    2.792526803    4.892853315    9.261550991    9.244110163
   -1.919862177    2.792526803    6.462826554    8.428932864   11.930147175
   -1.745329252    2.792526803    7.816251822    7.255553698   14.609974434
   -1.570796327    2.792526803    9.116603485    8.111284616   16.880989309
   -1.396263402    2.792526803   10.819775223   11.867444330   18.258045110
   -1.221730476    2.792526803   13.382299134   17.694227002   18.332106603
   -1.047197551    2.792526803   17.006035615   23.649597455   16.956695348
   -0.872664626    2.792526803   21.524321571   27.598950976   14.344584151
   -0.698131701    2.792526803   26.449102026   28.150914336   11.004022397
   -0.523598776    2.792526803   31.147582708   25.062339462    7.540033927
   -0.349065850    2.792526803   35.042959159   19.176064518    4.423096480
   -0.174532925    2.792526803   37.764974586   11.860499365    1.855331648
    0.000000000    2.792526803   39.186720673    4.514819848   -0.228125884
    0.174532925    2.792526803   39.405286184   -1.793258194   -2.045291608
    0.349065850    2.792526803   38.679114578   -6.195525005   -3.795314194
    0.523598776    2.792526803   37.400101191   -8.020061664   -5.517402684
    0.698131701    2.792526803   36.054354807   -6.974182771   -7.047288878
    0.872664626    2.792526803   35.123253506   -3.390555283   -8.082128585
    1.047197551    2.792526803   34.956589469    1.549275506   -8.346583058
    1.221730476    2.792526803   35.648182873    6.160623014   -7.754518147
    1.396263402    2.792526803   37.003932011    9.005513051   -6.470602917
    1.570796327    2.792526803   38.645319685    9.411658984   -4.843744412
    1.745329252    2.792526803   40.156699493    7.602721108   -3.249977877
    1.919862177    2.792526803   41.204060151    4.188187148   -1.953604287
    2.094395102    2.792526803   41.547861214   -0.433383270   -1.052111469
    2.268928028    2.792526803   40.978472194   -6.321910967   -0.507799933
    2.443460953    2.792526803   39.250864974  -13.727270959   -0.215796058
    2.617993878    2.792526803   36.108103320  -22.423770748   -0.061857839
    2.792526803    2.792526803   31.419763246  -31.148702912    0.055260171
    2.967059728    2.792526803   25.369654548  -37.578927438    0.222800326
